,bus_i,l_ren,c_vec,county,carb_inten_no_renew,pd,kV,carb_inten_inc_all,Type,Import,Lat,Lon
0,1,25.866221461930195,0.5462538816322804,Alameda County,0.22156583921542916,27.6313952,115,0.014154269004717956,'Substation',' ',37.77243572,-122.2429162
1,2,4.456748850238132,0.4636240057827262,Alameda County,0.25471281272962915,5.94905672,66,0.06389415210779946,'Substation',' ',37.77848161,-121.6259513
2,3,-1.918243806511469,0.5959520120902848,Alameda County,0.3274131868886373,0.0,66,0.0,'Substation',' ',37.7483765,-121.6772083
3,4,9.21344443826062,0.6026696682193273,Alameda County,0.23547747933104107,11.123241,230,0.040430130066720506,'Substation',' ',37.69128098,-122.0612774
4,5,55.04743630116532,0.3482871852915412,Alameda County,0.17412612397253027,56.5858706,115,0.004734072279917881,'Substation',' ',37.59578193,-122.0174353
5,6,-1.415030493700438,0.18150771727429396,Trinity County,0.11071776986156294,0.0,66,0.0,'Substation',' ',40.09403073,-123.5091868
6,7,61.574967964766046,0.59158224519654,Alameda County,0.22127034018004105,63.4884054,115,0.00666872871573873,'Substation',' ',37.55699202,-122.05794
7,8,30.28263534313446,0.5769854111554574,Alameda County,0.2158139519395242,32.0870642,115,0.012136383689283442,'Substation',' ',37.73868954,-122.1937991
8,9,2.322544359279891,0.37138871769123,Alameda County,0.1856757314931643,3.96302143,115,0.07685973580610178,'Substation',' ',37.49369132,-121.9394285
9,10,9.399113690962661,0.9952457238996207,Alameda County,0.26650708670291723,12.1629779,115,0.060559955337335915,'Substation',' ',37.67126804,-122.1595387
10,11,1.4053770273299309,0.47383978539052707,Alameda County,0.22364925618545772,3.06866722,115,0.1212231850970232,'Substation',' ',37.876174,-122.245764
11,12,1.2193157657305835,0.3713936289085845,Alameda County,0.18567818685551485,2.85981453,66,0.10651209471554712,'Substation',' ',37.66794608,-121.8318768
12,13,15.158532901555134,0.4476964189650753,Alameda County,0.22382575484514633,17.136072,115,0.02582996741874171,'Substation',' ',37.59531056,-122.0174915
13,14,17.066206950581222,0.5262818230515537,Alameda County,0.20957917798051937,18.7989401,66,0.019317301251190425,'Substation',' ',37.70853376,-121.9070045
14,15,10.574931089751196,0.46806830045504666,Alameda County,0.2344855928185145,12.1825582,66,0.030943040844886447,'Substation',' ',37.68002781,-121.7805048
15,16,9.40923451384027,0.4413979762243686,Alameda County,0.2210582471271938,10.9896182,66,0.031789716539095354,'Substation',' ',37.71164362,-121.8938504
16,17,21.104543605876323,0.4413981180976748,Alameda County,0.2210583181793192,22.6849278,66,0.015400404846347311,'Substation',' ',37.67255501,-121.859528
17,18,-1.9182438065114686,0.5959520120902846,Alameda County,0.32741318688863724,0.0,230,0.0,'Substation',' ',37.79905699,-121.6199438
18,19,20.802059556587263,0.6894737430245653,Alameda County,0.2796571953571516,23.0300363,115,0.02705465676507709,'Substation',' ',37.71062477,-122.1481883
19,20,33.310097640607594,0.726990744082048,Alameda County,0.23632226144453156,35.4662925,115,0.014367355857302744,'Substation',' ',37.76299826,-122.2144948
20,21,3.9842495874270476,0.8733051665881183,Alameda County,0.2891718155676956,6.24058474,115,0.10455246740207459,'Substation',' ',37.58690266,-121.869684
21,22,2.03603413729241,0.6049242295118624,Alameda County,0.21671107043433102,4.05268094,115,0.10783718081264326,'Substation',' ',37.60924399,-121.842671
22,23,-1.9182273750317396,0.5959469072264645,Alameda County,0.32741038230085484,0.0,66,0.0,'Substation',' ',37.71111924,-121.7158749
23,24,1.9667896721203708,0.453478033799735,Alameda County,0.22671627228011504,3.96986699,66,0.1143943169235805,'Substation',' ',37.66968929,-121.8544376
24,25,0.3909905976264616,0.4554192922341143,Amador County,0.1977191930361222,2.15974497,66,0.16192499209052855,'Substation',' ',38.408767,-120.822098
25,26,0.8526928122062953,0.4554133715842848,Amador County,0.19771662260020412,2.62142419,66,0.1334036649384764,'Substation',' ',38.34219061,-120.9349804
26,27,0.79890132653914,0.45541913802593675,Amador County,0.1977191260870119,2.5676551,66,0.13620071105024417,'Substation',' ',38.37390104,-120.9575497
27,28,0.0,0.0,Amador County,0.0,0.0,66,0.0,'Substation',' ',38.27717343,-120.9138995
28,29,2.2138359279055884,0.45541880294979725,Amador County,0.19771898061450982,3.9825884,66,0.0878112173836245,'Substation',' ',38.36910799,-120.796754
29,30,0.4640020928527797,0.4554192651404171,Amador County,0.19771918127345853,2.23275636,66,0.15663000757247178,'Substation',' ',38.36863575,-120.8054803
30,31,-0.5081982599996397,0.45540672401259064,Amador County,0.19771373657290262,1.2605073,66,0.27742591031785135,'Substation',' ',38.48076425,-120.8449436
31,32,-2.2735925815795666,0.5854051531995464,Amador County,0.25415224269924236,0.0,115,0.0,'Substation',' ',38.4984199,-120.2184202
32,33,0.6446164772868963,0.455419897400099,Amador County,0.19771945576748245,2.4133732,66,0.14490822082548638,'Substation',' ',38.4127977,-120.6602339
33,34,-3.1103448444051467,1.3685517315382645,San Joaquin County,0.4399999947614217,0.0,115,0.0,'Substation',' ',37.71296547,-121.4775277
34,35,0.0,0.0,Butte County,0.0,0.0,66,0.0,'Substation',' ',39.48122633,-121.5654854
35,36,3.1516556650148524,0.37531035490342984,Butte County,0.3275319627671926,4.02532281,66,0.07108843894241484,'Substation',' ',39.36471317,-121.6856152
36,37,5.226383684004909,0.4584107260778894,Butte County,0.33452218870205475,6.29245514,66,0.05667494623922964,'Substation',' ',39.47437782,-121.5747818
37,38,0.4069537245111666,0.3753195266631346,Butte County,0.3275399669280661,1.28064222,66,0.22345655675622214,'Substation',' ',39.4087526,-121.6886266
38,39,1.1729779735176562,0.0,Santa Barbara County,0.0,2.9180685,115,0.0,'Substation',' ',34.64326979,-120.4372802
39,40,-1.0244246866166473,0.4507468621113248,Butte County,0.4392912739724069,0.0,66,0.0,'Substation',' ',39.81095374,-121.9196266
40,41,0.6429563876454192,0.45842018451246974,Butte County,0.33452909093199285,1.70904984,66,0.2086769297873301,'Substation',' ',39.38767374,-121.4031757
41,42,1.5572780608820005,0.37530248676435746,Butte County,0.32752509627123794,2.43092689,115,0.11770897678626899,'Substation',' ',39.71220645,-121.8133571
42,43,-1.321990817177139,0.5684560513861697,Butte County,0.41482703539166,0.0,115,0.0,'Substation',' ',39.71884016,-121.8209206
43,44,2.790006592822861,0.5684560513861697,Butte County,0.41482703539166005,4.11199741,115,0.1333652424417725,'Substation',' ',39.72551493,-121.8470758
44,45,-1.5314017179828208,0.4018996948548956,Riverside County,0.21838983016273353,0.0,115,0.0,'Substation',' ',33.81774602,-116.3674057
45,46,-1.3703446012306,0.5892481785291581,Butte County,0.42999995235011274,0.0,115,0.0,'Substation',' ',39.60773551,-121.7683336
46,47,6.146010995463374,0.3505940626296922,Glenn County,0.34172720577456683,6.94285623,66,0.03922070202985905,'Substation',' ',39.74641854,-122.0113693
47,48,8.343160228375876,0.4685808261983737,Butte County,0.34194375185074377,9.43288308,115,0.03950265440604236,'Substation',' ',39.7602408,-121.9070486
48,49,-1.3703519013547627,0.589251317582548,Butte County,0.43000224305351636,0.0,66,0.0,'Substation',' ',39.50399795,-121.560155
49,50,-1.3703195701060462,0.5892374151455999,Butte County,0.429992097842308,0.0,66,0.0,'Substation',' ',39.76066295,-121.6187304
50,51,-1.1230376136216798,0.4824350414887343,Butte County,0.42101928172787834,0.0,66,0.0,'Substation',' ',39.37824172,-121.6850945
51,52,0.17426837613060442,0.3645126270638401,Butte County,0.26600067336603506,1.02197216,115,0.22064180038348116,'Substation',' ',39.76876106,-121.8240284
52,53,1.3873223069610534,0.37532007976953524,Butte County,0.32754044962198237,2.26101209,115,0.12656665819363608,'Substation',' ',39.48676454,-121.6880242
53,54,-1.3703481556932768,0.5892497069481091,Butte County,0.4300010677037109,0.0,115,0.0,'Substation',' ',39.49170026,-121.5409467
54,55,-0.21951977001938516,0.45542882869588697,Calaveras County,0.19772333326811994,1.54927164,66,0.22573919538412948,'Substation',' ',38.16989692,-120.6672277
55,56,2.2412348534725828,0.47135937413655193,Tuolumne County,0.19975843177372302,4.03630939,115,0.08883889704343491,'Substation',' ',38.06981688,-120.4221335
56,57,-2.2736642497132644,0.5854236063274847,Calaveras County,0.25416025408046217,0.0,66,0.0,'Substation',' ',38.10148065,-120.9261759
57,58,0.0,0.0,Calaveras County,0.0,0.0,115,0.0,'Substation',' ',38.0571528,-120.5339711
58,59,-2.273724084531246,0.585439012610506,Calaveras County,0.2541669426812716,0.0,230,0.0,'Substation',' ',37.9446466,-120.5362212
59,60,0.0,0.0,Calaveras County,0.0,0.0,115,0.0,'Substation',' ',38.14698707,-120.4464194
60,61,-2.273573690051145,0.5854002890043606,Calaveras County,0.2541501309205731,0.0,66,0.0,'Substation',' ',38.19974699,-120.719348
61,62,-0.9980123334801241,0.4347097471304219,Colusa County,0.43439856153214634,0.0,66,0.0,'Substation',' ',39.01747968,-122.0613948
62,63,2.9314914398546223,0.3358591817350899,Colusa County,0.33723579141233967,3.70407278,66,0.07033935215342406,'Substation',' ',39.21353467,-122.0025503
63,64,2.491487867853637,0.33818576569631786,Colusa County,0.3379436764850192,3.26789918,66,0.08029112247315405,'Substation',' ',38.96982277,-122.0433322
64,65,2.7608634073428284,0.33818386680952,Colusa County,0.3379417789575335,3.53727036,66,0.07417593796137258,'Substation',' ',38.96922396,-122.0704684
65,66,-1.0000616768823698,0.4359528814642211,Colusa County,0.43477992371512447,0.0,66,0.0,'Substation',' ',39.27695996,-122.1532889
66,67,0.7936006868897182,0.3355872843885882,Colusa County,0.3371580116696674,1.56573906,66,0.1662682149678979,'Substation',' ',39.40274718,-122.0132647
67,68,-1.0000616768823698,0.4359528814642211,Colusa County,0.43477992371512447,0.0,66,0.0,'Substation',' ',39.15748765,-122.1477121
68,69,7.840990387225355,0.6281553180208441,Contra Costa County,0.34230071784748,9.26861611,115,0.052723869876976553,'Substation',' ',37.99392322,-122.1301156
69,70,-0.30020527730821556,0.4636264873204229,Contra Costa County,0.25471417607457836,1.19211058,66,0.31885800731446423,'Substation',' ',37.81698936,-121.5871457
70,71,0.0,0.0,Contra Costa County,0.0,0.0,66,0.0,'Substation',' ',38.01132999,-121.748771
71,72,-0.29297609699550775,0.46361821081880883,Contra Costa County,0.25470962900415195,1.19931312,66,0.3169317724363944,'Substation',' ',37.88699377,-121.5769277
72,73,-2.073673339081947,0.5633155405608088,Contra Costa County,0.2444685852960405,0.0,66,0.0,'Substation',' ',38.01049965,-121.7562696
73,74,26.788854255756362,0.5588567721157098,Contra Costa County,0.23624272944398994,28.4701041,115,0.013950881622571937,'Substation',' ',38.02639867,-121.8496279
74,75,2.1950072642187846,0.628147570943735,Contra Costa County,0.34229649623225267,3.62261538,115,0.13489294467265198,'Substation',' ',38.01420008,-122.1158065
75,76,0.0,0.0,Contra Costa County,0.0,0.0,66,0.0,'Substation',' ',38.01900393,-122.2354177
76,77,10.725456937565982,0.4449054172800672,Contra Costa County,0.19441807235023656,12.3618462,66,0.02573593303701249,'Substation',' ',37.92595616,-122.0713843
77,78,0.43525001539580166,0.4636136431409914,Contra Costa County,0.2547071195437918,1.92752453,66,0.19719227292191474,'Substation',' ',37.83870261,-121.6229064
78,79,-1.9972264668579602,0.5936065164422601,Contra Costa County,0.3111282213468941,0.0,66,0.0,'Substation',' ',37.92583801,-121.678276
79,80,1.449413097562424,0.5685754424381537,Contra Costa County,0.2924337903038217,2.9946723,115,0.1508966458769732,'Substation',' ',38.0125913,-122.0426788
80,81,0.3165004797243436,0.45988291805692805,Contra Costa County,0.22865234296578926,1.9352815,66,0.19125800201912727,'Substation',' ',37.88525172,-121.8144465
81,82,25.302580591636815,0.5781264955191358,Contra Costa County,0.2543547732317934,27.4534592,115,0.019927770729866113,'Substation',' ',37.94410025,-121.9691071
82,83,2.263195353260847,0.48073732595056745,Contra Costa County,0.20863115875896932,4.03288233,115,0.0915503638306617,'Substation',' ',38.02598429,-121.8633112
83,84,3.499532571300403,0.5488811899801618,Contra Costa County,0.26337734442659017,5.4316566,66,0.09368738365781534,'Substation',' ',38.01351802,-121.815552
84,85,-0.6517409440964359,1.0049466830024318,Contra Costa County,0.34229913555158864,1.63222879,115,0.4789775002113532,'Substation',' ',38.02728725,-121.8543797
85,86,-0.13637712058723794,0.5928643059981418,Contra Costa County,0.2798280455620914,1.94471741,115,0.29945153580138145,'Substation',' ',37.8759552,-122.1870459
86,87,0.3388251418143242,0.48073301795785905,Contra Costa County,0.2086292891693573,2.10849626,115,0.17510357236802462,'Substation',' ',38.01599634,-121.7739186
87,88,9.233878019596265,0.497293059828955,Contra Costa County,0.3267947074132769,10.3882496,66,0.03631434913387532,'Substation',' ',38.012107,-122.26433
88,89,-1.9182720748316737,0.5959607943745007,Contra Costa County,0.3274180118336077,0.0,66,0.0,'Substation',' ',37.81672046,-121.5861654
89,90,0.6403133620083383,0.6281435151163313,Contra Costa County,0.34229428608996476,2.06791226,115,0.2363054540867591,'Substation',' ',38.00163657,-122.0672557
90,91,0.6044637928134611,0.45986319834587697,Contra Costa County,0.2286425383873685,2.2231754,66,0.1664764421125869,'Substation',' ',37.90286541,-121.7226958
91,92,27.793323009219858,0.45338999692986487,Contra Costa County,0.1988767674680818,29.4716097,115,0.011325212139568289,'Substation',' ',37.96324326,-122.0522531
92,93,15.828484210323147,2.458792991457815,Contra Costa County,0.34230041018111856,21.4166501,115,0.08931515747164033,'Substation',' ',37.99592158,-122.3481031
93,94,3.832299541411345,0.4972919993008076,Contra Costa County,0.3267940104902477,4.98666866,66,0.0756498856392193,'Substation',' ',38.03732601,-122.178096
94,95,14.68998579172617,0.6521380071727721,Contra Costa County,0.25820222700874756,16.8124565,230,0.032596465819086984,'Substation',' ',37.78241596,-121.9676624
95,96,2.0870734996588536,0.4972928702538867,Contra Costa County,0.3267945828345647,3.24144464,66,0.11638089714345567,'Substation',' ',38.028955,-122.103101
96,97,-2.371736529418599,0.7492453765595783,Contra Costa County,0.30063821438378974,0.0,66,0.0,'Substation',' ',38.02477032,-121.9609733
97,98,-0.5721769680849943,0.24603609627654754,Siskiyou County,0.4299967269897783,0.0,66,0.0,'Substation',' ',41.77442883,-123.0350791
98,99,4.520837830179685,0.3897495968762832,El Dorado County,0.17479818168481034,6.21602636,115,0.047669661527229734,'Substation',' ',38.69341229,-120.8258948
99,100,2.8815325523429456,0.4227817898505013,Placer County,0.27904763863628823,4.10055937,115,0.08295613456793095,'Substation',' ',38.88492041,-121.0671416
100,101,5.521223716258894,0.45541751082300663,El Dorado County,0.1977184196407639,7.28997117,66,0.047971925147862644,'Substation',' ',38.6349329,-120.9801828
101,102,3.0683453887999868,0.3420087444892848,El Dorado County,0.30523533299847505,3.89438034,66,0.06474330480980066,'Substation',' ',38.91406597,-121.0189822
102,103,-1.5669829543357596,0.5434596257468685,Placer County,0.35869833777005744,0.0,115,0.0,'Substation',' ',38.83485899,-121.094821
103,104,1.7375748832331124,0.4554091151716079,El Dorado County,0.19771477468885285,3.50628973,66,0.09973535684324185,'Substation',' ',38.65929769,-120.9472381
104,105,0.0,0.0,El Dorado County,0.0,0.0,66,0.0,'Substation',' ',38.85028861,-120.3819544
105,106,0.5631357451766132,0.5476656924494087,El Dorado County,0.24783840517434658,2.63706931,115,0.19491349172895858,'Substation',' ',38.79337762,-120.619311
106,107,14.891311534402238,0.7161795379151962,Fresno County,0.30914803255424256,16.6416273,115,0.03251525019330417,'Substation',' ',36.54076139,-119.5818423
107,108,14.513112153181174,0.019356630697705508,Fresno County,0.010785371282319817,16.1989515,115,0.0011224432197222494,'Substation',' ',36.75773233,-119.6968545
108,109,-0.9211455139025616,0.020049462205304798,Kings County,0.0111714118677009,0.825035048,66,0.023644210388001484,'Substation',' ',36.31946224,-119.9470597
109,110,3.535522075925216,0.000950224078772291,Fresno County,0.0005294578199590442,5.24038338,66,0.0001722492581044649,'Substation',' ',36.23774299,-120.3687036
110,111,0.0,0.0,Fresno County,0.0,0.0,500,0.0,'Substation',' ',36.71509335,-120.7018288
111,112,0.0,0.0,Fresno County,0.0,0.0,66,0.0,'Substation',' ',36.22456945,-120.3814639
112,113,0.0,0.0,Fresno County,0.0,0.0,115,0.0,'Substation',' ',36.70056751,-119.754489
113,114,3.8738776198223555,0.02437203811010914,Fresno County,0.013239932817219205,5.61939122,66,0.004112631047228358,'Substation',' ',36.90286001,-119.773843
114,115,1.7275278104946405,0.0009502280892283757,Fresno County,0.0005294600545554757,3.43239631,66,0.00026298238525900865,'Substation',' ',36.19229514,-120.3552717
115,116,-2.2175886703088588,0.013266234035166597,Fresno County,0.007391847363414341,0.0,66,0.0,'Substation',' ',36.63241754,-120.3423122
116,117,4.6152863150412005,0.009039257072691181,Fresno County,0.005036607102126829,6.3376803,115,0.0013688007861968076,'Substation',' ',36.52807464,-120.4852632
117,118,0.8675031081134039,0.02005067147832354,Fresno County,0.011172085665671865,2.61378899,66,0.007464127955176056,'Substation',' ',36.79273987,-120.1141466
118,119,5.870816845117562,0.009039331542509781,Fresno County,0.005036648596158278,7.59322502,66,0.001142487506057495,'Substation',' ',36.28400837,-120.122075
119,120,0.5242972579873313,0.26731791960350426,Fresno County,0.1489084728092721,2.03028114,66,0.11045453534867862,'Substation',' ',36.44598609,-119.7989666
120,121,0.0,0.0,Fresno County,0.0,0.0,115,0.0,'Substation',' ',36.42931356,-120.3416558
121,122,-0.5218053877382232,0.019319772841145878,Fresno County,0.010272533387131199,1.20816907,66,0.014709216464215632,'Substation',' ',36.83609272,-120.4495568
122,123,0.8286091870268804,0.020050385017513748,Fresno County,0.01117192605182999,2.57487012,66,0.007576730903372842,'Substation',' ',36.53216946,-119.8814695
123,124,3.958334320160933,0.03987458878776125,Fresno County,0.02059606137772301,5.6990903,115,0.0062909543658930586,'Substation',' ',36.63275972,-120.5319935
124,125,-1.918399640429263,0.8440958417888756,Fresno County,0.42187631115138685,0.0,66,0.0,'Substation',' ',36.89581265,-119.6647064
125,126,1.8004770349446315,0.0009502223849398266,Fresno County,0.0005294568761681385,3.5053353,66,0.00025750715810999523,'Substation',' ',36.22650304,-120.3378885
126,127,-1.91840925184252,0.8441000708107088,Tulare County,0.42187842480251786,0.0,66,0.0,'Substation',' ',36.57016948,-119.4190334
127,128,1.194844032425666,0.6566551101327069,Fresno County,0.3281940531473247,2.68724201,66,0.18226722392189412,'Substation',' ',36.70935277,-119.0289556
128,129,-2.2394461278628293,0.05431047192284265,Fresno County,0.028016082063305286,0.0,66,0.0,'Substation',' ',36.8505811,-120.4663723
129,130,-2.2140155823689516,0.01161932530347042,Fresno County,0.006474202014033198,0.0,66,0.0,'Substation',' ',36.59142343,-120.1761988
130,131,0.0,0.0,Fresno County,0.0,0.0,66,0.0,'Substation',' ',36.18606391,-120.1039111
131,132,-2.244724506475669,0.025773691527564226,Fresno County,0.014360910056196491,0.0,66,0.0,'Substation',' ',36.69153501,-120.060083
132,133,-0.30354225427761605,0.02005160911733869,Fresno County,0.011172608111187572,1.44282529,66,0.013523106592005198,'Substation',' ',36.70562289,-119.882865
133,134,-2.24472450647567,0.025773691527564226,Fresno County,0.014360910056196491,0.0,66,0.0,'Substation',' ',36.706794,-119.880023
134,135,-1.9894846340025032,0.45379338776113554,Fresno County,0.2440248266289894,0.0,115,0.0,'Substation',' ',36.69325502,-119.726534
135,136,3.6717655357537247,0.5834036126806248,Fresno County,0.3058342991539464,5.14749467,230,0.08767927204347543,'Substation',' ',36.59336916,-119.9887084
136,137,0.0,0.0,Fresno County,0.0,0.0,66,0.0,'Substation',' ',36.72059631,-120.4589551
137,138,-2.2175886703088588,0.013266234035166597,Fresno County,0.007391847363414341,0.0,66,0.0,'Substation',' ',36.75624051,-120.3653702
138,139,3.818361800118779,0.24799694040786727,Fresno County,0.13274809630120832,5.4133822,66,0.03911342554860141,'Substation',' ',36.60561902,-119.773307
139,140,8.070167428686077,0.6566632825781263,Fresno County,0.3281981377085273,9.56258398,66,0.051221336602223735,'Substation',' ',36.60755351,-119.5213101
140,141,-1.9894846340025032,0.45379338776113554,Fresno County,0.2440248266289894,0.0,115,0.0,'Substation',' ',36.78995077,-119.4034036
141,142,6.916848713912634,0.353032604462425,Fresno County,0.18984128553162202,8.46458599,115,0.03471220382246203,'Substation',' ',36.71022222,-119.5381139
142,143,-1.91840925184252,0.8441000708107088,Fresno County,0.42187842480251786,0.0,66,0.0,'Substation',' ',36.6043472,-119.3762084
143,144,-2.24472450647567,0.025773691527564226,Fresno County,0.014360910056196491,0.0,66,0.0,'Substation',' ',36.62093615,-120.1783513
144,145,0.0,0.0,Fresno County,0.0,0.0,66,0.0,'Substation',' ',36.53108764,-120.1045065
145,146,1.1756887105227087,0.656653324570008,Fresno County,0.32819316072899085,2.66808263,66,0.18357507821486746,'Substation',' ',36.77054901,-119.393313
146,147,40.78455867344531,0.3530306771582418,Fresno County,0.18984024913470257,42.3322875,115,0.006940830353807433,'Substation',' ',36.68753802,-119.721984
147,148,4.48118971674881,0.010320567193277898,Fresno County,0.005750543612779989,6.20637961,66,0.0015984809735910147,'Substation',' ',36.66108307,-120.3343954
148,149,0.0,0.0,Fresno County,0.0,0.0,66,0.0,'Substation',' ',36.35685741,-120.2512062
149,150,2.7640151435169384,0.042250898841526,Fresno County,0.02179514571101975,4.50619503,115,0.008426413909720674,'Substation',' ',36.83604392,-120.6203074
150,151,1.5958105380535383,0.3355740670686919,Glenn County,0.3371447324856724,2.3679185,66,0.10993289350140115,'Substation',' ',39.58278564,-122.0104719
151,152,-1.0244300308183836,0.45074921356008857,Glenn County,0.4392935656598483,0.0,66,0.0,'Substation',' ',39.77596358,-122.1038109
152,153,-0.9924972553489033,0.4313598058130631,Glenn County,0.4333787995189362,0.0,66,0.0,'Substation',' ',39.78927916,-122.0513104
153,154,2.049895687323663,0.3330812752605147,Glenn County,0.33638805360815666,2.81790173,230,0.09168100331703047,'Substation',' ',39.53951119,-122.2630509
154,155,-0.9924972553489033,0.4313598058130631,Glenn County,0.4333787995189362,0.0,66,0.0,'Substation',' ',39.725196,-122.178741
155,156,1.6367841493119137,0.3355774522166676,Glenn County,0.33714813347794403,2.4088999,66,0.10806484079035825,'Substation',' ',39.55776855,-122.0047037
156,157,-1.0000616768823698,0.4359528814642211,Glenn County,0.4347799237151244,0.0,66,0.0,'Substation',' ',39.531676,-122.1861239
157,158,0.0,0.0,Glenn County,0.0,0.0,66,0.0,'Substation',' ',39.58704303,-122.533157
158,159,0.0,0.0,Humboldt County,0.0,0.0,66,0.0,'Substation',' ',40.87793436,-123.9946333
159,160,5.487897707897064,0.304380318925292,Humboldt County,0.34022347642123074,6.17967116,66,0.038085775549645366,'Substation',' ',40.86708117,-124.0884243
160,161,1.286430802533764,0.29502466728514387,Humboldt County,0.3297661238025207,1.95694141,66,0.11298840264850551,'Substation',' ',41.16271474,-124.1020064
161,162,-0.861895673669819,0.3792340964147203,Humboldt County,0.4238918702603385,0.0,66,0.0,'Substation',' ',40.90584397,-124.0343692
162,163,0.0,0.0,Humboldt County,0.0,0.0,66,0.0,'Substation',' ',40.8798343,-123.9805907
163,164,0.0,0.0,Humboldt County,0.0,0.0,115,0.0,'Substation',' ',40.47964597,-123.7803098
164,165,0.0,0.0,Humboldt County,0.0,0.0,66,0.0,'Substation',' ',40.80046704,-124.1962938
165,166,0.0,0.0,Humboldt County,0.0,0.0,66,0.0,'Substation',' ',40.21377701,-123.5963844
166,167,0.7956622420763322,0.14120570461368612,Humboldt County,0.08613397238053466,1.89649906,66,0.04999709732021321,'Substation',' ',40.28584174,-123.8373077
167,168,-1.415030493700438,0.18150771727429396,Humboldt County,0.11071776986156294,0.0,66,0.0,'Substation',' ',40.10300786,-123.7928774
168,169,4.151269386437184,0.30623493716763905,Humboldt County,0.3422964904323647,4.84725788,66,0.049148286438571005,'Substation',' ',40.78091459,-124.1318534
169,170,-0.8946482476446251,0.393645228963635,Humboldt County,0.4400000261104621,0.0,66,0.0,'Substation',' ',40.74032526,-124.2096559
170,171,1.7579205734631982,0.33565312287619276,Humboldt County,0.3751788970449488,2.52076858,66,0.11353857548693151,'Substation',' ',40.90513782,-124.072347
171,172,4.793240405199491,0.304377825312224,Humboldt County,0.3402206891657674,5.48500819,66,0.042908543494354495,'Substation',' ',40.86575137,-124.1523425
172,173,-0.8946482476446251,0.393645228963635,Humboldt County,0.4400000261104621,0.0,66,0.0,'Substation',' ',40.59459298,-124.1352072
173,174,0.969390088200853,0.4554121264112676,Contra Costa County,0.19771608201132623,2.73811663,230,0.12771759908341435,'Substation',' ',37.80116,-121.641651
174,175,-0.8946185448475585,0.3936321597329257,Humboldt County,0.4399854178758634,0.0,66,0.0,'Substation',' ',40.48092347,-124.1040001
175,176,-0.8892109313606312,0.39125280979867777,Humboldt County,0.4373258809218622,0.0,66,0.0,'Substation',' ',40.72891925,-123.6697785
176,177,2.1485958635643603,0.30623404963168155,Humboldt County,0.34229549838212303,2.84458234,66,0.08374974226225249,'Substation',' ',40.49538982,-124.0992681
177,178,-0.8892109313606312,0.39125280979867777,Humboldt County,0.4373258809218622,0.0,66,0.0,'Substation',' ',40.82049761,-123.8282375
178,179,2.543227923846353,0.3225440089770346,San Joaquin County,0.12184743410682312,4.38901001,66,0.05124249218063665,'Substation',' ',37.73329501,-121.120652
179,180,3.544301550405791,0.29502407862145197,Humboldt County,0.329765465819086,4.21481082,66,0.052460433235707954,'Substation',' ',41.06473688,-124.1284232
180,181,2.953845959382871,0.029388009103450876,Imperial County,0.03761091062158032,3.72721462,115,0.007803977644840347,'Substation',' ',32.99897909,-115.5188889
181,182,-2.4133573986183534,0.9908899383080692,Imperial County,0.3758921986328813,0.0,115,0.0,'Substation',' ',33.12533089,-115.9785357
182,183,-0.6248282560688115,0.697425965529589,Imperial County,0.33450017078912986,0.997092594,66,0.5441147638836721,'Substation',' ',32.78149971,-114.5745907
183,184,1.685039984493546,0.7178017629677751,Imperial County,0.3345167448709397,3.35434641,115,0.16647384718162211,'Substation',' ',32.90250651,-114.4800809
184,185,-1.3925654039856477,0.052917485351454616,Imperial County,0.03785130575540378,0.0,115,0.0,'Substation',' ',33.38496117,-115.6887666
185,186,6.495961686338193,0.031998577679148696,Imperial County,0.03389919227505645,7.33802952,66,0.0038900660353219534,'Substation',' ',32.66910959,-115.5002718
186,187,3.593216212230031,0.9040517493050519,Imperial County,0.3348905883772733,5.69439033,115,0.1235713387745731,'Substation',' ',32.81791422,-115.5779823
187,188,2.936991283748353,0.7708611638122338,Imperial County,0.2924247048071198,4.81445862,115,0.11403521660933859,'Substation',' ',33.41180556,-116.0507499
188,189,-0.8758312970056669,0.03328158928621535,Imperial County,0.035900332596765575,0.0,115,0.0,'Substation',' ',32.79963333,-115.5791028
189,190,0.5959822640878167,0.6364632598422387,Imperial County,0.3345132479763667,2.07612938,115,0.2384864951078512,'Substation',' ',33.05360069,-114.9841401
190,191,-1.9026542716039554,0.8181413367897008,Imperial County,0.4299998650999693,0.0,115,0.0,'Substation',' ',33.04703333,-114.8841944
191,192,0.0,0.0,Imperial County,0.0,0.0,66,0.0,'Substation',' ',32.91199807,-115.5681245
192,193,-0.8345155181774541,0.6974738473663052,Imperial County,0.3345231359257192,0.787516685,66,0.6890105435409604,'Substation',' ',32.75293878,-114.590084
193,194,0.0,0.0,Imperial County,0.0,0.0,115,0.0,'Substation',' ',32.70621445,-115.0311648
194,195,0.0,0.0,Imperial County,0.0,0.0,66,0.0,'Substation',' ',32.71114659,-114.9425616
195,196,-2.0849835707464894,0.8965429354209904,Imperial County,0.43000086007750715,0.0,115,0.0,'Substation',' ',32.73657328,-114.7126452
196,197,0.5093260453394755,0.9237826803040255,Imperial County,0.3345142118017678,2.65765786,115,0.2704063357763542,'Substation',' ',32.81140555,-115.680425
197,198,-1.7192987392352577,0.6047858411390483,Imperial County,0.3284000969781299,0.0,115,0.0,'Substation',' ',33.24227704,-115.501121
198,199,2.4388518069959124,0.022365068834155327,Imperial County,0.028622919028160148,3.02740625,66,0.005564547594420105,'Substation',' ',32.98697223,-115.5429722
199,200,0.0,0.0,Imperial County,0.0,0.0,66,0.0,'Substation',' ',32.79184606,-115.857801
200,201,-0.9439281574313704,0.03586926998239207,Imperial County,0.0379997914935877,0.0,66,0.0,'Substation',' ',32.68598055,-115.5085444
201,202,-2.4133573986183534,0.9908899383080692,Imperial County,0.3758921986328813,0.0,115,0.0,'Substation',' ',33.28528889,-115.9698333
202,203,-2.2905463177114083,0.9177687989064282,Imperial County,0.3525788348409887,0.0,115,0.0,'Substation',' ',32.79148946,-115.6946665
203,204,0.0,0.0,Imperial County,0.0,0.0,66,0.0,'Substation',' ',32.75270556,-115.6376722
204,205,-2.413357398618353,0.990889938308069,Imperial County,0.3758921986328812,0.0,115,0.0,'Substation',' ',32.88062222,-115.7434361
205,206,0.0,0.0,Imperial County,0.0,0.0,66,0.0,'Substation',' ',32.69940301,-115.2832006
206,207,0.485150912470251,0.022271799906130464,Imperial County,0.028503553020637645,1.07125091,66,0.015594789417714281,'Substation',' ',33.03810038,-115.6189923
207,208,-0.3352519967027996,0.7286442349822039,Inyo County,0.3345129920217257,1.35926948,66,0.41701771249724995,'Substation',' ',37.37438227,-117.9796042
208,209,0.0,0.0,Inyo County,0.0,0.0,115,0.0,'Substation',' ',36.10989167,-117.9564555
209,210,2.0292540974271924,0.7286512207063073,Inyo County,0.33451619909502583,3.72379182,115,0.1522239549304872,'Substation',' ',36.60071079,-118.0725009
210,211,3.2929102756957875,0.7286649169508113,Inyo County,0.33452248689846753,4.98747985,66,0.11365893101677844,'Substation',' ',37.35976047,-118.7018945
211,212,3.098864193494986,0.7286517512971559,Inyo County,0.33451644268376746,4.79340315,66,0.11825651337487032,'Substation',' ',37.34980639,-118.4653526
212,213,-2.178224556775961,0.9366365594136632,Inyo County,0.4300001055165855,0.0,66,0.0,'Substation',' ',37.40070021,-118.3505364
213,214,-1.9962307730841173,0.09783741807866503,Kern County,0.09462656528412702,0.0,66,0.0,'Substation',' ',35.7116008,-120.0111956
214,215,7.174669368483386,0.07611294980716261,Kern County,0.07361505603207992,8.72764384,66,0.013098873514192956,'Substation',' ',35.65850145,-120.0424297
215,216,-0.07118827278876805,0.6009256980270579,Kern County,0.3422995398984626,1.29455195,66,0.36112281927459083,'Substation',' ',34.88051458,-118.9009699
216,217,2.6813736718672567,0.4125289968837258,Kern County,0.22889869149928618,4.19464319,66,0.08257803987049973,'Substation',' ',35.4707658,-119.1183189
217,218,8.472249840770779,0.41252580221981633,Kern County,0.22889691888598113,9.98550764,115,0.034688276271124995,'Substation',' ',35.57075757,-119.1154201
218,219,0.0,0.0,Kern County,0.0,0.0,115,0.0,'Substation',' ',35.40105743,-119.035393
219,220,-1.7555549875080643,0.7724441945035483,Kern County,0.4399999754443813,0.0,230,0.0,'Substation',' ',34.95491418,-118.8442502
220,221,8.658794849514296,0.0200506952297617,Kern County,0.011172098899797322,10.4050828,66,0.0018750164765964825,'Substation',' ',35.78573189,-119.8662835
221,222,5.141207845621045,0.12371339827675984,Kern County,0.11787606473712853,6.56653242,66,0.025586053803555858,'Substation',' ',35.06401416,-119.0618268
222,223,0.6537260357150663,0.5646080370853711,Kern County,0.34229126072797966,1.93692612,66,0.22676557979203654,'Substation',' ',34.92639747,-118.9252995
223,224,1.917862167143891,0.07611394136687961,Kern County,0.07361601505054277,3.47085687,66,0.03293863322542267,'Substation',' ',35.6579012,-119.9964345
224,225,-1.996238125528163,0.09783777842985873,Kern County,0.09462691380922535,0.0,66,0.0,'Substation',' ',35.7755224,-119.9136038
225,226,0.0,0.0,Kern County,0.0,0.0,66,0.0,'Substation',' ',35.15031453,-118.8784674
226,227,3.964071369146677,0.12371258555410236,Kern County,0.11787529036224337,5.38938658,115,0.031174131200856922,'Substation',' ',35.31698056,-118.9332139
227,228,14.01221461972144,0.5394178117532195,Kern County,0.3007884995970412,15.4367501,66,0.027757389797722912,'Substation',' ',35.38723247,-119.004436
228,229,0.0,0.0,Kern County,0.0,0.0,66,0.0,'Substation',' ',35.61462223,-119.8537112
229,230,-1.0583227109030267,0.4656619927973317,Kern County,0.4399980097612421,0.0,66,0.0,'Substation',' ',35.10678049,-119.4035453
230,231,-0.9270904729691102,0.40791980810640843,Kern County,0.4400003413112011,0.0,66,0.0,'Substation',' ',35.54109995,-119.8052306
231,232,4.339999835477569,0.3173423591898699,Kern County,0.34229950000275783,5.06123247,66,0.04877815268238411,'Substation',' ',35.4747136,-119.7603817
232,233,0.0,0.0,Kern County,0.0,0.0,66,0.0,'Substation',' ',35.09714151,-119.429419
233,234,-0.13988681618935916,0.4125374908114011,Kern County,0.2289034044987245,1.37341386,115,0.25221798534199025,'Substation',' ',35.60807501,-119.3253139
234,235,0.0,0.0,Kern County,0.0,0.0,66,0.0,'Substation',' ',35.09339007,-119.2789365
235,236,0.0,0.0,Kern County,0.0,0.0,115,0.0,'Substation',' ',35.31512502,-119.6095695
236,237,3.6256673463184868,0.07611401002283993,Kern County,0.07361608145333468,5.17866345,66,0.022076253606580606,'Substation',' ',35.77500833,-119.9737889
237,238,1.023719228390261,0.5509926074164319,Kern County,0.334801886668742,2.29564536,115,0.18550045925482814,'Substation',' ',35.42797818,-118.9764344
238,239,0.0,0.0,Kern County,0.0,0.0,115,0.0,'Substation',' ',35.50103906,-119.0460399
239,240,15.328292086868952,0.5394159308819609,Kern County,0.30078745079140023,16.7528226,66,0.025576639343107034,'Substation',' ',35.35577972,-118.9717712
240,241,0.0,0.0,Kern County,0.0,0.0,66,0.0,'Substation',' ',35.22606664,-119.3766031
241,242,-2.2432001544697715,0.0,Kern County,0.0,0.0,115,0.0,'Substation',' ',35.19517779,-119.5852944
242,243,0.0,0.0,Kern County,0.0,0.0,115,0.0,'Substation',' ',35.39404669,-119.3214819
243,244,-1.8530010781943853,0.7422079097693731,Kern County,0.4069825798278245,0.0,115,0.0,'Substation',' ',35.3772676,-119.092688
244,245,0.0,0.0,Kern County,0.0,0.0,115,0.0,'Substation',' ',35.50111517,-119.4489669
245,246,13.652911611507696,0.12371276588620592,Kern County,0.11787546218549783,15.0782289,66,0.011142550975732357,'Substation',' ',35.15360385,-119.3361848
246,247,0.4212615586780948,0.5646168621816382,Kern County,0.3422966109056764,1.7044817,66,0.25769822311403595,'Substation',' ',34.91833522,-118.9261907
247,248,0.0,0.0,Kern County,0.0,0.0,115,0.0,'Substation',' ',35.50944487,-119.0305112
248,249,-1.832130767677814,0.1590228130709045,Kern County,0.15151942852860395,0.0,66,0.0,'Substation',' ',35.09414443,-119.1011222
249,250,-1.9451678379430473,0.5302678256199047,Kern County,0.2942280720760558,0.0,66,0.0,'Substation',' ',35.50036603,-119.1518273
250,251,5.507029820930316,0.12371379708052305,Kern County,0.11787644472360424,6.93235899,66,0.024236011904914832,'Substation',' ',35.10778002,-119.398181
251,252,1.6358962047303993,0.41252491516520884,Kern County,0.22889642668872837,3.14915075,66,0.1099911009603742,'Substation',' ',35.68838406,-119.2768598
252,253,-1.1712892489496594,0.5153672695378502,Kern County,0.43999887946433064,0.0,66,0.0,'Substation',' ',35.31982573,-119.6623248
253,254,27.596947266742383,0.0,Kern County,0.0,29.3420561,115,0.0,'Substation',' ',35.24241942,-119.6245472
254,255,2.502179428514059,0.37347489145381396,Kern County,0.342300042070681,3.350986,66,0.08670478633139861,'Substation',' ',35.2329709,-119.5803103
255,256,-1.0583227109030267,0.4656619927973317,Kern County,0.4399980097612421,0.0,66,0.0,'Substation',' ',35.09082503,-119.4070389
256,257,-0.08047223030206396,0.6143066161329082,Kern County,0.34228709735957846,1.31567917,115,0.36322275306973534,'Substation',' ',35.28599981,-119.3090374
257,258,0.0,0.0,Kern County,0.0,0.0,66,0.0,'Substation',' ',35.20843056,-119.1006862
258,259,14.575742114242997,0.5774029252928073,Kern County,0.316613349228276,16.01729,66,0.02849503905982002,'Substation',' ',35.29555607,-119.0216521
259,260,2.3610041984093844,0.31734874669987095,Kern County,0.3423063898534705,3.08225135,66,0.08009973250659211,'Substation',' ',35.517707,-119.7595381
260,261,3.4922099270511175,0.6143217532975083,Kern County,0.3422955316755978,4.88839573,115,0.09776380394193437,'Substation',' ',35.44202961,-119.2607154
261,262,0.0,0.0,Kern County,0.0,0.0,66,0.0,'Substation',' ',35.42982347,-118.8226315
262,263,5.244687192042823,0.5774058701702756,Kern County,0.3166149640235557,6.68624243,115,0.06826225111968903,'Substation',' ',35.37716309,-119.077933
263,264,0.717506192622571,0.5646248860460689,Kern County,0.3423014753399235,2.00074457,66,0.21954546141244982,'Substation',' ',35.09239722,-118.8781167
264,265,-2.2432001544697715,0.0,Kern County,0.0,0.0,115,0.0,'Substation',' ',35.1933472,-119.5823472
265,266,2.2239041703604796,0.5603140714293722,Kern County,0.311946033051967,3.6514515,115,0.12195635803323063,'Substation',' ',35.60074571,-119.4375241
266,267,2.2393516849949133,0.6143302330022382,Kern County,0.3423002565042783,3.63555676,115,0.13145754195481638,'Substation',' ',35.51390484,-119.3178014
267,268,0.0,0.0,Kern County,0.0,0.0,115,0.0,'Substation',' ',35.71782151,-119.4553416
268,269,-0.8227069838922191,0.3619910729125764,Kern County,0.4400001322278994,0.0,66,0.0,'Substation',' ',35.10881659,-118.5670131
269,270,-0.3313347252205353,0.14578727909703554,Kern County,0.4400041448991115,0.0,66,0.0,'Substation',' ',35.0932291,-119.4438304
270,271,1.8222572172351301,0.36226097721654277,Kern County,0.34229572405496705,2.64557762,66,0.10652458323775368,'Substation',' ',35.09175615,-119.4406975
271,272,11.784641372458147,0.5646202001184155,Kern County,0.3422986345158848,13.0678691,66,0.033612756261118204,'Substation',' ',35.01965139,-118.9796384
272,273,-1.6494906620966927,0.7257758913225448,Kern County,0.43999859819424414,0.0,66,0.0,'Substation',' ',35.01965399,-118.9551559
273,274,0.0,0.0,Kern County,0.0,0.0,115,0.0,'Substation',' ',35.19434121,-119.5712604
274,275,2.280912050166271,0.6143252367268408,Kern County,0.3422974726166259,3.67710577,115,0.12997003933946966,'Substation',' ',35.35416109,-119.2706556
275,276,0.0,0.0,Kern County,0.0,0.0,66,0.0,'Substation',' ',35.73065651,-119.8580981
276,277,2.0696626967298815,0.4125195933168754,Kern County,0.22889347377116595,3.58289772,115,0.09667304181613327,'Substation',' ',35.6018111,-119.3261944
277,278,0.5028068021985319,0.5206017482740186,Kern County,0.29294859381075866,1.91889943,66,0.2161876425281038,'Substation',' ',35.22374722,-118.8800083
278,279,1.1488501238256679,0.611773874159087,Kern County,0.33039702199335275,2.5632372,66,0.18231214727762404,'Substation',' ',35.22432026,-118.7789744
279,280,16.877996734701515,0.6242457533661693,Kern County,0.3371326344847245,18.3212181,115,0.026557023576271873,'Substation',' ',35.37392781,-119.0403167
280,281,0.18304930834406297,0.5509926464240346,Kern County,0.3348019103710909,1.45497553,115,0.29268074966284235,'Substation',' ',35.42795693,-118.9775056
281,282,-1.7947115931057698,0.7896731009665388,Kern County,0.44000000406034095,0.0,115,0.0,'Substation',' ',35.29606803,-119.5924379
282,283,1.6638394000490995,0.2646419071783963,Kern County,0.3422977229182665,2.26529828,115,0.09088339794093883,'Substation',' ',35.44070561,-119.0207361
283,284,-1.7555572123966172,0.7724451734545116,Los Angeles County,0.44000053307482623,0.0,66,0.0,'Substation',' ',34.81550555,-118.6861278
284,285,0.0,0.0,Kern County,0.0,0.0,66,0.0,'Substation',' ',35.58810833,-118.5247667
285,286,0.0,0.0,Kern County,0.0,0.0,66,0.0,'Substation',' ',35.12389407,-118.3741213
286,287,-1.8551266001588018,0.8024097549763245,Kern County,0.43335259098307405,0.0,66,0.0,'Substation',' ',35.70369931,-119.2045057
287,288,-2.2790686154562003,0.9281727620371739,Kern County,0.4008958217044774,0.0,66,0.0,'Substation',' ',35.03026569,-118.3108221
288,289,-2.2790686154562,0.9281727620371739,Kern County,0.40089582170447735,0.0,66,0.0,'Substation',' ',34.94057401,-117.9530671
289,290,1.6531652428844463,0.36348036549899376,Kern County,0.33650968686897625,2.50656377,66,0.11456994414871818,'Substation',' ',35.10966362,-118.4946673
290,291,2.5483751415566376,0.6242603485041036,Kern County,0.33714051679273527,3.99163025,66,0.12190001143626727,'Substation',' ',35.77551392,-119.2424861
291,292,8.107603659605223,0.600924170173702,Kern County,0.3422986696020144,9.47334041,230,0.049347944067673455,'Substation',' ',34.94123996,-118.826285
292,293,2.214258652849219,0.6009304959463436,Kern County,0.3423022728911927,3.58000978,66,0.13058615583654093,'Substation',' ',34.81499978,-119.0098992
293,294,-1.8551008818833927,0.8023986308864278,Kern County,0.43334658326301684,0.0,66,0.0,'Substation',' ',35.7222499,-118.6950727
294,295,0.0,0.0,Kern County,0.0,0.0,66,0.0,'Substation',' ',35.05410894,-118.1861563
295,296,0.8331195036863643,0.7220720193352339,Kern County,0.311876912748293,2.60612098,66,0.2121767296968932,'Substation',' ',34.83738247,-118.1554673
296,297,-1.8551575037092904,0.8024231218863632,Kern County,0.43335980996946205,0.0,66,0.0,'Substation',' ',35.73837172,-118.5564021
297,298,2.175111143851786,0.7492075529328006,Kern County,0.3092162333502987,4.03382366,66,0.14248121176531725,'Substation',' ',35.48368775,-118.5275716
298,299,1.4833695643656732,0.6242560522027819,Kern County,0.3371381965152239,2.92661474,66,0.16625798708396258,'Substation',' ',35.63265859,-118.478256
299,300,0.0,0.0,Kern County,0.0,0.0,66,0.0,'Substation',' ',35.6444035,-118.4818546
300,301,-2.3892541744293685,0.9630576314556686,Kern County,0.3974773774400166,0.0,66,0.0,'Substation',' ',35.30690556,-118.4232873
301,302,-2.3892541744293685,0.9630576314556686,Kern County,0.3974773774400166,0.0,66,0.0,'Substation',' ',35.12376189,-118.3796721
302,303,-2.274794204794559,0.6179502349708339,Solano County,0.26817903794430803,0.0,230,0.0,'Substation',' ',38.12530207,-121.832271
303,304,0.0,0.0,Kern County,0.0,0.0,66,0.0,'Substation',' ',35.71895095,-119.2333701
304,305,-1.7555549875080643,0.7724441945035483,Kern County,0.4399999754443813,0.0,230,0.0,'Substation',' ',34.93527777,-118.8431278
305,306,10.397002410639168,0.6242494835869297,Kern County,0.3371346490425255,11.8402324,66,0.0410940275083462,'Substation',' ',35.73285976,-119.1298083
306,307,0.3472323278319349,0.07483376975688212,Kern County,0.03810789325903199,1.82663868,115,0.030863826531448743,'Substation',' ',34.93014632,-117.6977315
307,308,-2.3692881007396918,0.9550097310510823,Kern County,0.3941558126216389,0.0,66,0.0,'Substation',' ',34.86428131,-118.2373311
308,309,0.0,0.0,Kern County,0.0,0.0,115,0.0,'Substation',' ',34.87995833,-117.8962833
309,310,-0.3999212487924557,0.7492186064184839,Kern County,0.3092207953934803,1.45881869,66,0.39399073116004024,'Substation',' ',35.41102545,-118.492508
310,311,2.618391441216602,0.6242552057935538,Kern County,0.3371377394001031,4.06163466,66,0.11979702679244994,'Substation',' ',35.66663278,-118.2628215
311,312,1.9661174498079725,0.6009376692844921,Kern County,0.34230635897097894,3.33188488,66,0.14031423445523833,'Substation',' ',34.81941387,-118.7510667
312,313,0.23288507242141976,0.38098229963864094,Kern County,0.21178812891006382,1.7608312,66,0.1837773271141749,'Substation',' ',35.45227062,-118.9904154
313,314,1.5791618173224609,0.5629693039417787,Kings County,0.30406559979283554,3.01023602,66,0.14455359410163454,'Substation',' ',36.08514444,-119.5536056
314,315,6.716213376384727,0.5629733168817127,Kings County,0.3040677672235985,8.14729778,66,0.053409934320065,'Substation',' ',35.99203334,-119.5717083
315,316,3.0908688844868175,0.6077603081934722,Kings County,0.32822943965839974,4.49597682,66,0.1025801085720595,'Substation',' ',36.26869793,-119.6473106
316,317,0.0,0.0,Kings County,0.0,0.0,66,0.0,'Substation',' ',35.97812224,-120.1171583
317,318,-1.8089108668284326,0.7651901115683429,Kings County,0.42624187119134166,0.0,115,0.0,'Substation',' ',36.10940095,-119.5571927
318,319,-2.2447182357524884,0.025773619527777857,Kings County,0.01436086993844871,0.0,66,0.0,'Substation',' ',36.22631337,-119.6552247
319,320,2.302916562151701,0.6077598680163814,Kings County,0.3282292019346163,3.70802348,66,0.12437815584656321,'Substation',' ',36.2696503,-119.6489407
320,321,0.8796548266906943,0.4999455536890086,Kings County,0.2784900896897699,2.15943993,66,0.16504625261988187,'Substation',' ',36.40412655,-119.6858489
321,322,0.0,0.0,Kings County,0.0,0.0,66,0.0,'Substation',' ',36.2224111,-119.7799139
322,323,0.058191889925410356,0.020050709807048223,Kings County,0.011172107022153424,1.80448111,66,0.010811822828284497,'Substation',' ',36.04359445,-120.1113917
323,324,-1.8290543270100346,0.7911325481769675,Kings County,0.42726217800486027,0.0,66,0.0,'Substation',' ',36.30933381,-119.7983006
324,325,1.765456098980853,0.607763900627005,Kings County,0.32823137980228473,3.17057234,66,0.1454637185702296,'Substation',' ',36.27633342,-119.6536119
325,326,-2.2447169181009894,0.025773604398641445,Kings County,0.01436086150860594,0.0,66,0.0,'Substation',' ',36.00345277,-119.9494833
326,327,-1.2967840516271958,0.11382475350749305,Lake County,0.07499977661615995,0.0,66,0.0,'Substation',' ',39.00776751,-122.8940008
327,328,-1.2967840516271958,0.11382475350749305,Lake County,0.07499977661615995,0.0,66,0.0,'Substation',' ',39.07721407,-122.9325679
328,329,2.2271271188509214,0.08854976582797885,Lake County,0.05834594367098278,3.23595798,66,0.018189725874670718,'Substation',' ',38.93233036,-122.7410063
329,330,0.311229971500113,0.3391492638212703,Lake County,0.3382367620945619,1.08922731,115,0.2415908032019401,'Substation',' ',39.11038686,-122.8128382
330,331,0.0,0.0,Lake County,0.0,0.0,115,0.0,'Substation',' ',39.02753504,-122.6623833
331,332,6.105612228832071,0.08855020821381993,Lake County,0.05834623516152622,7.11444813,66,0.008273554835648822,'Substation',' ',39.14574049,-122.9166584
332,333,0.0,0.0,Lassen County,0.0,0.0,66,0.0,'Substation',' ',40.74489222,-121.2780001
333,334,2.3184252204882805,0.30928586310952877,Lassen County,0.22912260737243678,3.1658884,66,0.061332854734191075,'Substation',' ',40.31499479,-120.5403437
334,335,-0.47065010649308436,0.017884704046737206,Lassen County,0.038000025230447786,0.0,66,0.0,'Substation',' ',40.36547281,-120.4226288
335,336,1.3848162749861717,0.4583028695848275,Lassen County,0.3298017716111823,2.47510534,66,0.14527836831779453,'Substation',' ',40.41749316,-120.6671093
336,337,-1.4015000358924523,0.5891203615479745,Lassen County,0.42394004450975936,0.0,66,0.0,'Substation',' ',40.15526654,-120.3519513
337,338,-1.4014958644296716,0.5891186080741262,Lassen County,0.423938782683094,0.0,66,0.0,'Substation',' ',40.58807127,-121.0915844
338,339,-1.4014951940584592,0.5891183262836723,Plumas County,0.4239385799023631,0.0,66,0.0,'Substation',' ',40.26934857,-121.0881239
339,340,-1.4014958644296716,0.5891186080741262,Lassen County,0.423938782683094,0.0,66,0.0,'Substation',' ',40.29997937,-121.0016847
340,341,7.796205281217345,1.2148850749359141,Los Angeles County,0.33592068850117685,10.6054903,66,0.08898192643724458,'Substation',' ',34.16270281,-118.2841966
341,342,61.24553728788011,1.529878186784848,Los Angeles County,0.32628037430718143,64.7977448,66,0.01788666565863663,'Substation',' ',34.27357024,-118.4587732
342,343,1.2732387071520477,0.9093983714960456,Los Angeles County,0.35501156402985473,3.49266311,66,0.2255932804527139,'Substation',' ',33.99032214,-118.3940417
343,344,34.32465867360652,1.0045449157593582,Los Angeles County,0.3042854926311115,36.745157,66,0.02004407072364449,'Substation',' ',34.30787223,-118.4505278
344,345,105.01648117268873,1.1705720872937397,Los Angeles County,0.31378545775288963,107.819701,230,0.008158152995572137,'Substation',' ',34.04335333,-118.2461297
345,346,4.373260768921007,1.5463071408747568,Los Angeles County,0.4326242758991916,7.88759518,66,0.19275664447331098,'Substation',' ',33.77047202,-118.264962
346,347,104.12890251803186,1.5665017485662238,Los Angeles County,0.33419132351061287,107.766522,230,0.01128050573170506,'Substation',' ',34.17158743,-118.423154
347,348,68.0657671247821,1.3381378635997951,Los Angeles County,0.31576167986966835,71.2073835,230,0.01393116858653941,'Substation',' ',34.1895064,-118.5915883
348,349,45.994200893782555,1.7200753850317951,Los Angeles County,0.4058878444848672,50.032512,230,0.03276072547110761,'Substation',' ',34.17935193,-118.5438005
349,350,17.244060412200263,1.2466758558037934,Los Angeles County,0.3128272944417457,20.1232094,66,0.04475808854566124,'Substation',' ',34.19901498,-118.3440788
350,351,8.390591587250583,1.1659847034621373,Los Angeles County,0.32239953593100396,11.0868,66,0.07840462000249675,'Substation',' ',34.17638134,-118.3140289
351,352,13.585559217019975,0.5294584786949772,Los Angeles County,0.24784560947919052,15.0761463,66,0.024504635117728515,'Substation',' ',34.12515424,-117.9249665
352,353,16.610818176253847,0.5494436631066094,Los Angeles County,0.2580268183086101,18.194978,66,0.02246530438308571,'Substation',' ',34.04748128,-117.9556304
353,354,31.58748767481852,0.6483729011189915,Los Angeles County,0.2787566079380345,33.290132,66,0.014257178572092577,'Substation',' ',34.09126536,-118.1490914
354,355,11.056591414211336,1.000226188198321,Los Angeles County,0.33225797880663216,13.3313836,66,0.056694629494815706,'Substation',' ',33.8349536,-118.2473837
355,356,25.35845925831948,0.6312856857631496,Los Angeles County,0.2888757711405506,27.1249063,66,0.018812369182060695,'Substation',' ',34.07144828,-118.0265504
356,357,3.3019897067096986,0.7862811870259209,Los Angeles County,0.3069489925675953,5.22094152,66,0.1128187940084834,'Substation',' ',33.86143513,-118.3217278
357,358,21.845691742083055,0.7429530368182015,Los Angeles County,0.30663484197642044,23.6888874,66,0.023858782379833778,'Substation',' ',34.567506,-118.147688
358,359,8.142457273622338,0.8143844147982737,Los Angeles County,0.3391181781389261,10.1840252,66,0.06798223513233827,'Substation',' ',34.10562887,-118.0384571
359,360,10.482078845560185,1.913293207953519,Los Angeles County,0.38844521692880224,14.8304725,66,0.11389473372414138,'Substation',' ',34.38186113,-118.5013428
360,361,2.358990188085268,0.38097711937734324,Kern County,0.21178524920187647,3.88691554,115,0.08325162923841825,'Substation',' ',35.49595252,-119.0094663
361,362,7.863437918965139,0.7228785279513853,Los Angeles County,0.30231474871264774,9.6846191,66,0.056849931362272905,'Substation',' ',34.14413076,-118.025731
362,363,-2.1689732734517824,0.9543482403187843,Los Angeles County,0.4399999894825871,0.0,230,0.0,'Substation',' ',33.81749482,-118.2434772
363,364,-0.5600513351828331,0.7493192891867947,Los Angeles County,0.30120855876084435,1.29610434,66,0.4313618576090742,'Substation',' ',34.19972227,-118.1706118
364,365,14.262976512800815,1.0052757253931233,Los Angeles County,0.3301502249509671,16.6089439,66,0.046632806111859,'Substation',' ',33.81920229,-118.1643641
365,366,10.411042100039733,0.8752829076129423,Los Angeles County,0.31304651526700195,12.5037085,66,0.0523926100903507,'Substation',' ',33.78133053,-118.1498197
366,367,9.148491331110495,0.5267545529667523,Los Angeles County,0.24617491885746878,10.6133041,66,0.033976239738834776,'Substation',' ',34.13604586,-117.9109461
367,368,12.655283437628652,0.6855070628361813,Los Angeles County,0.2849779507971868,14.4377461,66,0.03518295399966097,'Substation',' ',33.99961503,-118.1712114
368,369,-0.24812149026106645,0.6967283375418617,Los Angeles County,0.3271938657821811,1.76069054,66,0.3733029506768805,'Substation',' ',34.05052838,-117.9907761
369,370,-0.6071338829805102,1.111016849961139,Los Angeles County,0.2952204321465347,2.04994083,66,0.38265628623619147,'Substation',' ',34.00810574,-118.2275295
370,371,31.589812680284076,1.2742200844178053,Los Angeles County,0.324912002786402,34.551103,66,0.02784741108296556,'Substation',' ',34.0731289,-118.3973342
371,372,2.207600959306176,0.6450868437525894,Los Angeles County,0.2432558047018084,3.81466547,66,0.10248022371318032,'Substation',' ',33.83038656,-118.1405681
372,373,9.63477820254,0.7730300500272952,Los Angeles County,0.2926170701522304,11.56737,66,0.04888832548565301,'Substation',' ',33.85077402,-118.06401
373,374,7.417737709204813,0.8752868898167339,Los Angeles County,0.3130479395093915,9.51041363,66,0.0688832169191207,'Substation',' ',33.79314877,-118.1722789
374,375,3.241322566701606,0.6236896366468243,Los Angeles County,0.275509998179078,4.91426742,66,0.09379079201309286,'Substation',' ',34.13379802,-117.9872804
375,376,9.372620604988697,0.6181228907842763,Los Angeles County,0.2660862344698305,11.0562491,66,0.04051919981467002,'Substation',' ',33.93731568,-118.1299057
376,377,0.0,0.0,Los Angeles County,0.0,0.0,66,0.0,'Substation',' ',34.1271721,-117.9398895
377,378,13.158117838010579,0.7922441051369362,Los Angeles County,0.30927680065602514,15.0916224,66,0.0396238448813772,'Substation',' ',33.88055076,-118.3258829
378,379,5.526568235801207,0.8653767270336135,Los Angeles County,0.31326634021984884,7.60291152,66,0.085552549174085,'Substation',' ',33.86007925,-118.0843086
379,380,14.572606889292327,0.8399699372509154,Los Angeles County,0.32785557269260657,16.6224565,66,0.0404305234940624,'Substation',' ',33.90252379,-118.3118682
380,381,12.325336527096653,0.8752807631596805,Los Angeles County,0.3130457482994136,14.4179978,66,0.04543617797703033,'Substation',' ',33.76697406,-118.1520507
381,382,9.912562819014877,1.005277779589043,Los Angeles County,0.3301508995850282,12.258535,66,0.06318249496809276,'Substation',' ',33.90011631,-118.2062764
382,383,14.30582234923182,0.8131155064451848,Los Angeles County,0.2908010416220526,16.2768831,66,0.03521475923260343,'Substation',' ',33.95650731,-118.2322842
383,384,-2.581360746416099,1.1357987284230835,Los Angeles County,0.439999591235787,0.0,66,0.0,'Substation',' ',33.77486919,-118.229778
384,385,42.14501490596283,0.7479295950804611,Los Angeles County,0.2915685930149685,44.0455348,66,0.012580887348003637,'Substation',' ',33.90319501,-118.047069
385,386,-3.015559223374417,1.292204018813264,Los Angeles County,0.4243825218468379,0.0,66,0.0,'Substation',' ',33.86398483,-118.2169821
386,387,1.1585424161895834,1.005269039150148,Los Angeles County,0.3301480290712034,3.5044942,66,0.22100517607393466,'Substation',' ',33.81660822,-118.1716782
387,388,-2.5305170227939935,1.1050410215666804,Los Angeles County,0.4372703607428784,0.0,66,0.0,'Substation',' ',33.75941402,-118.2378628
388,389,14.148670832466824,0.8752828940499221,Los Angeles County,0.3130465104161631,16.2413372,66,0.040335465962835174,'Substation',' ',33.77861447,-118.1832932
389,390,2.2490126410897737,0.5992894859204997,Los Angeles County,0.33888909817436824,3.6110342,66,0.1278232861359036,'Substation',' ',33.91260297,-118.4141553
390,391,21.263862413812788,0.5267549907135572,Los Angeles County,0.24617512343526235,22.7286764,66,0.01586545373400344,'Substation',' ',34.11901471,-117.8719909
391,392,3.6178887206034673,1.0070578646937738,Los Angeles County,0.3645549063280741,6.03417491,66,0.14598002188790912,'Substation',' ',33.79574877,-118.1071449
392,393,1.5264021382065094,0.8653649853606069,Los Angeles County,0.3132620897346948,3.60271725,66,0.18053895594170077,'Substation',' ',33.78410009,-118.1085203
393,394,0.0,0.0,Los Angeles County,0.0,0.0,66,0.0,'Substation',' ',34.02561317,-118.4721561
394,395,-1.3109270662563166,1.0276573251902161,Los Angeles County,0.33452184794600887,1.07897369,66,0.7409578424386114,'Substation',' ',33.7568199,-118.2203333
395,396,1.175056820277647,0.6855047543119313,Los Angeles County,0.2849769911010058,2.95751348,66,0.1717520948224471,'Substation',' ',34.00414636,-118.2065258
396,397,18.38946618538859,1.0052724804466218,Los Angeles County,0.33014915925347704,20.735426,66,0.03735233896021237,'Substation',' ',33.86341862,-118.1653359
397,398,6.267153759550751,0.8447564964364864,Los Angeles County,0.31976786797690415,8.37906322,66,0.08059621556693669,'Substation',' ',33.88369974,-118.1203648
398,399,23.459455667453142,0.5327375936662302,Los Angeles County,0.24930027641581565,24.9557422,66,0.014947447492112416,'Substation',' ',34.09258019,-117.8795847
399,400,9.621933310391517,0.7687194594847465,Los Angeles County,0.29643989788214226,11.4700379,66,0.04776374242137917,'Substation',' ',33.92406834,-118.3187593
400,401,3.648094977886247,0.8752273274837895,Los Angeles County,0.36329872925129786,5.7770776,66,0.13388372716544825,'Substation',' ',34.10697209,-118.7149439
401,402,3.3538526591143127,0.8026393739359714,Los Angeles County,0.3073379777361652,5.27561045,66,0.11195465600564337,'Substation',' ',33.76694457,-118.3731939
402,403,27.066392715641882,0.5420233706067373,Los Angeles County,0.2545421399089436,28.6291583,66,0.013894564829681565,'Substation',' ',34.05755342,-117.9891722
403,404,10.16758660526808,0.7549914134341674,Los Angeles County,0.31508470414541506,12.1394131,66,0.05117976977970197,'Substation',' ',33.96384263,-118.1942652
404,405,-0.5950471548892717,1.3996037444717109,Los Angeles County,0.3556135817426527,2.70610804,66,0.43380959126189894,'Substation',' ',34.01457592,-118.40261
405,406,-1.959564123244127,0.6851472220698626,Los Angeles County,0.3214090486218556,0.0,66,0.0,'Substation',' ',34.11389987,-117.9336277
406,407,-2.3692881007396918,0.9550097310510823,Los Angeles County,0.3941558126216389,0.0,66,0.0,'Substation',' ',34.71797092,-118.2889766
407,408,11.987667985077586,0.5487817118724019,Los Angeles County,0.25791001409154873,13.5599045,66,0.029904011618878828,'Substation',' ',34.00294768,-117.8112369
408,409,-3.072003857173777,1.3209616585847241,Los Angeles County,0.4299979421776556,0.0,66,0.0,'Substation',' ',33.76219353,-118.2229677
409,410,8.021328555037146,0.7789216896210065,Los Angeles County,0.30407598689034276,9.92231921,66,0.058257106755301505,'Substation',' ',33.87232911,-118.3779075
410,411,37.4481257154293,1.0052761099277956,Los Angeles County,0.3301503512389152,39.794094,66,0.019463246308519363,'Substation',' ',33.86247615,-118.2230313
411,412,0.9668469500466603,0.905355396432914,Los Angeles County,0.3297510204225484,3.06680762,66,0.22579315678246947,'Substation',' ',33.92228339,-118.3826717
412,413,12.795980272338108,2.8818666251344505,Los Angeles County,0.29866814406816955,19.4772464,66,0.10245192330545774,'Substation',' ',33.89897697,-118.1442684
413,414,-0.08791345754575008,0.6797866635483778,Los Angeles County,0.28056453884021365,1.59857245,66,0.29599417962638636,'Substation',' ',34.16225829,-118.0857225
414,415,-1.689129945128483,0.9117086272058625,Los Angeles County,0.36961363722045987,0.531436201,66,1.5444027494076713,'Substation',' ',34.49113968,-118.6163972
415,416,14.570068763419679,0.773028065692543,Los Angeles County,0.2926163190168491,16.5026556,66,0.03426760274270952,'Substation',' ',33.87990599,-118.090471
416,417,8.92326858335409,0.6956235736195964,Los Angeles County,0.3320114965186587,10.543761,66,0.051027532997736394,'Substation',' ',33.91580073,-118.3620587
417,418,20.788707975312178,0.8403572162201629,Los Angeles County,0.284983480447474,22.7776505,66,0.024884733528399757,'Substation',' ',33.92829702,-118.215484
418,419,-1.0684920323959246,1.0276568892302476,Los Angeles County,0.3345217060328139,1.32140771,66,0.605016402601183,'Substation',' ',33.82143255,-118.2332985
419,420,0.0,0.0,Los Angeles County,0.0,0.0,66,0.0,'Substation',' ',34.51456388,-118.6082972
420,421,1.2852262882914673,0.9099982943517544,Los Angeles County,0.342300104121579,3.35340423,66,0.2111101066956022,'Substation',' ',33.9959959,-118.226704
421,422,2.271665605932627,0.6535324989896442,Los Angeles County,0.3410016306491311,3.75696674,66,0.13481357269667443,'Substation',' ',33.89928827,-118.3828843
422,423,2.2234351888666772,0.5494444807333556,Los Angeles County,0.25802720227814513,3.80759737,66,0.10735298295278407,'Substation',' ',33.96155128,-118.1113506
423,424,15.37205612314888,0.6603212423692448,Los Angeles County,0.3103300588194499,17.2638487,66,0.034006328012386185,'Substation',' ',34.0582889,-117.7552801
424,425,17.4120286151076,0.569250309139889,Los Angeles County,0.2675296061724876,19.0429068,66,0.022911848653251035,'Substation',' ',34.05753246,-117.7756362
425,426,23.678048074206004,5.2067168636125905,Los Angeles County,0.3172224171933376,35.6049691,66,0.1062628844544177,'Substation',' ',34.12496383,-118.1498524
426,427,-0.6997227347219079,1.1040220606238362,Los Angeles County,0.3504291281821762,1.69568762,66,0.49503313720233194,'Substation',' ',33.8073843,-118.2331894
427,428,-1.7555572123966174,0.7724451734545117,Los Angeles County,0.4400005330748263,0.0,66,0.0,'Substation',' ',34.79054444,-118.8271055
428,429,23.269316402905613,0.5404702296596102,Los Angeles County,0.23827606169428,24.7176959,66,0.013962230290501802,'Substation',' ',34.08150219,-118.0418247
429,430,8.669034068113845,0.785969192707329,Los Angeles County,0.29550955387990363,10.6217628,66,0.05432714016247357,'Substation',' ',33.8810914,-118.0474627
430,431,10.548284731472812,0.8587633512515042,Los Angeles County,0.31087229845394476,12.6087602,66,0.05080156451932648,'Substation',' ',33.79104783,-118.1421862
431,432,3.50123816650052,0.7429484721859508,Los Angeles County,0.3066329580413406,5.3444225,66,0.1057515689293656,'Substation',' ',34.61192881,-118.1138639
432,433,-2.036309203282618,0.7062653471564032,Los Angeles County,0.33167258564420504,0.0,66,0.0,'Substation',' ',34.02427906,-118.0250218
433,434,2.3402984223081686,0.7578640664930176,Los Angeles County,0.2947784090160316,4.18719114,66,0.13002131470513498,'Substation',' ',33.92261915,-118.3071692
434,435,-2.4961325756663664,1.0227782016077678,Los Angeles County,0.39927286037590476,0.0,66,0.0,'Substation',' ',33.91171863,-118.3918007
435,436,26.21290636191139,0.7896871627217219,Los Angeles County,0.3082786197108952,28.1401706,66,0.021113388670647472,'Substation',' ',33.81046975,-118.3404907
436,437,6.431068229870757,0.7557286938124891,Los Angeles County,0.28885618104209654,8.3501107,66,0.06638562039412542,'Substation',' ',33.911845,-118.148285
437,438,2.2076553965565138,0.5494348603038499,Los Angeles County,0.2580226843830764,3.79178984,66,0.10779675002266978,'Substation',' ',34.03341675,-117.9677135
438,439,12.508229922376074,0.8420606913412907,Los Angeles County,0.2958779840734592,14.4857699,66,0.04039209141407393,'Substation',' ',33.96564841,-118.3581035
439,440,9.38231238484795,0.8587690388811212,Los Angeles County,0.3108743573756363,11.4428015,66,0.05597870674872644,'Substation',' ',33.80134174,-118.1594037
440,441,16.29198374377138,0.9688491726674804,Los Angeles County,0.31818710451268517,18.5529441,66,0.038775971365447845,'Substation',' ',33.8795048,-118.2481891
441,442,0.21473031991173697,0.6797675263932587,Los Angeles County,0.280556640469462,1.90116875,66,0.24886875523498728,'Substation',' ',34.21350946,-118.1679679
442,443,5.653152754709215,0.7317721346056824,Los Angeles County,0.30471756162202773,7.48762121,66,0.07465585382740482,'Substation',' ',34.03710332,-118.0255447
443,444,-3.9983286786298624,1.6955833516160217,Los Angeles County,0.413823177025245,0.0,230,0.0,'Substation',' ',34.01497467,-118.2035779
444,445,4.1639900480040835,0.6797794623245432,Los Angeles County,0.2805615667194697,5.85045809,66,0.08087539621785253,'Substation',' ',34.20527032,-118.2104934
445,446,30.659716159657194,1.5886210144463269,Los Angeles County,0.2635125196732734,34.4140808,66,0.028747595843064792,'Substation',' ',33.88863032,-118.0144049
446,447,4.809495002358011,0.8653703392432783,Los Angeles County,0.31326402784000573,6.88582296,66,0.09446058414602955,'Substation',' ',33.83024406,-118.124653
447,448,30.816684878814392,0.7656191477841886,Los Angeles County,0.3182316240159413,32.7131383,66,0.018448595379627123,'Substation',' ',34.70049983,-118.1456041
448,449,3.747779347965304,0.7429498380325542,Los Angeles County,0.30663352175955244,5.59096707,66,0.10108861944548454,'Substation',' ',34.6906835,-118.2284922
449,450,10.38070668275674,0.5364855542904957,Los Angeles County,0.2519438871829425,11.9273824,66,0.03267066313005382,'Substation',' ',34.08708686,-117.9264289
450,451,4.944074107158002,0.7898925423483658,Los Angeles County,0.32787705304545967,6.86548063,66,0.09176125348878278,'Substation',' ',34.04483575,-118.7761002
451,452,2.1334755837240227,0.5433977449463852,Los Angeles County,0.25530447283156954,3.69988515,66,0.10808750875859373,'Substation',' ',34.0899808,-117.7697035
452,453,26.174687478145724,0.695618295873891,Los Angeles County,0.33200897752373637,27.7951676,66,0.019356384393752587,'Substation',' ',33.94225454,-118.3473626
453,454,7.782312574561654,0.9099948859928719,Los Angeles County,0.3422988220514833,9.85048277,66,0.07186776914696655,'Substation',' ',33.9976075,-118.217888
454,455,0.04701849808937708,0.5330062088529048,Los Angeles County,0.2500382589006336,1.57144976,66,0.2425569994307854,'Substation',' ',34.11185469,-117.9318568
455,456,0.07988921232683421,0.637348806085389,Los Angeles County,0.2642997459590102,1.65943182,66,0.25157569290159215,'Substation',' ',34.61620142,-117.9689511
456,457,2.430798142540892,0.6985661338249652,Los Angeles County,0.3220626784812912,4.34963864,66,0.14207775894460362,'Substation',' ',34.12116598,-117.731895
457,458,17.14116835709485,0.9982333717764392,Los Angeles County,0.32675344381513544,19.4646742,66,0.03900468757364805,'Substation',' ',33.93180519,-118.4044994
458,459,8.465578297846335,0.8653847783557086,Los Angeles County,0.31326925479812184,10.5419409,66,0.06170216388401189,'Substation',' ',33.84235695,-118.1205988
459,460,4.387346837856999,1.3487870374207525,Los Angeles County,0.32718644395849733,7.51176031,66,0.13608870507297777,'Substation',' ',34.17219306,-118.347163
460,461,9.731361091008688,0.8765818594589466,Los Angeles County,0.3638609828851275,11.8636386,66,0.0653975240113459,'Substation',' ',34.1475568,-118.7614645
461,462,14.839211350790727,1.147763702549998,Los Angeles County,0.2714598904899838,17.5342495,66,0.04172375674537301,'Substation',' ',34.00698276,-118.4656902
462,463,1.8068189416350844,0.8089348454689496,Los Angeles County,0.30636511058182997,3.74277138,66,0.158467676126355,'Substation',' ',33.747174,-118.38898
463,464,5.018682221003503,0.5494416463420744,Los Angeles County,0.2580258712063479,6.60283623,66,0.06190562722715749,'Substation',' ',33.96958134,-118.1013564
464,465,20.09081965652769,0.5494412074127225,Los Angeles County,0.25802566507867425,21.6749724,66,0.018858250782393147,'Substation',' ',34.04972528,-117.9072064
465,466,-0.7674329538189899,0.7863011950979291,Los Angeles County,0.3069568033325575,1.15156769,66,0.5115203459900798,'Substation',' ',33.85348082,-118.3356067
466,467,0.2061381101505222,1.010692098318073,Los Angeles County,0.39455467903053637,2.67277405,66,0.3641245886581756,'Substation',' ',33.85707385,-118.3329564
467,468,13.11883057612515,0.5905244081238007,Los Angeles County,0.2591893942850836,14.7475869,66,0.028625453634256715,'Substation',' ',33.95442599,-118.043106
468,469,2.9235559075081348,0.5494429204425286,Los Angeles County,0.2580264695426442,4.50771359,66,0.09067892310616678,'Substation',' ',34.00500608,-118.0668355
469,470,36.11331616238255,0.8645428251160128,Los Angeles County,0.30220133876162614,38.1418158,66,0.016072001117615038,'Substation',' ',33.76395201,-118.219192
470,471,-1.7555572123966174,0.7724451734545117,Los Angeles County,0.4400005330748263,0.0,66,0.0,'Substation',' ',34.77510559,-118.5014361
471,472,13.838281561754565,0.9877117992759383,Los Angeles County,0.3304359445006711,16.0959122,66,0.04634731495878087,'Substation',' ',33.82735334,-118.2684007
472,473,0.7510124419044968,0.783237430989272,Los Angeles County,0.34735448166045035,2.86452541,66,0.2562861544019096,'Substation',' ',34.04557089,-118.1291485
473,474,13.618904813577874,0.835885567861208,Los Angeles County,0.3388743901482344,15.6547956,66,0.04407028148340737,'Substation',' ',34.37921299,-118.55917
474,475,10.350374432970321,0.5487794263614434,Los Angeles County,0.2579089399738244,11.9226044,66,0.034010368086330664,'Substation',' ',34.00676088,-117.8552914
475,476,27.418756343099815,0.9917552940738775,Los Angeles County,0.3276558229993337,29.712045,66,0.025289722812807617,'Substation',' ',33.85951472,-118.2763265
476,477,16.680648291446555,1.0125751007927972,Los Angeles County,0.30542762247626865,19.0623168,66,0.03816049002470044,'Substation',' ',34.41563081,-118.4527486
477,478,4.881299086394237,0.7974692410790284,Los Angeles County,0.3291350093494001,6.85974425,66,0.09492709111140088,'Substation',' ',34.64671235,-118.094864
478,479,-1.1296208484543746,0.8042625652928287,Los Angeles County,0.3090332865172728,0.909746714,66,0.6927559622292794,'Substation',' ',33.94627279,-117.9223101
479,480,-0.918253522706006,0.6008731157906426,Los Angeles County,0.34226958798362384,0.447367195,66,1.0448026713070353,'Substation',' ',34.80844445,-118.7192917
480,481,9.88242794678066,4.478118960558295,Los Angeles County,0.32224345624826106,20.1155267,66,0.16393053781520775,'Substation',' ',34.05002232,-118.231275
481,482,2.225223498532883,0.5494284708991786,Los Angeles County,0.25801968382474993,3.80933952,66,0.1072976333179843,'Substation',' ',34.03454683,-117.9767578
482,483,-0.2612568946773428,0.9917768252890731,Los Angeles County,0.3276629364758911,2.03208155,66,0.369789297637209,'Substation',' ',33.8460286,-118.2338731
483,484,32.513734425758805,0.7260417001494069,Los Angeles County,0.299855271282061,34.3147091,66,0.015737617006833824,'Substation',' ',34.5660542,-118.0591861
484,485,4.251501102838286,0.7789819234003149,Los Angeles County,0.3265565225246437,6.12395868,66,0.09984770749185544,'Substation',' ',33.79329009,-118.349233
485,486,-0.4705528311993008,0.7563156391838585,Los Angeles County,0.32557470933609234,1.5894818,66,0.4219583868623073,'Substation',' ',33.96420598,-118.082148
486,487,5.360969852346324,0.7492035227519298,Los Angeles County,0.3092145699963406,7.21967237,230,0.07960719964739854,'Substation',' ',34.50906959,-117.9196821
487,488,-2.5192185956010444,1.053693497115519,Los Angeles County,0.37685538534173973,0.0,66,0.0,'Substation',' ',33.76508981,-118.2066567
488,489,10.149580864110995,0.6451423784856927,Los Angeles County,0.2777174389551582,11.9068044,66,0.04098594414289885,'Substation',' ',33.91557578,-118.0811489
489,490,4.33186680312496,0.7576467559229374,Los Angeles County,0.30715577853331755,6.1771984,66,0.09175749694073013,'Substation',' ',34.46359424,-118.5941936
490,491,-0.5188972102015446,0.6373044218713324,Los Angeles County,0.2642813404385358,1.0605354,66,0.3935885283569031,'Substation',' ',34.69065568,-117.9693728
491,492,0.0,0.0,Los Angeles County,0.0,0.0,66,0.0,'Substation',' ',33.92870414,-118.3897191
492,493,0.4696894884639724,0.8197348616221578,Los Angeles County,0.29317965613373087,2.42954908,66,0.23650107167908163,'Substation',' ',33.76483111,-118.2078277
493,494,13.99392022092324,0.6035342420799645,Los Angeles County,0.25980619103897146,15.6378125,66,0.027311581559460896,'Substation',' ',33.93499107,-118.0677468
494,495,28.37210936925335,0.5721085685935902,Los Angeles County,0.2582610956243879,29.9792154,66,0.013844690688108901,'Substation',' ',33.95856507,-118.0656099
495,496,9.441178183731125,0.682051155674604,Los Angeles County,0.32030570728708,11.4074426,66,0.05521007088533755,'Substation',' ',34.00901094,-117.9304235
496,497,-1.3654794547889546,0.9728668758681052,Los Angeles County,0.38773860237193747,1.02594649,66,0.9037977736133777,'Substation',' ',33.99797748,-118.2060903
497,498,7.3602632134214785,0.7429530161247737,Los Angeles County,0.30663483343573816,9.20345882,66,0.061410388079803375,'Substation',' ',34.6595412,-118.2282903
498,499,17.991934144851275,0.5898282623890226,Los Angeles County,0.27720059209938974,19.6817673,66,0.023799831794394134,'Substation',' ',33.99710378,-117.887703
499,500,22.854287779420435,0.608964686982078,Los Angeles County,0.2699909165714735,24.4969993,66,0.018104959863545222,'Substation',' ',34.06991918,-118.1300281
500,501,12.026379287841168,0.7532129850340706,Los Angeles County,0.3131245535250409,13.9848916,66,0.043851487080388205,'Substation',' ',33.98271475,-118.205316
501,502,2.799474535018426,0.857210658484392,Los Angeles County,0.3537917496515782,4.92613246,66,0.15273524094186167,'Substation',' ',34.12177523,-118.0810745
502,503,0.0,0.0,Los Angeles County,0.0,0.0,66,0.0,'Substation',' ',34.76318367,-117.969417
503,504,-0.4668094922660999,1.2080396174317538,Los Angeles County,0.39911177427595984,2.32660494,66,0.47918947096785414,'Substation',' ',33.83959608,-118.2442872
504,505,40.15060706865113,0.6855075508649477,Los Angeles County,0.2849781536797613,41.933071,66,0.012113667519284966,'Substation',' ',33.99456583,-118.1527794
505,506,-0.40508077759785155,0.5494252301088999,Los Angeles County,0.2580181619020115,1.1790259,66,0.34666608529168014,'Substation',' ',34.03444747,-118.0241902
506,507,4.816802704519089,0.7358089983938523,Los Angeles County,0.3237429448603947,6.7906501,66,0.09410279709714539,'Substation',' ',34.04794252,-118.1621853
507,508,3.0185492069549222,0.6535432521398343,Los Angeles County,0.34100724145158556,4.50387478,66,0.11246022615255692,'Substation',' ',33.90338589,-118.3794564
508,509,2.168039054672882,1.0052759045660578,Los Angeles County,0.3301502837945093,4.51400686,66,0.17158191396756764,'Substation',' ',33.86303482,-118.1619319
509,510,0.0041396120461851815,0.7429603607742965,Los Angeles County,0.3066378647517625,1.84735344,66,0.30595074025719754,'Substation',' ',34.61032551,-118.0732689
510,511,5.001627092823251,0.7518244424007232,Los Angeles County,0.3151718519830677,6.80880558,66,0.08365223297614767,'Substation',' ',33.8083703,-118.3550087
511,512,5.46923086390273,0.6861773157763081,Los Angeles County,0.3024301251951535,7.30754214,66,0.07608039731095682,'Substation',' ',34.09221847,-118.0826588
512,513,17.58170813945169,0.6752432282061629,Los Angeles County,0.28929713771595256,19.3318973,66,0.026191154792039612,'Substation',' ',34.05121845,-118.0813473
513,514,17.12427133575802,0.590261377812215,Los Angeles County,0.2773658203185024,18.8202334,66,0.02499447797377141,'Substation',' ',34.11718102,-117.807819
514,515,11.244862124150988,0.6421541575558631,Los Angeles County,0.26931167144684187,12.8682442,66,0.033974778023231886,'Substation',' ',34.09869881,-118.1001833
515,516,16.502328920856797,1.0282593531251352,Los Angeles County,0.33266253760961817,18.8408655,66,0.04129022165731682,'Substation',' ',33.80703817,-118.298972
516,517,15.239441879557809,0.596159807201476,Los Angeles County,0.2593383211120392,16.8742729,66,0.025125487459869155,'Substation',' ',33.948067,-118.058548
517,518,28.511428015090658,1.2872717711955668,Los Angeles County,0.303758759077369,31.5336234,66,0.02911236390961063,'Substation',' ',34.01725703,-118.4881591
518,519,26.199218022186415,1.233609933760686,Los Angeles County,0.2987799143260733,29.1000461,66,0.0297837729048756,'Substation',' ',34.04746172,-118.4521968
519,520,1.9937481668677202,1.0671379729185504,Los Angeles County,0.3816638264333277,4.54511043,66,0.21424400990069248,'Substation',' ',33.77253096,-118.203535
520,521,5.067756930258478,0.905371447300019,Los Angeles County,0.3297568665132961,7.16775483,66,0.09661166481377365,'Substation',' ',33.91903805,-118.3966925
521,522,4.815315105729052,1.1039994306886616,Los Angeles County,0.3504219451839941,7.21067636,66,0.11640893422929849,'Substation',' ',33.80757585,-118.2439987
522,523,11.810434970665394,0.7429502843616392,Los Angeles County,0.3066337059704536,13.6536238,66,0.04139441878735608,'Substation',' ',34.64275724,-118.165005
523,524,7.297977912429264,0.8587710904429233,Los Angeles County,0.31087510004092583,9.35847195,66,0.06844667521427296,'Substation',' ',33.81143827,-118.1682108
524,525,3.853800155309774,0.5136980342624728,Los Angeles County,0.24142179739079977,5.32552341,66,0.06671758737215881,'Substation',' ',34.05950958,-117.7738664
525,526,3.636435744603908,1.0102965814181408,Los Angeles County,0.30544325823946217,6.01331069,66,0.12073223307035315,'Substation',' ',34.45187222,-118.4225889
526,527,8.47668089297541,0.8292190686124438,Los Angeles County,0.31269022731266083,10.5424625,66,0.06127123717811022,'Substation',' ',33.87420269,-118.1429767
527,528,0.8087842140224808,0.5512950615416753,Los Angeles County,0.2590912087899063,2.38822137,66,0.17134855549421169,'Substation',' ',34.02223836,-117.8370753
528,529,3.1996300630429877,0.5465608024462298,Los Angeles County,0.2550865101606471,4.70707984,66,0.08169185905425602,'Substation',' ',34.12748897,-117.7954723
529,530,4.906781555042938,0.6956211046106029,Los Angeles County,0.33201031809486475,6.52726822,66,0.08242625781063438,'Substation',' ',33.89140933,-118.3750106
530,531,20.050319915917676,0.5733051294678457,Los Angeles County,0.262752434694559,21.6692519,66,0.019630503276512442,'Substation',' ',33.98084795,-118.111255
531,532,7.096871571390692,0.9927524563281395,Los Angeles County,0.35505971186370877,9.47038954,66,0.08898689990293218,'Substation',' ',33.79018782,-118.1987019
532,533,3.355722444502303,0.6286171648514959,Los Angeles County,0.2633047899798289,5.03645526,66,0.0878683475085268,'Substation',' ',33.94007948,-118.1405091
533,534,9.2524829167471,1.0052770520900163,Los Angeles County,0.33015066066155546,11.5984534,66,0.06677818828314244,'Substation',' ',33.84618126,-118.1771048
534,535,6.787153341310924,1.5057950238597204,Los Angeles County,0.32662800821529353,10.2827981,66,0.11103743104309745,'Substation',' ',34.14300113,-118.359135
535,536,4.171412525815347,1.0052722274415318,Los Angeles County,0.3301490761621567,6.51737175,66,0.11883874363598379,'Substation',' ',33.85318463,-118.1670673
536,537,2.02359442209136,0.6808824075471703,Los Angeles County,0.2826279592327204,3.67983477,66,0.12720675214673013,'Substation',' ',34.03956,-118.697951
537,538,11.902063149192404,0.6496095602705007,Los Angeles County,0.26340636154796426,13.6005109,66,0.032894495332491676,'Substation',' ',33.93233405,-117.9920328
538,539,2.9671218805665935,1.488455852150699,Los Angeles County,0.30219286514692406,6.34997609,66,0.1609887016004518,'Substation',' ',34.38417581,-118.4955308
539,540,-1.7507231090884359,0.7703181679989117,Los Angeles County,0.4356032191345891,0.0,66,0.0,'Substation',' ',33.91601025,-118.4096022
540,541,9.807190715663339,0.7518258140889271,Los Angeles County,0.31517242700761744,11.6143725,66,0.049040434084006025,'Substation',' ',33.82781208,-118.3765776
541,542,13.84951959310493,0.7862703671337045,Los Angeles County,0.3069447686906027,15.768445,66,0.037353341762864256,'Substation',' ',33.82984666,-118.344309
542,543,9.135018869498978,0.7086211140809162,Los Angeles County,0.29246521996588404,10.8930403,66,0.04720079153440929,'Substation',' ',34.64068536,-118.0658871
543,544,2.1700648181337256,1.0052804324573548,Los Angeles County,0.3301517708336296,4.51604319,66,0.17150609089038535,'Substation',' ',33.87280461,-118.1603338
544,545,0.0,0.0,Los Angeles County,0.0,0.0,66,0.0,'Substation',' ',33.92131535,-118.3855839
545,546,10.46760291588647,0.5163796545942465,Los Angeles County,0.24268207396815908,11.9470089,66,0.030051481125587583,'Substation',' ',34.041376,-117.8181737
546,547,11.718882850544103,1.005272838187697,Los Angeles County,0.33014927674193656,14.0648435,66,0.05506760254267373,'Substation',' ',33.8591492,-118.185589
547,548,4.627174897024293,1.505804127732064,Los Angeles County,0.3266299829725769,8.12284079,66,0.14056526781937245,'Substation',' ',34.14297885,-118.3573966
548,549,2.4281989365531222,0.7816688904386632,Los Angeles County,0.3388776726615642,4.48242186,66,0.15530226854321838,'Substation',' ',34.00677528,-118.1278159
549,550,9.869841584877609,0.6808872861730775,Los Angeles County,0.28262998430499237,11.5260938,66,0.04061276488702099,'Substation',' ',34.14776836,-118.6317992
550,551,9.548726240178066,1.2423730695696669,Los Angeles County,0.293590492015374,12.4657669,66,0.06870138110363454,'Substation',' ',33.99033882,-118.4209425
551,552,-2.658481427548929,1.1697318281215288,Los Angeles County,0.4400000846656008,0.0,66,0.0,'Substation',' ',33.9984558,-118.2201768
552,553,9.28902052729621,0.6956201206224054,Los Angeles County,0.33200984845092746,10.9095049,66,0.04931633249447294,'Substation',' ',33.85885406,-118.3742046
553,554,0.0,0.0,Los Angeles County,0.0,0.0,66,0.0,'Substation',' ',33.81251186,-118.2320643
554,555,9.929436415913104,0.7047991502216655,Los Angeles County,0.28380325314808585,11.6993214,66,0.04293403856584446,'Substation',' ',34.0451314,-118.1864239
555,556,10.559583799157348,0.8406433779283311,Los Angeles County,0.3145407694533377,12.5704261,66,0.05031586674348038,'Substation',' ',33.79195901,-118.323487
556,557,0.0,0.0,Los Angeles County,0.0,0.0,230,0.0,'Substation',' ',34.68507479,-118.7885538
557,558,3.0948885659643244,1.103984815740029,Los Angeles County,0.35041730623347833,5.49021811,66,0.15288371236720272,'Substation',' ',33.80809399,-118.2617246
558,559,1.076553615228415,1.0052651615263049,Los Angeles County,0.3301467555913493,3.42249635,66,0.2262983809136673,'Substation',' ',33.81138697,-118.175932
559,560,-0.8856317503136135,0.59932449997799,Los Angeles County,0.33890889809184566,0.476469386,66,0.9688517431793563,'Substation',' ',33.90929415,-118.4203523
560,561,-0.23867161220327593,0.6035095238705802,Los Angeles County,0.25979555047646186,1.40515334,66,0.3039229927351514,'Substation',' ',33.93890622,-118.0610011
561,562,0.0,0.0,Los Angeles County,0.0,0.0,66,0.0,'Substation',' ',34.5793131,-117.7197077
562,563,14.13171849438025,0.8788751866468143,Los Angeles County,0.34309590205800444,16.2766498,66,0.04521305982475962,'Substation',' ',33.91887059,-118.3345922
563,564,2.535151879567138,0.0319335719912065,Madera County,0.01685818202877011,4.27923331,66,0.0068708668346094326,'Substation',' ',36.92801165,-120.1032155
564,565,-2.2394461278628297,0.054310471922842656,Madera County,0.028016082063305293,0.0,66,0.0,'Substation',' ',36.92391824,-120.2015797
565,566,-2.2447245064756696,0.025773691527564226,Madera County,0.014360910056196491,0.0,66,0.0,'Substation',' ',36.92214301,-119.984616
566,567,-1.9894787644833316,0.4537920489475837,Madera County,0.24402410668957705,0.0,115,0.0,'Substation',' ',36.86081121,-120.3387028
567,568,0.8238758296309279,0.02437164576163054,Madera County,0.013239719676755773,2.56936133,66,0.008994351419124183,'Substation',' ',36.92353502,-119.812659
568,569,-1.9894835441177436,0.4537931391628361,Madera County,0.2440246929466604,0.0,115,0.0,'Substation',' ',37.22747611,-119.6907452
569,570,-1.9894787644833316,0.45379204894758374,Madera County,0.24402410668957708,0.0,115,0.0,'Substation',' ',37.05491545,-120.3167429
570,571,6.7810607601768655,0.020050775250963652,Madera County,0.011172143487018464,8.52735568,66,0.0022879141139466883,'Substation',' ',36.88073634,-120.1644258
571,572,-2.2447206866259446,0.025773647668450025,Madera County,0.01436088561822285,0.0,230,0.0,'Substation',' ',36.85280964,-119.9170804
572,573,-2.2447245064756696,0.025773691527564226,Madera County,0.014360910056196491,0.0,66,0.0,'Substation',' ',36.92350064,-120.055387
573,574,0.5988949796576479,0.3530330228485585,Madera County,0.18984151051639808,2.14663409,115,0.13687713800943982,'Substation',' ',36.86696374,-120.3280422
574,575,1.8149253052837149,0.35303124469782443,Madera County,0.18984055432590188,3.36265662,115,0.0873779882803783,'Substation',' ',37.32195436,-119.6343316
575,576,0.0,0.0,Madera County,0.0,0.0,115,0.0,'Substation',' ',37.09782628,-120.1571839
576,577,6.630465591301949,0.02437176805132662,Madera County,0.013239786109745619,8.37595985,66,0.002759083263866311,'Substation',' ',36.92207055,-119.9753746
577,578,7.615152358758396,0.4584717990409205,Marin County,0.3310861157175749,8.69916602,115,0.041257043682133315,'Substation',' ',38.07814448,-122.52581
578,579,0.09265889194521293,0.3945577837245213,Marin County,0.26252091468683963,1.1195304,66,0.24079314644818675,'Substation',' ',37.94121202,-122.706149
579,580,33.227573568865814,0.4068425626671658,Marin County,0.27069465130484627,34.2864173,66,0.00835967584707924,'Substation',' ',37.9378727,-122.5141976
580,581,17.59658089235627,0.5484815469895377,Marin County,0.364934829178476,19.0240526,115,0.027382921753805124,'Substation',' ',38.02243333,-122.5379407
581,582,14.879984395376454,0.4577205170435633,Marin County,0.3045465423870727,16.0712425,66,0.02257408142859389,'Substation',' ',38.1086144,-122.5682432
582,583,-0.19010023255853448,0.45561407751551136,Marin County,0.3031450127393322,0.995675677,66,0.3610232342846667,'Substation',' ',38.04217885,-122.7864522
583,584,9.262851755191742,0.4656000343135817,Marin County,0.30978921701254725,10.474617,115,0.03583823698681948,'Substation',' ',37.86356846,-122.4988508
584,585,5.203953208416663,0.4151048874019948,Marin County,0.2761920287139342,6.28430037,66,0.0474807467347463,'Substation',' ',38.11991639,-122.6140151
585,586,3.7130393684909637,0.4169116732692568,Marin County,0.27739418236057994,4.79808885,66,0.06273047939576407,'Substation',' ',38.05486443,-122.7598631
586,587,1.704697089898858,0.5071808411782622,Marin County,0.33745520638548565,3.02468006,66,0.14726685691206864,'Substation',' ',38.01206226,-122.6536699
587,588,-1.9906227714608404,0.39180842249028763,Mariposa County,0.2105306302641635,0.0,66,0.0,'Substation',' ',37.5864556,-120.1255417
588,589,0.5742727420857194,0.30480813833712633,Mariposa County,0.16378272081517667,2.12288167,66,0.11947692953252297,'Substation',' ',37.66479448,-119.8412278
589,590,2.0876449729548634,0.14120421142375217,Mendocino County,0.08613306155061552,3.18847015,66,0.029737597741316783,'Substation',' ',39.31141158,-123.7865408
590,591,0.04957275244533155,0.14120793135509532,Mendocino County,0.08613533066902283,1.15042693,66,0.08242369517727348,'Substation',' ',39.78611628,-123.248547
591,592,-1.4937049860618419,0.22655054594814436,Mendocino County,0.13448774998255303,0.0,66,0.0,'Substation',' ',39.12926005,-123.711735
592,593,5.944378047906925,0.1412029049873133,Mendocino County,0.08613226463833454,7.04519304,66,0.013458210112693644,'Substation',' ',39.4348293,-123.799384
593,594,0.11944005187605722,0.1762438785338371,Mendocino County,0.10462408101033438,1.28146047,66,0.09487246872426898,'Substation',' ',38.78617978,-123.5220977
594,595,-1.2967840516271958,0.11382475350749305,Mendocino County,0.07499977661615995,0.0,66,0.0,'Substation',' ',38.97279314,-123.0811218
595,596,1.571012801934839,0.14120129979742463,Mendocino County,0.08613128548963854,2.67181528,66,0.03548655972426804,'Substation',' ',39.68458651,-123.477223
596,597,0.4346238865859191,0.08854823084833208,Mendocino County,0.05834493226417476,1.44343726,66,0.04077707398175255,'Substation',' ',39.17375327,-123.2056911
597,598,-1.2967840516271956,0.11382475350749303,Mendocino County,0.07499977661615995,0.0,66,0.0,'Substation',' ',39.06398274,-123.4379281
598,599,0.2323393789843844,0.17624961058957864,Mendocino County,0.10462748374448463,1.39439759,66,0.08719408829671114,'Substation',' ',38.9122899,-123.679924
599,600,-1.2967915640585443,0.11382541290845147,Mendocino County,0.07500021109919691,0.0,115,0.0,'Substation',' ',39.14314957,-123.1918149
600,601,7.47389843387308,0.04225109939480343,Merced County,0.021795249166520685,9.21608659,66,0.004120124587256885,'Substation',' ',36.94045747,-120.9221407
601,602,-0.4462182899178997,0.04225112567862373,Merced County,0.021795262725041543,1.29597095,115,0.0292996322184159,'Substation',' ',37.37941115,-120.8095195
602,603,0.0,0.0,Merced County,0.0,0.0,230,0.0,'Substation',' ',36.99874307,-120.9076579
603,604,4.632684223771979,0.060490785962630106,Merced County,0.029322019668004063,6.37728958,66,0.008021488114426078,'Substation',' ',36.93681162,-120.8194868
604,605,5.273726506514629,0.04225129285965029,Merced County,0.021795348965451426,7.01592264,115,0.005412227962589658,'Substation',' ',37.36010094,-120.6146848
605,606,1.661537526408838,0.1273819918244781,Merced County,0.056925480769658636,3.4150889,66,0.029229621224786326,'Substation',' ',37.06633333,-120.8355639
606,607,0.0,0.0,Merced County,0.0,0.0,66,0.0,'Substation',' ',37.18636395,-120.4901943
607,608,0.49638864628855917,0.042250922783534914,Merced County,0.021795158061516128,2.23856952,115,0.01696221947768284,'Substation',' ',37.42846952,-120.6385277
608,609,4.8764092482678105,0.29829702271028063,Merced County,0.12965835980901383,6.64153158,115,0.034459350774427494,'Substation',' ',37.04729946,-121.1950278
609,610,0.0,0.0,Merced County,0.0,0.0,230,0.0,'Substation',' ',36.92521123,-120.8297334
610,611,-0.527020737035399,0.04225210052878608,Merced County,0.02179576560194872,1.2152087,66,0.031248315153140884,'Substation',' ',36.97476896,-120.635217
611,612,-2.2595554429891234,0.2050328819373314,Merced County,0.09021337723262522,0.0,66,0.0,'Substation',' ',37.25323614,-121.0130417
612,613,-1.9894879792566054,0.45379415080004837,Merced County,0.24402523694884729,0.0,115,0.0,'Substation',' ',37.18497687,-120.2739551
613,614,1.6434395521083967,0.15950452300630624,Merced County,0.07018114152380694,3.40125181,66,0.03627054911978812,'Substation',' ',37.36342702,-120.760391
614,615,-1.9905938489687016,0.3918027297612674,Merced County,0.21052757138701908,0.0,66,0.0,'Substation',' ',37.52319174,-120.3303445
615,616,5.623792914004389,0.12738067862649396,Merced County,0.0569248939172667,7.37732621,66,0.013530606348901731,'Substation',' ',36.98352226,-120.8194891
616,617,7.722124308382297,0.15950623924468502,Merced County,0.07018189665956283,9.47995548,66,0.01301355537921069,'Substation',' ',37.08584186,-121.0132255
617,618,0.0,0.0,Merced County,0.0,0.0,66,0.0,'Substation',' ',37.0546472,-120.6339944
618,619,1.5590126198179701,0.3047980435237069,Merced County,0.1637772965636558,3.10757026,115,0.08161314553255099,'Substation',' ',37.29339509,-120.4071739
619,620,0.6668126747125271,0.3007850538736133,Modoc County,0.3345233418792621,1.3663128,66,0.17126321260850952,'Substation',' ',41.70474169,-121.2765623
620,621,-0.8991452889633619,0.38663247425424563,Modoc County,0.4300000472128654,0.0,66,0.0,'Substation',' ',41.20075251,-120.9421348
621,622,0.5891863042784726,0.3007948752602568,Modoc County,0.3345342649056543,1.28870927,66,0.1815882034605636,'Substation',' ',41.53151534,-120.1820013
622,623,1.7870204551894164,0.30078304986855087,Modoc County,0.33452111309009186,2.48651592,115,0.09410597358649028,'Substation',' ',41.73313546,-120.3669055
623,624,3.433665594432675,0.30078165699394976,Modoc County,0.33451956398031935,4.13315782,66,0.056613815512228556,'Substation',' ',41.2076197,-121.1380763
624,625,1.8218504544986986,0.30078351026555955,Modoc County,0.3345216251286522,2.52134699,66,0.092806233634569,'Substation',' ',41.44490566,-120.8809624
625,626,0.3064614190987218,0.30079166968754967,Modoc County,0.33453069977207867,1.00597693,66,0.23261906549211595,'Substation',' ',41.88812878,-121.378287
626,627,0.49458435772698184,0.30078140187739777,Modoc County,0.33451928024799815,1.19407599,66,0.19596193150778238,'Substation',' ',41.63312677,-121.2264898
627,628,-1.8157758177649976,0.0689994810750699,Mono County,0.03800000756913434,0.0,115,0.0,'Substation',' ',37.64909166,-118.916775
628,629,2.996553314645505,0.0536782951834708,Mono County,0.029562187881541996,4.40914003,115,0.009471042787062461,'Substation',' ',37.9521,-119.1164556
629,630,-1.8157758177649976,0.0689994810750699,Mono County,0.03800000756913434,0.0,115,0.0,'Substation',' ',37.56001389,-118.6747361
630,631,-0.2598666840977138,0.11434134100299408,Monterey County,0.44001614141777234,0.0,66,0.0,'Substation',' ',35.95856112,-120.8635778
631,632,1.6474439333799378,0.4309623149128273,Monterey County,0.3422990468752023,2.62690374,66,0.12762864247877512,'Substation',' ',36.2283404,-121.1297858
632,633,0.0,0.0,Monterey County,0.0,0.0,66,0.0,'Substation',' ',36.65389082,-121.6293384
633,634,-1.2217472643598017,0.5375687963183128,Monterey County,0.4269730327739412,0.0,66,0.0,'Substation',' ',36.46821918,-121.3903611
634,635,-1.2217374130875658,0.5375644617585289,Monterey County,0.42696958997713214,0.0,66,0.0,'Substation',' ',36.57244588,-121.5205016
635,636,14.706726735053401,0.30782726338522676,Monterey County,0.13432795411129986,16.4691779,115,0.014375123072072317,'Substation',' ',36.64341665,-121.7925252
636,637,10.187921520847814,0.29499507976793354,Monterey County,0.13929397928664125,11.7749715,66,0.018774271081920577,'Substation',' ',36.73130338,-121.6133116
637,638,7.099871532778689,0.418204387577377,Monterey County,0.33216584910845304,8.05033605,66,0.03921722664115031,'Substation',' ',36.50886507,-121.4468904
638,639,0.7842133016486703,0.2869007402628995,Monterey County,0.1291415565864032,2.38878775,66,0.08674577384234324,'Substation',' ',36.55686072,-121.8979239
639,640,21.5007613325235,0.39828752412630286,Monterey County,0.300988733937361,22.5541231,66,0.014057297788304316,'Substation',' ',36.66378719,-121.628595
640,641,0.8031424810227932,0.43096687434997094,Monterey County,0.3423026682846261,1.78261265,66,0.18808082190266712,'Substation',' ',36.01324171,-121.1679583
641,642,4.895830308995887,0.2949955373680187,Monterey County,0.1392941953612173,6.48288275,66,0.03410013743742685,'Substation',' ',36.74876123,-121.6059886
642,643,0.30759507473825587,0.3225986875293257,Monterey County,0.15232815046934955,2.04315026,66,0.12939523665205652,'Substation',' ',36.47770203,-121.7272208
643,644,0.9443625681292702,0.5232820172231212,Monterey County,0.4156255188545632,2.13363988,66,0.2316670233067786,'Substation',' ',36.36646576,-121.2800808
644,645,12.2264230729542,0.3078264533359395,Monterey County,0.13432760062648405,13.9888696,115,0.016923827298421738,'Substation',' ',36.61454769,-121.8335449
645,646,2.5646136046572567,0.33811016987275677,Monterey County,0.14754264090765115,4.50044819,66,0.06346437844045842,'Substation',' ',36.59982743,-121.8904837
646,647,1.985209764803966,0.2949908206050769,Monterey County,0.1392919681488854,3.57223683,66,0.061882829704968084,'Substation',' ',36.58953306,-121.8638317
647,648,1.3347779116590377,0.2820634411429126,Monterey County,0.12308528023687339,2.94971947,66,0.06738794529317405,'Substation',' ',36.59960041,-121.8768842
648,649,13.882250234290574,0.3716532320894745,Monterey County,0.2592958530081009,15.0732191,66,0.020487547211478926,'Substation',' ',36.65238324,-121.6340191
649,650,-0.9272058347394181,0.407970567285344,Monterey County,0.4399876952124462,0.0,66,0.0,'Substation',' ',35.95647497,-120.8511528
650,651,-0.06932230703386466,0.25096080886550154,Monterey County,0.11850139920764144,1.28082681,66,0.12491506131689624,'Substation',' ',36.38008664,-121.8993005
651,652,0.07453482331070549,0.3074030248367475,Monterey County,0.1335606243060782,1.84017377,115,0.12815085393753248,'Substation',' ',36.7853813,-121.6711331
652,653,-0.2598666840977138,0.11434134100299408,Monterey County,0.44001614141777234,0.0,66,0.0,'Substation',' ',35.9519472,-120.8684416
653,654,-1.2589362989079813,0.5539319715195118,Monterey County,0.4399697591265814,0.0,66,0.0,'Substation',' ',36.07369445,-120.9368055
654,655,-1.221746759946079,0.5375685743762747,Monterey County,0.42697285649275507,0.0,66,0.0,'Substation',' ',36.6137528,-121.5671333
655,656,-0.10403756986631452,0.27398174110720214,Monterey County,0.12136686619873277,1.44718784,66,0.13009186614179913,'Substation',' ',36.57837138,-121.9084179
656,657,6.545761837915089,0.5945787762110084,Napa County,0.3466566754097234,8.03425626,66,0.06422455433676602,'Substation',' ',38.26316201,-122.269232
657,658,1.3432979719704428,0.2678211287851637,Napa County,0.15764957378127104,2.59313788,66,0.07598389978232961,'Substation',' ',38.59208804,-122.5786104
658,659,20.97350988038902,0.458474107598936,Napa County,0.33108778284630086,22.057529,115,0.01627133696049988,'Substation',' ',38.16621802,-122.253621
659,660,14.882268804076581,0.5143874639326252,Napa County,0.2999028139814409,16.1700088,115,0.0238835274136575,'Substation',' ',38.34521981,-122.2994534
660,661,1.2081421966174086,0.2542171624545142,Nevada County,0.3345190001366738,1.7993449,66,0.10991141121062614,'Substation',' ',39.35227675,-120.0862313
661,662,0.0,0.0,Nevada County,0.0,0.0,115,0.0,'Substation',' ',39.23105002,-121.0350261
662,663,2.003046639500904,0.4089225096146112,Nevada County,0.3345210988537874,2.95402922,66,0.10769146617289312,'Substation',' ',39.33184021,-121.1013503
663,664,4.56106450934375,0.39088075166833786,Yuba County,0.3340626679203619,5.47245635,66,0.055635343680809086,'Substation',' ',39.20900553,-121.3032691
664,665,0.0,0.0,Orange County,0.0,0.0,66,0.0,'Substation',' ',33.92250286,-117.8472599
665,666,17.54189733161839,1.0101449151979531,Orange County,0.33155776733113396,19.8813624,66,0.039014821983315656,'Substation',' ',33.75252377,-118.0371725
666,667,13.873502154290737,0.7439301072082404,Orange County,0.28530448366165845,15.7576066,66,0.03411326730594459,'Substation',' ',33.8803142,-117.8320335
667,668,13.781435697524337,0.9396855498049748,Orange County,0.36137807685085843,16.1652347,66,0.05329045418150654,'Substation',' ',33.80891103,-117.9817954
668,669,17.252068624111143,1.0549971881748512,Orange County,0.34627953572713943,19.6954102,66,0.042958190661172985,'Substation',' ',33.65698201,-117.907066
669,670,12.376667131926297,1.0108957020728058,Orange County,0.3318041965475983,14.717871,66,0.052780817850647324,'Substation',' ',33.73062983,-118.0332781
670,671,6.9855983950954395,1.1116028450157047,Orange County,0.36485909289571444,9.56003696,66,0.0982535238552909,'Substation',' ',33.597665,-117.74901
671,672,-0.9312693442698413,0.7280931379235643,Orange County,0.27927634378366406,0.912904118,66,0.5641709919919347,'Substation',' ',33.92015153,-117.8480316
672,673,9.386171393223927,1.0084362307029522,Orange County,0.33099692936846914,11.7216792,66,0.0659500997569502,'Substation',' ',33.73723539,-117.957129
673,674,32.117904303714674,1.0094212131309939,Orange County,0.33132022810490624,34.4556933,66,0.022479790981608083,'Substation',' ',33.73454449,-117.8022639
674,675,2.3237355692996178,0.9103258950685618,Orange County,0.35201683199470374,4.64061793,66,0.1757484888910385,'Substation',' ',33.8196748,-117.8714279
675,676,-1.1386358896055786,0.9894698399980655,Orange County,0.32477163034272505,1.15294633,66,0.6455121753375149,'Substation',' ',33.6718729,-117.8475913
676,677,10.736061247392202,1.0138528151910642,Orange County,0.3327748036441486,13.0841137,66,0.05971919166849805,'Substation',' ',33.71318376,-117.883619
677,678,3.1992170853772706,0.7257124319297829,Orange County,0.2771039911136323,5.03242539,66,0.10094324274792951,'Substation',' ',33.87145556,-117.7469806
678,679,14.728854020496602,0.8470772604848796,Orange County,0.32387602895118506,16.8703267,66,0.04111192864717992,'Substation',' ',33.91020869,-117.8795575
679,680,21.31535707729592,0.9856118462159212,Orange County,0.3235053290570976,23.5980043,66,0.03129283864492527,'Substation',' ',33.7332416,-117.849825
680,681,-1.287748327535587,0.9895460836233905,Orange County,0.3247966556294989,1.00401047,66,0.7413823014704622,'Substation',' ',33.66060237,-117.8606297
681,682,7.189068694048899,0.9768425016515083,Orange County,0.3206269853056326,9.45140638,66,0.07674693932585115,'Substation',' ',33.61304202,-117.821927
682,683,6.087365261712102,1.0924239690459236,Orange County,0.3585640502728298,8.61738613,66,0.10527258685205167,'Substation',' ',33.60815162,-117.8651633
683,684,16.672751061546045,0.8653769997135682,Orange County,0.3132664389299816,18.749095,66,0.034692280965738544,'Substation',' ',33.8096399,-118.072602
684,685,24.3204645515796,0.8691853385962133,Orange County,0.32965875820968055,26.4973667,66,0.027083251974327496,'Substation',' ',33.85108801,-118.02792
685,686,14.84954217959394,1.0168319420960448,Orange County,0.3337526362801896,17.2044942,66,0.04568407742692496,'Substation',' ',33.68750555,-117.8285556
686,687,0.49556968134618673,1.2312847422217315,Orange County,0.4041420334229241,3.3471879,66,0.34430657013088767,'Substation',' ',33.693574,-117.867617
687,688,13.36678268746192,0.7722658985932,Orange County,0.2983660608077175,15.3312524,66,0.038231129095888855,'Substation',' ',33.86814402,-117.921312
688,689,11.264784819204813,0.8048405600223373,Orange County,0.3103266521367053,13.3096688,66,0.047678271285619765,'Substation',' ',33.87756274,-117.9717703
689,690,9.971560809937468,0.9765627502047948,Orange County,0.3205351630693529,12.2332506,66,0.059260709142178784,'Substation',' ',33.68734602,-117.912816
690,691,4.070538995020192,1.0709521155069646,Orange County,0.3515163883851854,6.5508317,66,0.1330920368161228,'Substation',' ',33.65452399,-117.95263
691,692,12.59554067774927,1.0860442889889454,Orange County,0.3564700611390389,15.1107864,66,0.05933574684044398,'Substation',' ',33.68303892,-117.7421917
692,693,14.212272543001552,0.9578809720713556,Orange County,0.3144032818367628,16.4306959,66,0.042449789600429555,'Substation',' ',33.67561118,-117.8637801
693,694,6.678447704496286,0.7087500664166386,Orange County,0.2722332903915684,8.47510274,66,0.05771131359922089,'Substation',' ',33.925175,-117.933787
694,695,11.494661736890611,0.8145019668363442,Orange County,0.31323579938804924,13.5608944,66,0.04772679595165694,'Substation',' ',33.84628388,-117.9798243
695,696,9.06012307577744,0.9741978808725988,Orange County,0.3197589469205452,11.3163359,66,0.06375245866482586,'Substation',' ',33.76679901,-117.85212
696,697,18.953389840593253,0.985961391671812,Orange County,0.3236200596360395,21.2368466,66,0.03479671095121668,'Substation',' ',33.63536199,-117.935652
697,698,0.0,0.0,Orange County,0.0,0.0,66,0.0,'Substation',' ',33.92281875,-117.8472364
698,699,18.020302590128217,0.7405202581997256,Orange County,0.28635414715928137,19.9050104,66,0.02711346975936626,'Substation',' ',33.77821908,-117.8991005
699,700,27.30107586127047,0.9291499326346313,Orange County,0.30497295244003836,29.452959,66,0.022281841159806106,'Substation',' ',33.6502112,-117.6885669
700,701,3.967912342699168,0.8498620441387371,Orange County,0.27894845348886854,5.93616713,66,0.09249093176890205,'Substation',' ',33.6387063,-117.8660485
701,702,23.556357189020684,0.8478714231029864,Orange County,0.3065607780475121,25.6289905,66,0.024791771662680602,'Substation',' ',33.81770272,-118.0271859
702,703,14.234388443053536,0.8895771006847472,Orange County,0.2919840440063384,16.2946221,66,0.03691741674409228,'Substation',' ',33.78825004,-117.802686
703,704,3.0746982729323413,1.1741212704225725,Orange County,0.3853793858092288,5.79392762,66,0.18086779890553148,'Substation',' ',33.55188499,-117.778884
704,705,26.058223797520537,1.0454288536171117,Orange County,0.3431389411497567,28.4794054,66,0.029172016751658533,'Substation',' ',33.60912633,-117.6975574
705,706,13.045847091625557,0.6171009476763788,Orange County,0.24371686996682476,14.6332109,66,0.026437624764612516,'Substation',' ',33.92508498,-117.9551271
706,707,2.06732908183306,0.7116051290128578,Orange County,0.2730003598631537,3.86992991,66,0.12716268413739656,'Substation',' ',33.91052601,-117.820078
707,708,21.420918563194057,0.8132947917233935,Orange County,0.2669460601828651,23.3044847,66,0.02157569951822217,'Substation',' ',33.5638,-117.714833
708,709,6.152826012563666,0.6969788697970813,Orange County,0.281425805240584,7.93400408,66,0.06317988582445218,'Substation',' ',33.75711477,-118.0890789
709,710,7.569236012376675,0.7359901494337949,Orange County,0.2817583556377462,9.43126756,66,0.05562804190065369,'Substation',' ',33.92081737,-117.9198431
710,711,25.95082314153856,1.0104350701446452,Orange County,0.33165300428660227,28.2909602,66,0.027433267743282495,'Substation',' ',33.71637428,-117.987525
711,712,17.537864737779053,0.7753498164492054,Orange County,0.29025481024402267,19.473719,66,0.0288538112078655,'Substation',' ',33.79049001,-117.861454
712,713,7.344050736193273,1.0112024788485028,Orange County,0.33190488925147554,9.68596509,66,0.08024939353117808,'Substation',' ',33.68963109,-117.9450355
713,714,-0.669036710905154,1.0803109147356258,Orange County,0.35458820761673315,1.83293069,66,0.4840161938706231,'Substation',' ',33.64399723,-117.9555611
714,715,32.81523118235125,0.7190554784123081,Orange County,0.2780538628092887,34.6453087,66,0.014687706420196222,'Substation',' ',33.86093727,-117.8927361
715,716,9.353851549395502,0.6261286883025007,Orange County,0.24141976597485226,10.9446766,66,0.03509072268283105,'Substation',' ',33.91547973,-117.9637095
716,717,9.182683703000372,0.7451238746040366,Orange County,0.28218013402229436,11.0557719,66,0.04780745146025786,'Substation',' ',33.87159716,-117.8786331
717,718,-1.4632957610397397,1.1750275836292048,Orange County,0.3856768631105275,1.25803258,66,0.8342815557813158,'Substation',' ',33.67358241,-118.0212329
718,719,28.602433079125337,0.8394399873164039,Orange County,0.30458390764414905,30.6469158,66,0.020319060498575407,'Substation',' ',33.77220888,-118.0120858
719,720,7.274670284672236,1.009399943009687,Orange County,0.3313132466571701,9.61241002,66,0.08057543737100334,'Substation',' ',33.69228199,-118.017185
720,721,0.06962318600292017,0.9141050233875982,Orange County,0.30003479312784864,2.18666277,66,0.2904817068011043,'Substation',' ',33.67374598,-118.0215237
721,722,23.599581879422406,1.079936609187402,Orange County,0.3544653500841143,26.1006824,66,0.03396667788356742,'Substation',' ',33.74480503,-117.9019307
722,723,2.620461438104667,0.6269108511245033,Orange County,0.24205454925204656,4.21457967,66,0.09155446101126717,'Substation',' ',33.8828944,-117.9573769
723,724,35.06820649461943,0.9968832294703392,Orange County,0.32720491177076805,37.3769579,66,0.020211243566673087,'Substation',' ',33.71452999,-117.920428
724,725,10.347834843035418,1.0101410242071405,Orange County,0.3315564901993015,12.6872909,66,0.061136916094725484,'Substation',' ',33.74497923,-117.9999129
725,726,25.33823340963344,0.9314365113060818,Orange County,0.31807591225535303,27.5438252,66,0.02547015948909527,'Substation',' ',33.76616302,-117.979563
726,727,24.116455855541865,0.8872513308924194,Orange County,0.2912206614182874,26.1713031,66,0.022865272369438996,'Substation',' ',33.76550798,-117.928479
727,728,20.075273372854593,0.7753459574014483,Orange County,0.290253365596522,22.011118,66,0.025527345694157773,'Substation',' ',33.75604993,-117.8593889
728,729,15.484018424545168,1.0084934286342575,Orange County,0.3310157033266549,17.8196587,66,0.04338655534955581,'Substation',' ',33.66558697,-117.997429
729,730,6.332068738856846,0.640199762698392,Orange County,0.2458207975087598,7.95462957,66,0.05014176889170795,'Substation',' ',33.88892101,-117.788148
730,731,13.576263296712593,1.2117423983747153,Orange County,0.3977124226727447,16.3824953,115,0.06812596665962259,'Substation',' ',33.51258901,-117.665534
731,732,4.740821848515958,1.0596824794529782,Orange County,0.3422971889005551,7.14919112,115,0.11531067188248079,'Substation',' ',33.4633412,-117.5704995
732,733,22.40369574103149,0.9426814637909162,Orange County,0.30940250112222023,24.5868189,115,0.0274725969386263,'Substation',' ',33.49494501,-117.702976
733,734,16.771259027388485,0.9426809083367315,Orange County,0.30940231881364555,18.9543809,115,0.0356362454253935,'Substation',' ',33.56291183,-117.6735199
734,735,1.6180974041421012,0.2542142954188965,Placer County,0.3345152274649984,2.20929344,66,0.08951462618356863,'Substation',' ',39.24295872,-120.0264639
735,736,0.30535170236311404,0.25422280330386093,Placer County,0.33452642281130823,0.896567524,66,0.22059388571120706,'Substation',' ',39.28069605,-120.1126328
736,737,-0.17975693758771982,0.25422232813271955,Placer County,0.33452579754362927,0.411457779,66,0.4806728288543008,'Substation',' ',39.20552959,-120.2011536
737,738,6.196072480096333,0.25421896265857696,Placer County,0.33452136898721596,6.78727937,66,0.029138529207948148,'Substation',' ',39.16617697,-120.1444681
738,739,0.4573770118284479,0.2542286455137674,Nevada County,0.33453411045205456,1.04860642,66,0.18861834179478404,'Substation',' ',39.33097146,-120.1819888
739,740,0.9636466688456965,0.2542179612963505,Nevada County,0.3345200513157907,1.55485123,66,0.12719530738350263,'Substation',' ',39.32958792,-120.1696808
740,741,8.38163476324519,0.36388933985928396,Placer County,0.27663691802892376,9.35743223,66,0.02884782889028543,'Substation',' ',38.7636276,-121.2640323
741,742,3.3673267135814227,0.3420183812828215,Placer County,0.30524393362618296,4.19338494,66,0.06013024466966167,'Substation',' ',38.90349314,-121.0698265
742,743,2.0734344541291807,0.42279360535790766,Placer County,0.27905543719696463,3.29249534,115,0.1033215034030695,'Substation',' ',38.94679968,-121.0916716
743,744,0.0,0.0,Placer County,0.0,0.0,66,0.0,'Substation',' ',39.21470787,-120.8092925
744,745,0.0,0.0,Placer County,0.0,0.0,115,0.0,'Substation',' ',39.11994562,-120.9434986
745,746,0.0,0.0,Placer County,0.0,0.0,66,0.0,'Substation',' ',39.30962787,-120.5483422
746,747,6.673987278704734,0.4706427096180429,Placer County,0.35779324761715847,7.93605218,66,0.056899613245494265,'Substation',' ',38.79881552,-121.2213126
747,748,0.48377354999948063,0.4529538130989702,Placer County,0.20910641087984172,2.17728317,66,0.16264476909027556,'Substation',' ',39.01930167,-120.8302452
748,749,9.083791546967854,0.4396329979690897,Placer County,0.3923628465482619,10.145613,66,0.04106398379651429,'Substation',' ',38.95692848,-121.0422303
749,750,3.6440541762817293,0.543461241709741,Placer County,0.35869940435011016,5.21104179,115,0.10786279333690475,'Substation',' ',38.74431607,-121.1616425
750,751,11.469374187898332,0.427662115414259,Placer County,0.3654975248435226,12.4665268,66,0.0292348315983577,'Substation',' ',38.9005233,-121.294094
751,752,2.519000757970654,0.3837276496778024,Placer County,0.29171845047837697,3.54799619,66,0.08460464355259889,'Substation',' ',38.84450412,-121.1665604
752,753,2.725727247343734,0.3195740836200512,Placer County,0.24294745652278557,3.58268992,66,0.05811189533723542,'Substation',' ',38.82209041,-121.3065408
753,754,1.8366570102947617,0.3661319351030744,Placer County,0.2783417897266449,2.81846817,66,0.09696014248972301,'Substation',' ',38.78796355,-121.231692
754,755,5.374491214647051,0.36295489250176766,Placer County,0.33452249972842685,6.21857236,66,0.04540658504407946,'Substation',' ',39.11534451,-120.9529453
755,756,1.7056592066650897,0.3457074626340114,Placer County,0.33452308441108064,2.50963005,66,0.1071659172589888,'Substation',' ',39.31387986,-120.4969207
756,757,10.215617138336313,0.4219722014694136,Placer County,0.320792824965742,11.3471683,66,0.03198978671563029,'Substation',' ',38.78014499,-121.2461844
757,758,0.7234151218320319,0.4613139494122263,Placer County,0.425176512853369,1.79623826,66,0.2539413678866103,'Substation',' ',39.03596259,-120.9879836
758,759,-0.2448925601511791,0.4327066507601791,Sacramento County,0.22220581822359484,1.3353624,66,0.26295621804409575,'Substation',' ',38.701391,-121.193734
759,760,6.374143333389542,0.37702256885910124,Placer County,0.31800851904379274,7.24744961,66,0.03831952626663943,'Substation',' ',38.7374284,-121.3041565
760,761,0.0,0.0,Placer County,0.0,0.0,66,0.0,'Substation',' ',38.81036761,-121.3240488
761,762,-1.4015000358924523,0.5891203615479745,Plumas County,0.42394004450975936,0.0,66,0.0,'Substation',' ',39.8196694,-120.3751007
762,763,-1.4014810119256862,0.5891123648259678,Plumas County,0.4239342899459984,0.0,66,0.0,'Substation',' ',39.79888809,-120.1596983
763,764,3.9556222926791538,0.45830110928861606,Plumas County,0.3298005048750398,5.04590717,66,0.07126102222725512,'Substation',' ',39.80388056,-120.4646374
764,765,-1.4014951940584592,0.5891183262836723,Plumas County,0.4239385799023631,0.0,66,0.0,'Substation',' ',40.1715573,-121.0853365
765,766,0.0,0.0,Plumas County,0.0,0.0,66,0.0,'Substation',' ',40.30242579,-121.2270207
766,767,-1.4014878286609995,0.5891152302397885,Plumas County,0.42393635194171597,0.0,66,0.0,'Substation',' ',40.02241742,-121.0654455
767,768,-1.401503790755152,0.5891219399040319,Plumas County,0.42394118031897754,0.0,66,0.0,'Substation',' ',39.9351719,-120.914496
768,769,0.8280004281929185,0.458295915649979,Plumas County,0.3297967674530482,1.91827295,66,0.18744379069457165,'Substation',' ',40.02697206,-120.9631234
769,770,1.0112537346709438,0.45507295452096513,Riverside County,0.2393072945288145,2.30283812,115,0.13421940614252048,'Substation',' ',33.70934723,-116.2323083
770,771,3.849242621004213,0.35097516368663245,Riverside County,0.19071775214095466,5.18660111,115,0.049176329433959505,'Substation',' ',33.80949125,-116.3886831
771,772,-0.30257131415190075,0.45507147675721116,Riverside County,0.2393065174234243,0.989008877,115,0.3125184866441214,'Substation',' ',33.67175626,-116.2650291
772,773,2.779806652310082,0.45507827916470106,Riverside County,0.23931009457674998,4.07140615,66,0.07591794740189627,'Substation',' ',33.69937449,-116.3863461
773,774,0.0,0.0,Riverside County,0.0,0.0,115,0.0,'Substation',' ',33.58697132,-116.0883118
774,775,0.0,0.0,Riverside County,0.0,0.0,115,0.0,'Substation',' ',33.52323635,-115.9216318
775,776,-0.21662966345674084,0.7708483154394102,Riverside County,0.2924198308015186,1.66080638,115,0.3305620310588479,'Substation',' ',33.43715191,-116.0598176
776,777,-0.6386928238214801,0.2583892535775342,Riverside County,0.14391500444708116,0.540443592,115,0.3139928477987461,'Substation',' ',33.88785169,-116.3553041
777,778,1.5631881520443012,0.04116756288231655,Riverside County,0.029446713114090604,2.64654507,115,0.012053941844718655,'Substation',' ',33.63872707,-116.1362241
778,779,7.3888421272416345,0.3231057503978058,Riverside County,0.17996013712476114,8.86330653,115,0.029937452259814187,'Substation',' ',33.71886668,-116.1986917
779,780,-2.1445793730965717,0.9244037601729277,Riverside County,0.4305218177164658,0.0,230,0.0,'Substation',' ',33.70470622,-115.6266044
780,781,7.698217247961376,0.7621618238002033,Riverside County,0.35949026206380885,9.57223394,66,0.07037967897104247,'Substation',' ',33.97811931,-117.3700775
781,782,26.797872021308194,0.7659772705931388,Riverside County,0.3612899008342788,28.6812702,115,0.023724637593317742,'Substation',' ',33.90206112,-117.2187445
782,783,3.1011971226704667,0.8879295820249946,Riverside County,0.42317410320988674,5.1192189,66,0.166817354866276,'Substation',' ',34.01134168,-117.5063472
783,784,16.740117175452657,0.5958951945649739,Riverside County,0.28106697681158477,18.2053146,115,0.0226207906645921,'Substation',' ',33.82896388,-117.2123222
784,785,7.073984667930314,0.5958945753739312,Riverside County,0.2810666847566126,8.53918057,115,0.04822684698348063,'Substation',' ',33.858925,-117.3263444
785,786,8.68392351064091,0.5720867486631107,Riverside County,0.2700465326208589,10.0825028,66,0.037459100699358844,'Substation',' ',33.84505856,-117.5377957
786,787,4.306532121516302,0.3126597996835292,Riverside County,0.16989741825072327,5.49789345,115,0.036815776033842965,'Substation',' ',33.75747652,-116.3350763
787,788,0.19680254873167047,0.8073787365499008,Riverside County,0.3821089105777216,2.13217868,66,0.34683981788855844,'Substation',' ',33.88440023,-117.5718877
788,789,5.775573464266359,0.7182306365228021,Riverside County,0.34229809622430984,7.40791582,115,0.07542576000194486,'Substation',' ',34.02933687,-117.3877244
789,790,7.002476524404118,0.5958968990627034,Riverside County,0.2810677807751479,8.46767814,66,0.048634461498756956,'Substation',' ',33.85543836,-117.5392955
790,791,5.288307419608806,0.6281060863591886,Riverside County,0.29726437113211257,6.79394718,66,0.06587820668399617,'Substation',' ',33.89242954,-117.5801181
791,792,5.3411037536820265,0.396008278555468,Riverside County,0.2097858949712118,6.74637696,115,0.043698491651803645,'Substation',' ',33.80795835,-116.4939389
792,793,13.826871874998208,0.6280432169353068,Riverside County,0.30231758158564775,15.3545776,115,0.030079127683531368,'Substation',' ',33.67438334,-117.3261806
793,794,4.421039685638492,0.3385258914112788,Riverside County,0.1793345264389342,5.62233115,115,0.038317386530390476,'Substation',' ',33.84615835,-116.5050806
794,795,3.24657529946184,0.42335092007392633,Riverside County,0.19898173545880948,4.54954865,66,0.05698760877008376,'Substation',' ',33.92672299,-116.9287486
795,796,0.45506306930324336,0.4895597356628544,Riverside County,0.25331510590950673,2.07659592,115,0.19780389716358168,'Substation',' ',33.90148334,-116.5435333
796,797,12.287351484302835,0.7163923869067527,Riverside County,0.34142201365144015,13.915516,66,0.039947581354880975,'Substation',' ',34.00502923,-117.4574435
797,798,-1.098423287631022,0.6280741300255097,Riverside County,0.30233246204358055,0.429357633,115,1.0757879485458803,'Substation',' ',33.76026398,-117.477333
798,799,14.655077170491525,0.6481129100019262,Riverside County,0.3067330197850544,16.2086755,66,0.029400299064729254,'Substation',' ',33.85775076,-117.5883042
799,800,-1.9026542716039556,0.8181413367897009,Riverside County,0.4299998650999694,0.0,66,0.0,'Substation',' ',33.86116105,-115.4886971
800,801,7.214744001804144,0.497847979595289,Riverside County,0.25416888692280815,8.79781198,115,0.045734851671742724,'Substation',' ',33.92601393,-116.9874583
801,802,20.28080715315329,0.7980631712225887,Riverside County,0.37642391629614225,22.2430987,115,0.033208208934434734,'Substation',' ',33.94716607,-117.2433136
802,803,11.07911800149802,0.39534300429441444,Riverside County,0.20183649522072128,12.3362384,115,0.020568082998794496,'Substation',' ',33.73638889,-116.9200361
803,804,15.150786068729396,0.648893021399073,Riverside County,0.31235234745613055,16.7290847,115,0.029468754047504552,'Substation',' ',33.503775,-117.1404167
804,805,0.06667712410087967,0.40109931932262216,Riverside County,0.20477529630752278,1.34210158,115,0.19460182803346626,'Substation',' ',33.94704447,-117.1725056
805,806,7.3312777586371,0.49116318825662414,Riverside County,0.2507560660547975,8.89308929,115,0.04403798306219187,'Substation',' ',33.7723639,-116.9883194
806,807,0.5491283459007434,0.6281485159015946,Riverside County,0.3023667338414493,2.07697024,115,0.2224242574341969,'Substation',' ',33.54372221,-117.0435584
807,808,8.3290892920949,0.8015711833615263,Riverside County,0.3797752194438775,10.2349746,66,0.07071908229694301,'Substation',' ',33.95892401,-117.52272
808,809,6.1111752705322315,0.38030357874542065,Riverside County,0.20665463307325646,7.56028698,115,0.0396103546590795,'Substation',' ',33.74781668,-116.3920917
809,810,6.2911321209651625,0.745603839181356,Riverside County,0.35890706786424936,8.1048023,115,0.08031522817406928,'Substation',' ',33.63091389,-117.2920056
810,811,15.089479785431994,0.6082359396825558,Riverside County,0.2927818154398559,16.5689069,115,0.02614230130137124,'Substation',' ',33.55781389,-117.2032139
811,812,17.664691649793635,0.3821014304695143,Riverside County,0.19507620650182952,18.8797062,115,0.01255424352412775,'Substation',' ',33.73355277,-117.0073389
812,813,3.4121600549720474,0.338529726919253,Riverside County,0.17933655830421735,4.61346513,115,0.0466976364962582,'Substation',' ',33.791975,-116.4499445
813,814,14.873942510308451,0.6596245183948631,Riverside County,0.3111263035967086,16.4958387,115,0.030590415891755648,'Substation',' ',33.90877226,-117.2597778
814,815,-0.17217230622924928,0.3080867082806263,Riverside County,0.1632093300199353,0.921102809,115,0.19371637708688536,'Substation',' ',33.81365833,-116.5320444
815,816,-1.9637465170206423,0.8073005550815107,Riverside County,0.38860566413876807,0.0,115,0.0,'Substation',' ',33.73999442,-117.1561138
816,817,6.492279874207377,0.5134912916652823,San Bernardino County,0.24134915861456374,8.07268383,66,0.0472493625458484,'Substation',' ',34.01056535,-117.0513646
817,818,-2.1258677556035215,0.5613800056934896,Sacramento County,0.25404462471545547,0.0,66,0.0,'Substation',' ',38.63011999,-121.156246
818,819,2.17399003176926,0.4367313210222339,Sacramento County,0.19763661588467074,3.82783061,66,0.08539026106337305,'Substation',' ',38.60551183,-121.2119995
819,820,0.4816018669275972,0.31997572642348016,Sacramento County,0.3247966145362538,1.26084059,66,0.20073441573567186,'Substation',' ',38.57360799,-121.297968
820,821,3.6459499365645653,0.4472535514467784,San Joaquin County,0.19417405626535883,5.38299026,66,0.06265814151741549,'Substation',' ',38.22554469,-121.4739245
821,822,0.31373246395465304,0.28957255889995265,Sacramento County,0.3423163807108668,0.971851916,66,0.2318100784601242,'Substation',' ',38.53924448,-121.4454023
822,823,0.8487186458507626,0.3430757123179199,Sacramento County,0.31845043666708445,1.64948479,66,0.154596350217053,'Substation',' ',38.49108101,-121.479797
823,824,3.6849041876125117,0.3987222983329001,Sacramento County,0.3351861635175083,4.60851266,66,0.06717585548562399,'Substation',' ',38.67826602,-121.387198
824,825,1.5850917025349909,0.33047081208460416,Sacramento County,0.34056685917679075,2.33616173,66,0.1094913751008087,'Substation',' ',38.51711557,-121.5156782
825,826,0.8972068945721509,0.28955065278825365,Sacramento County,0.3422904845385888,1.55527656,66,0.14483018032461412,'Substation',' ',38.5204268,-121.380017
826,827,0.9378309549402314,0.28955019502629814,Sacramento County,0.3422899433981699,1.59589958,66,0.1411431366025046,'Substation',' ',38.5179733,-121.3780685
827,828,0.6286511302463773,0.3874813969971987,Sacramento County,0.27676126536314427,1.80713947,66,0.1804840907635777,'Substation',' ',38.69352934,-121.2390442
828,829,2.605284062309283,0.4092470194269591,Sacramento County,0.23071493129251142,4.04112836,66,0.08197480727597034,'Substation',' ',38.58291901,-121.18649
829,830,-1.2176265899630838,0.4950657394788244,Sacramento County,0.40464543693750465,0.0,66,0.0,'Substation',' ',38.624824,-121.447074
830,831,1.9780963350891665,0.38931032582621455,Sacramento County,0.30429293674858526,3.02108668,66,0.10505312447815543,'Substation',' ',38.60232501,-121.434024
831,832,1.1971204510029865,0.3893059041778346,Sacramento County,0.3042894806975084,2.24009895,66,0.14167561028429929,'Substation',' ',38.594444,-121.365199
832,833,1.3289209801173312,0.28955931394837425,Sacramento County,0.34230072327459515,1.98701033,66,0.11336854018476374,'Substation',' ',38.5102617,-121.398444
833,834,1.307092290961003,0.3893127871741997,Sacramento County,0.30429486058866106,2.35008923,66,0.13504959901427735,'Substation',' ',38.57744199,-121.364083
834,835,1.832762813098637,0.38213357796619174,Sacramento County,0.3176444315547205,2.72996804,66,0.10439398561127751,'Substation',' ',38.68817202,-121.308101
835,836,0.44516946540879176,0.2895613620201316,Sacramento County,0.34230314438975207,1.10326347,66,0.20418300179522347,'Substation',' ',38.59154329,-121.341395
836,837,0.07738547103183446,0.4340121563889091,Sacramento County,0.22079025756671306,1.66786541,66,0.21054605082281272,'Substation',' ',38.67975895,-121.2314119
837,838,3.178174870124778,0.38930895406920984,Sacramento County,0.30429186455517104,4.22116154,66,0.0751860253333304,'Substation',' ',38.60133847,-121.4102429
838,839,-1.1872152302306178,0.5125214843360373,Sacramento County,0.43085152441478075,0.0,66,0.0,'Substation',' ',38.64698997,-121.4109118
839,840,5.1833548817297865,0.3852618852535904,Sacramento County,0.32224981709515144,6.1558549,66,0.05090892460974147,'Substation',' ',38.43537527,-121.4360252
840,841,5.88473845667601,0.3987209129783783,Sacramento County,0.3351849989183142,6.80834372,66,0.04547047592188849,'Substation',' ',38.723503,-121.382919
841,842,-0.8175692529830143,0.4527410182729671,Sacramento County,0.20488157916911526,0.896897815,66,0.3916418508855469,'Substation',' ',38.67233617,-121.1501439
842,843,1.8486714135360247,0.41010016598614807,Sacramento County,0.3044071552736164,2.96389219,66,0.1145389785805375,'Substation',' ',38.42279888,-121.3699284
843,844,3.320951092433163,0.38930567595320864,Sacramento County,0.3042893023124591,4.36392898,66,0.07272506385634059,'Substation',' ',38.60480134,-121.3859924
844,845,10.719817743335424,0.3573702249324136,Sacramento County,0.34230011347423456,11.5320228,115,0.024108336228803796,'Substation',' ',38.51175859,-121.4715277
845,846,1.2778493536224331,0.2895609360061294,Sacramento County,0.34230264077997663,1.93594239,66,0.11636037590506727,'Substation',' ',38.55422102,-121.423867
846,847,1.7460065516285048,0.38247345863728155,Sacramento County,0.3215265656922617,2.63197588,66,0.10823149164268427,'Substation',' ',38.64185799,-121.475853
847,848,0.2539977403362501,0.29102200929940314,Sacramento County,0.341569039115156,0.917816232,66,0.24704274825296318,'Substation',' ',38.61783999,-121.266584
848,849,-0.014330980078961497,0.4101009027755409,Sacramento County,0.3044077021740608,1.1008918,66,0.30837036291487013,'Substation',' ',38.33526975,-121.1689614
849,850,-0.12066420293447633,0.4101179723825219,Sacramento County,0.3044203725188539,0.994604996,66,0.3413522618163453,'Substation',' ',38.35419211,-121.2424311
850,851,0.6479200569910663,0.29018558122044213,Sacramento County,0.3419405188683699,1.30850365,66,0.1726248883978328,'Substation',' ',38.604954,-121.306598
851,852,1.8545985847091713,0.38931109862369473,Sacramento County,0.3042935407829485,2.897591,66,0.10953093623586135,'Substation',' ',38.61621199,-121.380501
852,853,-1.340682031592124,0.5004277950368776,Sacramento County,0.39114463008198225,0.0,66,0.0,'Substation',' ',38.60873702,-121.378409
853,854,10.197227710725306,0.2895575272808654,Sacramento County,0.3422986111768277,10.855313,66,0.020751283777319815,'Substation',' ',38.534974,-121.39904
854,855,1.230732931591861,0.3728246183553714,Sacramento County,0.3080750212808966,2.21254447,66,0.1367075847243501,'Substation',' ',38.63943371,-121.3288841
855,856,1.737618719792942,0.3951012915475515,Sacramento County,0.3303191491125536,2.65893395,66,0.11445491637971371,'Substation',' ',38.70364063,-121.3265439
856,857,0.6122640143787679,0.3987133333081976,Sacramento County,0.33517862706356916,1.53585172,66,0.20156038184657335,'Substation',' ',38.71018302,-121.462789
857,858,1.677240093029108,0.41187781283600866,Sacramento County,0.28644009416755234,2.81669827,66,0.11587556643457227,'Substation',' ',38.650085,-121.307877
858,859,0.0,0.0,Sacramento County,0.0,0.0,66,0.0,'Substation',' ',38.44275499,-121.188405
859,860,-0.2447834723682728,0.41008198868800205,Sacramento County,0.30439366271721624,0.870387873,66,0.38999979308527694,'Substation',' ',38.40192239,-121.256965
860,861,1.0758646348002048,0.3199696130750142,Sacramento County,0.3247904090815231,1.85508847,66,0.13642714743443737,'Substation',' ',38.5861647,-121.2815662
861,862,1.7387504400710514,0.38931068603234564,Sacramento County,0.3042932182930863,2.78174175,66,0.11409225257880305,'Substation',' ',38.60902208,-121.4443619
862,863,0.3532425084807461,0.3950934914224616,Sacramento County,0.33031262792232263,1.27453955,66,0.23876547956576627,'Substation',' ',38.693465,-121.346564
863,864,2.905845970526154,0.47880042786881194,Sacramento County,0.33343764111513585,4.22893037,115,0.10432097541411996,'Substation',' ',38.55375189,-121.4306192
864,865,0.9394976712382608,0.3892925673817611,Sacramento County,0.30427905638411423,1.98244044,66,0.16007827278859255,'Substation',' ',38.60679914,-121.3640415
865,866,1.6691981390041528,0.38930632671178866,Sacramento County,0.30428981095871455,2.71217777,66,0.11701595605568146,'Substation',' ',38.61845199,-121.364095
866,867,1.2414351593489856,0.3892460867621427,Sacramento County,0.30444831485936064,2.28299037,66,0.13889665628142253,'Substation',' ',38.62760401,-121.398989
867,868,1.8191288408831736,0.382465347305446,Sacramento County,0.3215197468957952,2.70507938,66,0.10530211985832198,'Substation',' ',38.608322,-121.456265
868,869,3.7993589453970102,0.3316451886330187,Sacramento County,0.32409580890817064,4.61973062,66,0.05755292750939807,'Substation',' ',38.59117153,-121.2722866
869,870,2.293876051555051,0.34007247916841987,Sacramento County,0.3271120614277066,3.13965366,66,0.08811929179724333,'Substation',' ',38.478179,-121.371486
870,871,0.5619405196200276,0.3852754861307954,Sacramento County,0.3222611934610976,1.53447487,66,0.20424582152678927,'Substation',' ',38.40862902,-121.376029
871,872,-0.40895739955461585,0.4340414994699246,Sacramento County,0.22080518495139542,1.18163007,66,0.29722496855244973,'Substation',' ',38.69300512,-121.2072862
872,873,0.49326639979966025,0.3987260359155903,Sacramento County,0.335189305518866,1.41688353,66,0.218498258948059,'Substation',' ',38.71419362,-121.5761911
873,874,0.3065040252844339,0.3987058299614208,Sacramento County,0.335172319370144,1.23007435,66,0.25165568880966693,'Substation',' ',38.71405793,-121.4200798
874,875,0.44304615142767756,0.3893137201589948,Sacramento County,0.30429558982871563,1.48604559,66,0.2135736154308591,'Substation',' ',38.61265619,-121.3997156
875,876,0.8001269605475354,0.3892895535737819,Sacramento County,0.304322112188209,1.84278267,66,0.17218698273609745,'Substation',' ',38.63144972,-121.3631699
876,877,0.0,0.0,Sacramento County,0.0,0.0,66,0.0,'Substation',' ',38.35017428,-121.4084589
877,878,5.831501437520265,0.3850844152569447,Sacramento County,0.3149290487659673,6.77753503,66,0.04395897004759469,'Substation',' ',38.60566001,-121.447086
878,879,0.2429767473079103,0.38932375128955504,Sacramento County,0.3043034303661342,1.28600306,66,0.24680849897382287,'Substation',' ',38.59330343,-121.4321974
879,880,-0.03352306677767436,0.2895356907421767,Sacramento County,0.3422727972498466,0.624512594,66,0.3606455793980766,'Substation',' ',38.55524523,-121.4171834
880,881,0.2741593450473634,0.4527788060315939,Sacramento County,0.2048986794877262,1.98876951,66,0.17665262709856588,'Substation',' ',38.69601408,-121.1593285
881,882,0.09554959513891492,0.3951109253987343,Sacramento County,0.3303272033649529,1.01688729,66,0.2992887285454955,'Substation',' ',38.69350783,-121.3473313
882,883,0.5446224295263721,0.34686474260839634,Sacramento County,0.41004397563422584,1.33295139,66,0.24250662363629247,'Substation',' ',38.56339,-121.34405
883,884,2.274307862457009,0.4100966986887824,Sacramento County,0.30440458158500255,3.38951921,66,0.10015445335908597,'Substation',' ',38.37950219,-121.4534339
884,885,1.8295461321921525,0.3503869104791615,Sacramento County,0.33064841000715933,2.63616374,66,0.10117233063278659,'Substation',' ',38.4630378,-121.4472652
885,886,2.541999567183935,0.35736812003906854,Sacramento County,0.3422980973431174,3.35419984,66,0.08288552301836016,'Substation',' ',38.43017262,-121.4579264
886,887,3.495132606538932,0.33047548312287023,Sacramento County,0.3405716729175908,4.24621325,66,0.06024115516090875,'Substation',' ',38.50327002,-121.517396
887,888,0.7353811130211326,0.38246215611532075,Sacramento County,0.32151706421970827,1.62132426,66,0.1756871507505938,'Substation',' ',38.61272302,-121.422175
888,889,7.823447953564525,0.3304729280316091,Sacramento County,0.3405690397670253,8.57452279,66,0.029831728494129437,'Substation',' ',38.52432614,-121.4562977
889,890,1.6318218237873752,0.28956570993355485,Sacramento County,0.3423082842482813,2.28992571,66,0.09837629717104217,'Substation',' ',38.525576,-121.428628
890,891,3.888855909625149,0.3304681073649346,Sacramento County,0.34056407182659476,4.63991979,66,0.05512711100170589,'Substation',' ',38.52289999,-121.513505
891,892,5.1169086797118695,0.3304708749267775,Sacramento County,0.3405669239388236,5.86797885,66,0.04359075996963367,'Substation',' ',38.5245276,-121.4767157
892,893,0.0,0.0,Sacramento County,0.0,0.0,66,0.0,'Substation',' ',38.25459168,-121.3018379
893,894,2.2206460198262556,0.3987236960870527,Sacramento County,0.3351873385404601,3.14425773,66,0.09845978846585843,'Substation',' ',38.67721299,-121.364168
894,895,4.394326332278391,0.3436194220731109,Sacramento County,0.33401990411111937,5.18206847,66,0.050775391106721524,'Substation',' ',38.50348601,-121.539389
895,896,0.23720947966707873,0.3400697538073577,Sacramento County,0.3271094399322028,1.08298031,66,0.2554613597925857,'Substation',' ',38.55499099,-121.345313
896,897,0.5127520746482208,0.34007823976869583,Sacramento County,0.32711760248717686,1.35854401,66,0.20365437413784132,'Substation',' ',38.54377998,-121.332252
897,898,-0.0638158079449791,0.4100868547037887,Sacramento County,0.30439727463973176,1.05136877,66,0.32287353013796594,'Substation',' ',38.43394431,-121.297585
898,899,2.3785993254121447,0.34998498427206226,Sacramento County,0.31715841915866605,3.25931768,66,0.0857011400819038,'Substation',' ',38.67909104,-121.2633096
899,900,0.4685508192359701,0.3960903099512019,Sacramento County,0.3329735807455573,1.3860625,66,0.22041368965676056,'Substation',' ',38.657677,-121.383646
900,901,0.49903036306723403,0.31996603723363715,Sacramento County,0.3247867793650243,1.27824549,66,0.19798917617069134,'Substation',' ',38.555329,-121.322051
901,902,5.287168612794459,0.34362017212575724,Sacramento County,0.3340206332099327,6.07491247,66,0.04331300299229325,'Substation',' ',38.49399301,-121.535149
902,903,1.5918725902023996,0.4340260872031402,Sacramento County,0.22079734443747687,3.18240358,66,0.11035213164033135,'Substation',' ',38.65047402,-121.225759
903,904,1.9599592431586659,0.4100903697970013,Sacramento County,0.3043998838060138,3.07515338,66,0.1103896045912513,'Substation',' ',38.29464944,-121.2454065
904,905,2.2677436453227324,0.4002901399719504,Sacramento County,0.3087072285803803,3.33228814,66,0.0986206975043643,'Substation',' ',38.29952145,-121.5175743
905,906,1.3231635468153031,0.3792341781555821,Sacramento County,0.31797672190794324,2.27885515,66,0.13335103072945062,'Substation',' ',38.36795136,-121.5103977
906,907,-0.039736631548216605,0.42840356888407605,Sacramento County,0.2983411608252588,1.14408453,230,0.30870322103367764,'Substation',' ',38.53282983,-121.3974341
907,908,0.0025233958884008922,0.3987268824420867,Sacramento County,0.33519001715192454,0.926142487,66,0.33427674827268977,'Substation',' ',38.722573,-121.308793
908,909,0.0,0.0,Sacramento County,0.0,0.0,66,0.0,'Substation',' ',38.64303501,-121.160789
909,910,1.0299104584789118,0.35330374087927024,Sacramento County,0.32282032216326323,1.92659945,66,0.1502488901484371,'Substation',' ',38.5066606,-121.2436877
910,911,2.488180917178999,0.39673478875961116,Sacramento County,0.30465365097823793,3.49756713,66,0.08792202795633397,'Substation',' ',38.66540149,-121.290864
911,912,2.3158185127824473,0.3824706520854586,Sacramento County,0.3215242063626176,3.20178134,66,0.08896875352765486,'Substation',' ',38.62235601,-121.426218
912,913,0.8662474526695606,0.2929296202271081,Sacramento County,0.3399844833882638,1.54237277,66,0.14903797654461665,'Substation',' ',38.65262999,-121.259935
913,914,2.3438270967009096,0.3109205530151038,Sacramento County,0.3341617959179832,3.08434102,66,0.08022830838332388,'Substation',' ',38.61341999,-121.336147
914,915,1.6304606683424385,0.3400731841047455,Sacramento County,0.32711273949837905,2.47624003,66,0.1117279426271916,'Substation',' ',38.48077985,-121.3915248
915,916,0.227595933849429,0.2895776677862512,Sacramento County,0.34232242014869835,0.885726997,66,0.2543594347646821,'Substation',' ',38.55391702,-121.391103
916,917,0.0,0.0,Sacramento County,0.0,0.0,66,0.0,'Substation',' ',38.32372022,-121.445282
917,918,-0.4271232811607317,0.5544185227950464,Sacramento County,0.25089430355605946,1.67238231,66,0.3149722344924377,'Substation',' ',38.6823983,-121.1714546
918,919,0.866429718627995,0.4100913496249361,Sacramento County,0.3044006111079246,1.98162652,66,0.17130704722464105,'Substation',' ',38.26589605,-121.309889
919,920,3.9549737501269275,0.4028641211219589,Sacramento County,0.30674586111492563,5.04236049,66,0.0661498483793088,'Substation',' ',38.494742,-121.101957
920,921,1.3442575348430879,0.3849921264498938,Sacramento County,0.31512840903795286,2.28837595,66,0.13001296142438099,'Substation',' ',38.6307372,-121.4319995
921,922,3.004343278084523,0.3503935584359354,Sacramento County,0.3306546834616503,3.81097619,66,0.06998651706589677,'Substation',' ',38.47544016,-121.442723
922,923,0.48808542413340406,0.3382843261686696,Sacramento County,0.3213593761718931,1.33725266,66,0.20406603878709062,'Substation',' ',38.663934,-121.241578
923,924,2.488659082196618,0.289556307833488,Sacramento County,0.342297169614774,3.1467416,66,0.07158509081808996,'Substation',' ',38.55434672,-121.3738507
924,925,0.6086988791732977,0.34007001535960324,Sacramento County,0.32710969151649544,1.45447036,66,0.19021360338114565,'Substation',' ',38.53501886,-121.3446297
925,926,0.772552955967901,0.3987139542709799,Sacramento County,0.3351791490763425,1.6961421,66,0.1825129058425155,'Substation',' ',38.67844574,-121.3923717
926,927,-1.179382856365569,0.5091402441219862,Sacramento County,0.42800908259495407,0.0,66,0.0,'Substation',' ',38.65827499,-121.384761
927,928,2.349177483854578,0.350392991222015,Sacramento County,0.3306541482008424,3.15580909,66,0.08451591304653094,'Substation',' ',38.48167205,-121.5059655
928,929,-0.49654255693906146,0.46827545905825013,Sacramento County,0.27881523847081047,0.880795694,66,0.43599542493964943,'Substation',' ',38.48299298,-121.466524
929,930,2.3447463528786088,0.2895590399334122,Sacramento County,0.34230039934952977,3.00283508,66,0.0750171181898794,'Substation',' ',38.56339257,-121.4645509
930,931,2.6329472633133744,0.38084929399320094,Sacramento County,0.3138908450671364,3.63562071,66,0.08656844060799819,'Substation',' ',38.460453,-121.383925
931,932,2.452173700151873,0.3858125924549874,Sacramento County,0.31782354865376794,3.36764172,66,0.08639793628259533,'Substation',' ',38.65454126,-121.3572721
932,933,1.5500159749052258,0.38931692519523464,Sacramento County,0.3042980949507871,2.593024,66,0.12239969821132492,'Substation',' ',38.58118102,-121.402206
933,934,-1.1767503709936793,0.49592678440122606,Sacramento County,0.40853308982971825,0.0,66,0.0,'Substation',' ',38.65600647,-121.3361466
934,935,2.060679787583842,0.451915207540712,Sacramento County,0.34686400996234196,3.21795777,66,0.12474311669478408,'Substation',' ',38.645953,-121.385328
935,936,-1.1513063773761567,0.45700270841218316,Sacramento County,0.40511927277706905,0.0,66,0.0,'Substation',' ',38.684985,-121.266373
936,937,0.11176060258698439,0.38580410789101105,Sacramento County,0.3178165592649183,1.02720849,66,0.2832380189575175,'Substation',' ',38.66831022,-121.3324973
937,938,3.0350072484680073,0.40900728068779507,Sacramento County,0.3369307998638975,4.00551234,66,0.08163576316977703,'Substation',' ',38.6708833,-121.315493
938,939,1.1644284857077722,0.35039134842145664,Sacramento County,0.33065259794489293,1.97105631,66,0.1353150512868208,'Substation',' ',38.49382328,-121.4526031
939,940,1.6529549554915302,0.3824590899748452,Sacramento County,0.32151448666669175,2.538891,66,0.11219121757084494,'Substation',' ',38.61647671,-121.4659406
940,941,1.4730246102942282,0.39872388151627114,Sacramento County,0.3351874944216552,2.39663675,66,0.12917403479079648,'Substation',' ',38.66000402,-121.450324
941,942,1.0940129701024042,0.35736157595494217,Sacramento County,0.3422918292195224,1.90619837,66,0.14584233759277496,'Substation',' ',38.48964399,-121.4700357
942,943,2.798685404235318,0.3987272427622932,Sacramento County,0.3351903200553442,3.72230533,66,0.08317116170761765,'Substation',' ',38.70549859,-121.2994095
943,944,1.9657237725053882,0.3491844831105261,Sacramento County,0.3302366053207139,2.77691114,66,0.0964682515985971,'Substation',' ',38.47552604,-121.4090741
944,945,0.0,0.0,Sacramento County,0.0,0.0,66,0.0,'Substation',' ',38.68959453,-121.5774523
945,946,-0.09602220639912162,0.4372001416137533,Sacramento County,0.19784877404852325,1.55959373,66,0.21003007194172552,'Substation',' ',38.62642602,-121.207876
946,947,-2.203977215389353,0.5820064481726632,Sacramento County,0.2633788311098627,0.0,66,0.0,'Substation',' ',38.65551299,-121.168275
947,948,-0.8459207214780422,0.3722051174503386,Sacramento County,0.43999994050432045,0.0,66,0.0,'Substation',' ',38.52910927,-121.4014035
948,949,3.632789927028495,0.3987228425277314,Sacramento County,0.3351866209952526,4.55639966,66,0.06794435269382106,'Substation',' ',38.69715799,-121.384057
949,950,0.7340616064446238,0.34362131339848534,Sacramento County,0.3340217425995151,1.52180808,66,0.1729025185775,'Substation',' ',38.49512942,-121.3973087
950,951,2.4242690668215072,0.37449915747133217,Sacramento County,0.32035582522776457,3.36384371,66,0.08948043848878118,'Substation',' ',38.49403387,-121.4309711
951,952,0.6776246811548507,0.39872416175010644,Sacramento County,0.3351877300004139,1.60123747,66,0.19334026332293935,'Substation',' ',38.69036602,-121.4564702
952,953,0.8931294971946239,0.31092114062764475,Sacramento County,0.3341624274544324,1.63364482,66,0.15147258131412378,'Substation',' ',38.62105302,-121.329314
953,954,-1.3406646974338274,0.5004213248266336,Sacramento County,0.3911395728329292,0.0,66,0.0,'Substation',' ',38.60577299,-121.427436
954,955,-0.96544663178897,0.4247965179871468,Sacramento County,0.43777426214295184,0.0,66,0.0,'Substation',' ',38.52106626,-121.5136062
955,956,-0.3815072696166577,0.4527765072048919,Sacramento County,0.2048976391860395,1.33309419,66,0.2635356105035539,'Substation',' ',38.66579466,-121.1321368
956,957,0.0,0.0,Sacramento County,0.0,0.0,66,0.0,'Substation',' ',38.44850889,-121.4603661
957,958,0.873195078755155,0.2895471793477318,Sacramento County,0.3422863784327044,1.53125685,66,0.1470984965483803,'Substation',' ',38.53000321,-121.398755
958,959,1.5279295215336373,0.3919525875264347,Sacramento County,0.3020671671358238,2.5218179,66,0.11904945513018672,'Substation',' ',38.68203052,-121.28114
959,960,3.4481868905256405,0.385260855724571,Sacramento County,0.32224895595224895,4.42068431,66,0.07089089745290333,'Substation',' ',38.41917101,-121.418343
960,961,3.4107734818104163,0.3951090613510469,Sacramento County,0.33032564495282113,4.33210683,66,0.07025219931089888,'Substation',' ',38.67963516,-121.3369695
961,962,7.537749348628045,0.3926312148726757,Sacramento County,0.336232547170183,8.44494886,230,0.03611981642007691,'Substation',' ',38.57201028,-121.5005099
962,963,2.216544009142012,0.40934710222693727,Sacramento County,0.3049390296915173,3.32745652,66,0.10180766633524699,'Substation',' ',38.47019573,-121.4196496
963,964,5.759653100613098,0.40934926096744156,Sacramento County,0.3049406378236653,6.87057147,66,0.049306547149689704,'Substation',' ',38.4403566,-121.4044819
964,965,1.4479000131421984,0.33165549822849794,Sacramento County,0.3241058838219667,2.26829719,66,0.11722253735655518,'Substation',' ',38.60190602,-121.263944
965,966,0.38154434894277667,0.3987125326918693,Sacramento County,0.33517795402492384,1.3051302,66,0.23719136674925473,'Substation',' ',38.70823427,-121.270772
966,967,0.5391223809628143,0.3382836262972798,Sacramento County,0.32135871131627985,1.38828786,66,0.1965635023543759,'Substation',' ',38.66460565,-121.2491826
967,968,0.9971440464912751,0.291019046483695,Sacramento County,0.3415655616939226,1.66095578,66,0.13650888864417818,'Substation',' ',38.63533012,-121.2594872
968,969,2.016933911851991,0.38212713439623014,Sacramento County,0.317639075406411,2.91412401,66,0.0977935847141662,'Substation',' ',38.69272648,-121.2907574
969,970,2.535971689727608,0.28955565771985253,Sacramento County,0.3422964010870253,3.19405273,66,0.07052443736858584,'Substation',' ',38.54679563,-121.3811452
970,971,0.9136158580541278,0.3316371265722646,Sacramento County,0.3240879303675159,1.73396759,66,0.15332818013037078,'Substation',' ',38.59681517,-121.2430345
971,972,0.7653973137853937,0.38245228711049867,Sacramento County,0.3215087678342843,1.6513176,66,0.17248719423825834,'Substation',' ',38.623209,-121.474566
972,973,2.741490956208538,0.38245776866158715,Sacramento County,0.32151337590382834,3.62742394,66,0.07852385305792094,'Substation',' ',38.62012007,-121.4982792
973,974,-1.4335129453930575,0.5271457537878605,Sacramento County,0.3912871845327387,0.0,66,0.0,'Substation',' ',38.29124352,-121.3145568
974,975,0.0,0.0,Sacramento County,0.0,0.0,66,0.0,'Substation',' ',38.27720009,-121.5158684
975,976,0.03604144962390099,0.4071492856021557,Sacramento County,0.2490235880034553,1.41846517,66,0.242696205920334,'Substation',' ',38.66824147,-121.2030871
976,977,1.5313107281724805,0.3987150282536659,Sacramento County,0.3351800519205969,2.45490236,66,0.12610256772468004,'Substation',' ',38.61363946,-121.5206515
977,978,0.5845819924024267,0.3555150005319356,Sacramento County,0.315153446195632,1.48021495,66,0.19068974618399953,'Substation',' ',38.70829575,-121.2441546
978,979,0.9979816596196515,0.3987167198951317,Sacramento County,0.33518147400011267,1.92157721,66,0.16110313774819932,'Substation',' ',38.70588701,-121.3628
979,980,0.7782877659772818,0.3987210039371384,Sacramento County,0.335185075382856,1.70189324,66,0.18190257952627115,'Substation',' ',38.69719299,-121.364113
980,981,1.1962540427997084,0.38929433925258683,Sacramento County,0.3043258533311931,2.23892257,66,0.14172486066894538,'Substation',' ',38.63087111,-121.3453459
981,982,4.251278363747595,0.4100968673700073,Sacramento County,0.30440470679288156,5.36649017,66,0.06325842629731737,'Substation',' ',38.39015152,-121.3531655
982,983,0.0996245535264838,0.28954208336834714,Sacramento County,0.3422803542527001,0.757674743,66,0.29727485844021534,'Substation',' ',38.58611399,-121.307722
983,984,-1.0545220440734344,0.42630331232932595,Sacramento County,0.4165991896915157,0.0,66,0.0,'Substation',' ',38.589224,-121.267876
984,985,0.6847120102009896,0.3582481506770916,Sacramento County,0.316128470193511,1.6077046,66,0.1814911989510436,'Substation',' ',38.64518797,-121.27614
985,986,0.3420355750644426,0.2949920176004452,San Benito County,0.13929253335915318,1.92906908,66,0.11459512762929668,'Substation',' ',36.90630302,-121.6277027
986,987,2.6237998996428944,0.30739641304365733,San Benito County,0.13355775161081646,4.38940087,66,0.05372252451455199,'Substation',' ',36.85686674,-121.5119869
987,988,0.4604453998465621,0.9661051832659783,San Bernardino County,0.429446515365572,2.70720164,230,0.356405531067035,'Substation',' ',34.84485419,-114.9662705
988,989,7.391135617718763,0.5134875572921898,San Bernardino County,0.24134740339920094,8.97152808,66,0.04251489977204044,'Substation',' ',34.05100152,-117.2626686
989,990,8.062543555355674,0.8139635216435033,San Bernardino County,0.38792297304872847,9.91246065,66,0.07239628630940319,'Substation',' ',34.13546122,-117.4092334
990,991,10.374867031390224,0.5902252556708135,San Bernardino County,0.27846538687834893,11.970205,66,0.03711268141444867,'Substation',' ',34.09299679,-117.5333557
991,992,3.377804368296492,0.5911772961811883,San Bernardino County,0.2940774869823012,4.9071247,115,0.0916501428908678,'Substation',' ',34.44908567,-117.2243526
992,993,6.981849353801762,0.5911796791412871,San Bernardino County,0.2940786723710528,8.51117585,115,0.052841383323533615,'Substation',' ',34.41536392,-117.3557833
993,994,1.124883051478108,0.6818162649728796,San Bernardino County,0.3203255038209844,3.09184655,66,0.20378390824781104,'Substation',' ',33.99775834,-117.592678
994,995,22.11285755817827,0.6072353377508934,San Bernardino County,0.28649066035106474,23.7541726,66,0.01979531925164352,'Substation',' ',34.12100557,-117.5841222
995,996,3.890686750289457,0.4932216875737883,San Bernardino County,0.23182211896980726,5.40870569,66,0.06506369312914087,'Substation',' ',34.14225412,-117.2901281
996,997,7.014390815888483,0.7124483362090671,San Bernardino County,0.3395423374352236,8.63359158,66,0.06368001163002947,'Substation',' ',34.049227,-117.400217
997,998,1.2024128631727815,0.920169873403976,San Bernardino County,0.43853934913446935,3.29370803,115,0.27844460193652015,'Substation',' ',34.09303476,-117.3171676
998,999,7.45665903535062,0.7182313576457272,San Bernardino County,0.3422984399008281,9.08900303,66,0.061475257616892716,'Substation',' ',34.08959165,-117.2610465
999,1000,3.7880109069225636,0.8386243769540721,San Bernardino County,0.39967597186946713,5.6939754,66,0.1337849494606915,'Substation',' ',34.102305,-117.277863
1000,1001,18.645974361769046,1.3645855322482354,San Bernardino County,0.3097590974405374,21.8726267,66,0.04569569671505529,'Substation',' ',33.98971965,-117.6886239
1001,1002,16.708174032406678,0.5904634042039846,San Bernardino County,0.27857774419072556,18.3041557,66,0.02428983778409948,'Substation',' ',34.08426138,-117.5927555
1002,1003,6.475921043076211,0.8704325198464675,San Bernardino County,0.41483526221832995,8.45417677,66,0.09707038964757099,'Substation',' ',34.07789452,-117.4880782
1003,1004,9.51771124423155,0.6438915257833863,San Bernardino County,0.306695805161458,11.0023473,66,0.04138495523547379,'Substation',' ',34.149932,-117.251707
1004,1005,-0.9523291347861649,0.8920704693059126,San Bernardino County,0.4251475888297704,1.07510375,115,0.8017442060647855,'Substation',' ',34.20602784,-117.3351194
1005,1006,35.080935286875786,0.7288118131333287,San Bernardino County,0.3464057359104684,36.8053085,66,0.01622952764752925,'Substation',' ',34.04181302,-117.623414
1006,1007,15.273705102181372,0.5487820549476722,San Bernardino County,0.257910175326054,16.8459426,66,0.02407084354642161,'Substation',' ',34.04205824,-117.7230212
1007,1008,2.362858702165399,0.6646505863346934,San Bernardino County,0.31638637425969834,3.90722072,66,0.1250543888821006,'Substation',' ',34.08378134,-117.4926085
1008,1009,-1.9851833383551667,0.8543678584310642,San Bernardino County,0.406695419473999,0.0,66,0.0,'Substation',' ',34.079955,-117.493451
1009,1010,25.43058290574298,0.5904627111280226,San Bernardino County,0.27857741720087875,27.0265627,66,0.016450627996023714,'Substation',' ',34.09135901,-117.566609
1010,1011,-2.082259882146468,0.8953717493229812,San Bernardino County,0.43000014804949654,0.0,66,0.0,'Substation',' ',34.35461599,-114.2612991
1011,1012,14.292066191203395,0.5911792587930155,San Bernardino County,0.2940784632714072,15.8213916,115,0.02842617624487737,'Substation',' ',34.41278889,-117.2898222
1012,1013,-1.797044031692018,0.629572811124092,San Bernardino County,0.31074281463013737,0.0,115,0.0,'Substation',' ',34.13644282,-116.1806786
1013,1014,12.28237812237361,0.4932215374373706,San Bernardino County,0.2318220484032783,13.8003966,66,0.025500002876538762,'Substation',' ',34.10791101,-117.186797
1014,1015,-2.057685590722425,0.823169014555967,San Bernardino County,0.39022972745843676,0.0,66,0.0,'Substation',' ',34.06297519,-117.5290494
1015,1016,0.0,0.0,San Bernardino County,0.0,0.0,66,0.0,'Substation',' ',34.04389897,-117.5413393
1016,1017,4.148602696212238,0.6965542023287374,San Bernardino County,0.33451849508579135,5.76849619,66,0.0939385787721473,'Substation',' ',34.47871451,-114.4169599
1017,1018,0.0,0.0,San Bernardino County,0.0,0.0,66,0.0,'Substation',' ',34.06666802,-117.5215658
1018,1019,0.0,0.0,San Bernardino County,0.0,0.0,115,0.0,'Substation',' ',35.76518459,-117.3864132
1019,1020,3.4050429097919346,0.513484190536293,San Bernardino County,0.24134582096982748,4.98542501,115,0.07650674007846238,'Substation',' ',34.0633109,-117.1207692
1020,1021,13.8502790669997,0.6238614082039483,San Bernardino County,0.29309761318959965,15.6500493,66,0.03370649826528516,'Substation',' ',34.04688623,-117.6749861
1021,1022,4.0720935796068325,0.560571467988794,San Bernardino County,0.2651739878292096,5.5181372,66,0.06948960119995638,'Substation',' ',34.05626401,-117.6435967
1022,1023,6.051751389015078,0.7161602892333655,San Bernardino County,0.3413113993338399,7.67938841,115,0.07234053541510164,'Substation',' ',34.10192228,-117.3535111
1023,1024,5.185850686826969,0.5487836554439174,San Bernardino County,0.2579109275085707,6.75809277,66,0.0600019010894939,'Substation',' ',33.996246,-117.733345
1024,1025,6.88120381188417,0.7131414523709655,San Bernardino County,0.33987266634437285,8.50197984,115,0.06479166977450392,'Substation',' ',34.42411111,-117.555725
1025,1026,0.24161946256174271,0.5902090839016377,San Bernardino County,0.2784577571168014,1.83691372,66,0.24183066195812955,'Substation',' ',34.09293314,-117.5313242
1026,1027,-2.3476526106216653,1.0094906225673161,San Bernardino County,0.4299996338037999,0.0,230,0.0,'Substation',' ',34.78158159,-116.3847321
1027,1028,14.202955836727135,0.597657848289299,San Bernardino County,0.28317650779482173,15.7102099,66,0.027168252029348465,'Substation',' ',34.11371501,-117.45412
1028,1029,1.0917603012114185,0.5902171349220556,San Bernardino County,0.27846155554883034,2.68707632,66,0.1653225019614759,'Substation',' ',34.10092769,-117.5305121
1029,1030,2.055960297750572,0.07483619575274253,San Bernardino County,0.038109128658392416,3.53541461,115,0.01594741238276631,'Substation',' ',34.57613889,-117.4131611
1030,1031,0.0,0.0,San Bernardino County,0.0,0.0,66,0.0,'Substation',' ',34.0829,-117.506054
1031,1032,12.456974842350759,0.5702399571914081,San Bernardino County,0.2628999590697857,14.0233255,66,0.029364898061085262,'Substation',' ',34.09297352,-117.6975826
1032,1033,8.852864665554977,0.5934644843507968,San Bernardino County,0.29390436488272315,10.3880582,115,0.043434496806451034,'Substation',' ',34.47410279,-117.2943238
1033,1034,2.01789961570172,0.8901929846912432,San Bernardino County,0.4242528074369812,4.04106549,115,0.21240284380586463,'Substation',' ',34.16998056,-117.3302444
1034,1035,0.0,0.0,San Bernardino County,0.0,0.0,66,0.0,'Substation',' ',33.96403334,-117.6953973
1035,1036,1.2031089649218254,0.7182430486343969,San Bernardino County,0.34230401165307744,2.83547953,66,0.19706260864124808,'Substation',' ',34.10043039,-117.2927014
1036,1037,34.9115050687091,0.6439636005146178,San Bernardino County,0.30586493715598906,36.4683353,66,0.013057348983416192,'Substation',' ',34.07700769,-117.5007479
1037,1038,4.762304538924269,0.5134868485936139,San Bernardino County,0.24134707029948188,6.34269482,115,0.06013572702011263,'Substation',' ',34.02718056,-117.1112667
1038,1039,-1.283115255749294,0.5517395599721964,San Bernardino County,0.43000022412934485,0.0,66,0.0,'Substation',' ',34.86323332,-117.0309806
1039,1040,13.123522527790374,0.7609623276965897,San Bernardino County,0.3077506786240892,15.0232719,66,0.03891623358778453,'Substation',' ',34.093625,-117.650043
1040,1041,-2.057685590722425,0.823169014555967,San Bernardino County,0.39022972745843676,0.0,66,0.0,'Substation',' ',34.04854595,-117.5249344
1041,1042,-1.9902488195622272,0.6466545678694895,San Bernardino County,0.3039380382935473,0.0,115,0.0,'Substation',' ',34.07434697,-117.047645
1042,1043,-2.4133573986183534,0.9908899383080692,San Diego County,0.3758921986328813,0.0,115,0.0,'Substation',' ',33.10049167,-116.1153639
1043,1044,6.101309237635505,0.9760121282173772,San Diego County,0.3215175376347389,8.3708155,66,0.08717024824188903,'Substation',' ',32.82773264,-116.7898943
1044,1045,31.891034875377635,0.8635110439036907,San Diego County,0.29962502448606454,33.9085724,66,0.017827489847863056,'Substation',' ',33.13668611,-117.0703361
1045,1046,9.926024413393918,0.7707576081146763,San Diego County,0.27820623315992726,11.765349,66,0.04349310545723025,'Substation',' ',33.38465278,-117.2368917
1046,1047,0.7160491769187904,0.7088982641656573,San Diego County,0.2689191976045843,2.44260306,66,0.19008552493145495,'Substation',' ',32.65348001,-116.679885
1047,1048,9.302251759336107,1.2858065893430306,San Diego County,0.4223941509656938,12.2824644,230,0.10248956130094329,'Substation',' ',33.10114166,-117.2504194
1048,1049,17.90111310965188,0.81178806952957,San Diego County,0.2835211226124048,19.7770945,66,0.026893755793677317,'Substation',' ',33.02151944,-117.0963
1049,1050,0.0,0.0,San Diego County,0.0,0.0,66,0.0,'Substation',' ',32.56260275,-116.9431646
1050,1051,0.0,0.0,San Diego County,0.0,0.0,66,0.0,'Substation',' ',33.27086111,-116.3482139
1051,1052,-0.37635406098373014,0.7598137427168853,San Diego County,0.28823388679170586,1.47420678,66,0.3618178610881633,'Substation',' ',33.00599188,-116.5862104
1052,1053,0.0,0.0,San Diego County,0.0,0.0,66,0.0,'Substation',' ',32.66173953,-116.2732725
1053,1054,1.527096959341666,0.9767256590679405,San Diego County,0.2782042147183818,3.78404232,66,0.16593147185633136,'Substation',' ',32.70748299,-117.245054
1054,1055,-2.3786235850134227,0.9766287325538373,San Diego County,0.37048223756771254,0.0,66,0.0,'Substation',' ',32.65325187,-116.488157
1055,1056,4.743412949214122,1.1212417054889043,San Diego County,0.36926802038606,7.34987226,115,0.13095221738053928,'Substation',' ',33.13739001,-117.332713
1056,1057,7.948396915688406,1.015598125620035,San Diego County,0.3345579415823453,10.3099519,115,0.07663245979690891,'Substation',' ',32.85492699,-117.0120254
1057,1058,16.537287965275148,1.0641768397779037,San Diego County,0.35056072280395445,19.0118023,115,0.045627843172442964,'Substation',' ',32.95836111,-117.1088083
1058,1059,27.935197840269932,1.1919315680083735,San Diego County,0.29553090438427077,30.7062223,66,0.026669622744669646,'Substation',' ',32.74376949,-117.0467861
1059,1060,24.318241963572866,1.0338361250137582,San Diego County,0.3045868438881132,26.7219995,66,0.027398882388745147,'Substation',' ',32.8259013,-117.1839957
1060,1061,17.914822164746727,0.8077587496939173,San Diego County,0.29652169002097306,19.8602923,115,0.029046606347814516,'Substation',' ',33.01815277,-116.8529417
1061,1062,6.08302108251449,1.121511764472933,San Diego County,0.3671969360296783,8.69083562,66,0.11018290412658062,'Substation',' ',32.98069444,-117.2553722
1062,1063,-0.7609980838269412,0.9046722608949445,San Diego County,0.3431856879792591,1.44237225,66,0.5242510481517435,'Substation',' ',32.86525136,-116.6337687
1063,1064,12.673429148456005,0.9914740998685865,San Diego County,0.3266110143534705,14.9788889,66,0.05026998684814893,'Substation',' ',32.681563,-117.120109
1064,1065,14.525673332407342,1.0156802558243199,San Diego County,0.3267664741426798,16.8873452,66,0.04569783942447094,'Substation',' ',32.90154502,-117.22992
1065,1066,32.05867721153433,0.9069862241085961,San Diego County,0.2980660625466305,34.1676723,66,0.018398088591745965,'Substation',' ',33.05067224,-117.2853194
1066,1067,13.770636304938016,0.7642730458272732,San Diego County,0.3366669269229986,15.5076205,66,0.03770953326239422,'Substation',' ',33.11580789,-117.0890752
1067,1068,7.353448471899181,1.0137819239951307,San Diego County,0.3339596491458016,9.71078027,230,0.08107007658757284,'Substation',' ',32.77171299,-117.164406
1068,1069,11.452963853324222,0.8595677788971026,San Diego County,0.3204473005028349,13.4247087,66,0.04706547661608695,'Substation',' ',33.0932544,-117.0736853
1069,1070,37.029710346636264,0.9762905418430327,San Diego County,0.3216092525435774,39.299864,66,0.018577733999725354,'Substation',' ',32.89497223,-117.1563222
1070,1071,10.393038512586623,0.9914768676452961,San Diego County,0.3266119261134033,12.6985047,66,0.059297749605149004,'Substation',' ',32.65520139,-117.1153578
1071,1072,48.64485373343776,0.9608291535677344,San Diego County,0.3052408136321458,50.8789907,66,0.01340336700977663,'Substation',' ',32.82811905,-117.136126
1072,1073,3.159099600677086,1.1946012161586517,San Diego County,0.3824471519483836,5.93678114,66,0.1789381095045135,'Substation',' ',32.87960999,-117.21362
1073,1074,-0.5409298479568876,0.7598249586743153,San Diego County,0.28823814154365685,1.30965831,66,0.40728951004952774,'Substation',' ',32.79833889,-116.4983278
1074,1075,27.625883175327623,0.974051138606318,San Diego County,0.32112314751102367,29.8913852,66,0.02433828797119078,'Substation',' ',32.80440834,-116.9208861
1075,1076,-0.4476351648962562,0.932820106774209,San Diego County,0.3066245264422617,1.71648165,66,0.38658804976639294,'Substation',' ',33.37825236,-117.457539
1076,1077,24.08883068432751,1.8665777279214086,San Diego County,0.33536058190112805,28.4275553,66,0.05118404296343676,'Substation',' ',32.58336664,-117.0972389
1077,1078,3.715718380789162,1.2800598117264397,San Diego County,0.4216768078929132,6.69222213,66,0.18754945297198533,'Substation',' ',32.74416116,-116.9573083
1078,1079,-2.781896803134779,1.199107763071198,San Diego County,0.39415515096089415,0.0,66,0.0,'Substation',' ',33.37430389,-117.5547883
1079,1080,-2.8711119575583655,1.2347709971920804,San Diego County,0.39236648272289343,0.0,66,0.0,'Substation',' ',32.83287778,-117.1319611
1080,1081,7.372543087460892,1.1553501928958205,San Diego County,0.3290824707585107,10.0422408,66,0.0874855260810629,'Substation',' ',32.73318101,-117.173771
1081,1082,7.009418502185818,0.8502118052001795,San Diego County,0.2706482434861276,8.98434248,66,0.05949346953368193,'Substation',' ',32.84011391,-117.2752889
1082,1083,22.85007547617291,0.9328486454471236,San Diego County,0.306633907304664,25.0142585,66,0.026529345122044017,'Substation',' ',33.31285,-117.4669222
1083,1084,1.5055531783957687,1.0596978355058617,San Diego County,0.34230214919180885,3.91395735,66,0.2106312998179825,'Substation',' ',33.25324444,-117.0858528
1084,1085,54.181312520804994,0.9245655571085585,San Diego County,0.30308944342257593,56.3204751,66,0.011511934058926596,'Substation',' ',33.2065,-117.2529028
1085,1086,0.0,0.0,San Diego County,0.0,0.0,66,0.0,'Substation',' ',32.82961391,-117.1572528
1086,1087,11.19723650869074,1.0137840283430517,San Diego County,0.33396034235927957,13.5545732,230,0.05808054277103553,'Substation',' ',32.90491833,-117.1731498
1087,1088,6.608132131293031,1.16871011402446,San Diego County,0.3849960335598103,9.32571611,66,0.11219074656861619,'Substation',' ',32.89420147,-117.1355055
1088,1089,3.1026719313811584,0.9304323127574842,San Diego County,0.3403365009752395,5.33230091,66,0.14230707116191865,'Substation',' ',33.32911388,-117.2352528
1089,1090,15.1364746356909,1.3367117766739545,San Diego County,0.3055273584881535,18.2439385,66,0.05204003653376428,'Substation',' ',32.63166669,-117.0996723
1090,1091,13.536270406261051,0.8454720774316479,San Diego County,0.28913126043941617,15.5208488,66,0.03696986291256017,'Substation',' ',33.25221389,-117.3003
1091,1092,25.975753813137448,0.9809980749347814,San Diego County,0.3205886135279259,28.2568391,66,0.025880105232797136,'Substation',' ',32.79085555,-117.02305
1092,1093,12.025951701052957,1.7060896839025268,San Diego County,0.36189548244204994,15.9919505,66,0.08974996819240597,'Substation',' ',32.67309101,-117.107385
1093,1094,11.500061006111691,0.9328475980472158,San Diego County,0.30663356301695144,13.6642416,66,0.048565476661076766,'Substation',' ',33.19678962,-117.3818318
1094,1095,15.667931077709541,2.0996264269535208,San Diego County,0.37723151293690255,20.5483605,66,0.08959604221234113,'Substation',' ',32.59534999,-117.057828
1095,1096,1.9609823971901679,1.1058490160215464,San Diego County,0.33811682452616004,4.50484756,66,0.1909329004846467,'Substation',' ',32.59710005,-116.9276917
1096,1097,23.876692474605935,1.111582586308346,San Diego County,0.3202597127873362,26.4506027,66,0.031164497795170894,'Substation',' ',32.799202,-117.2402
1097,1098,0.0,0.0,San Diego County,0.0,0.0,66,0.0,'Substation',' ',33.35572399,-117.1122384
1098,1099,25.302173192449533,1.0885457129708043,San Diego County,0.3585883075822551,27.8333521,66,0.03261019935311431,'Substation',' ',32.70448899,-117.049995
1099,1100,-2.781604464017615,1.198981753326895,San Diego County,0.3941137306721446,0.0,66,0.0,'Substation',' ',33.30916945,-117.3350361
1100,1101,12.220997519186493,1.2555103026506484,San Diego County,0.35761142811900387,15.1221378,66,0.06860676266257051,'Substation',' ',32.74148888,-117.2334
1101,1102,10.534841902998132,1.161160724391625,San Diego County,0.3825091165480028,13.2348714,66,0.07803520459985223,'Substation',' ',32.97875278,-117.0312833
1102,1103,8.7186648763575,1.2795642485508691,San Diego County,0.421513559663362,11.6940163,230,0.10724723975534406,'Substation',' ',32.66511502,-116.986682
1103,1104,16.52914522562011,0.9968204653159529,San Diego County,0.3283722119905043,18.8470368,66,0.040384660544265386,'Substation',' ',32.993825,-117.0779056
1104,1105,2.3458875033801325,1.0029858833355276,San Diego County,0.3281287395057177,4.62679031,66,0.16176003508385295,'Substation',' ',33.01432222,-117.1985694
1105,1106,1.3520754603210254,0.9339382137336516,San Diego County,0.35428767108790954,3.62672435,66,0.2222060404637764,'Substation',' ',33.28585277,-116.9586528
1106,1107,6.756861737975715,1.0928826563735738,San Diego County,0.34789774674361174,9.29547641,66,0.09501162557923391,'Substation',' ',32.84455,-117.2370528
1107,1108,26.554266352510062,1.18436394674852,San Diego County,0.33734656060982615,29.2910069,66,0.03151923094105662,'Substation',' ',32.69439301,-117.142389
1108,1109,35.23201209977491,0.9958710150882404,San Diego County,0.32265779354887864,37.503765,66,0.01954467180228153,'Substation',' ',33.12880001,-117.1972333
1109,1110,3.7268756302816364,2.378054752578896,San Diego County,0.4128723100000419,9.25723552,66,0.24665381558744195,'Substation',' ',32.56217,-117.026761
1110,1111,-2.378681086913172,0.9766523420092492,San Diego County,0.3704911937693655,0.0,66,0.0,'Substation',' ',33.11050944,-116.6710459
1111,1112,13.98974000952952,1.0626933896179684,San Diego County,0.3500720452262513,16.4608049,66,0.05255215315101532,'Substation',' ',32.85443801,-116.968369
1112,1113,-2.9635151249706313,1.274473991146199,San Diego County,0.419836729038659,0.0,66,0.0,'Substation',' ',32.67037102,-117.114654
1113,1114,16.261677957903057,0.9631918409964342,San Diego County,0.31729428357889417,18.5013734,66,0.03841025989643903,'Substation',' ',32.91098058,-117.1125945
1114,1115,20.74631608331658,0.9918802286574036,San Diego County,0.3267448011419416,23.0527202,66,0.032690526233805584,'Substation',' ',32.73897899,-117.002741
1115,1116,4.3035067306925106,1.6407049957523872,San Diego County,0.3881160347262482,8.07968037,66,0.1813925145810946,'Substation',' ',32.71415112,-117.1695014
1116,1117,28.44354114046727,1.137982512627561,San Diego County,0.3061107843334461,31.089281,66,0.02605044174369375,'Substation',' ',32.75496001,-117.12596
1117,1118,29.21918678661528,0.9675590784454556,San Diego County,0.3187329372495613,31.4690373,66,0.02278752462832874,'Substation',' ',32.745658,-117.078598
1118,1119,-2.7818856864419255,1.1991029713360462,San Diego County,0.3941535758838658,0.0,66,0.0,'Substation',' ',33.25671667,-117.416575
1119,1120,10.027986270048155,1.0048081125866233,San Diego County,0.3310034996637951,12.3644514,66,0.0625485199332406,'Substation',' ',32.65802001,-117.030314
1120,1121,13.583091032934304,1.8101649149805599,San Diego County,0.3839719045179978,17.7910245,66,0.09081704246060908,'Substation',' ',32.65832702,-117.091735
1121,1122,0.25779198984052343,1.0150878346496346,San Diego County,0.32995375187410525,2.61812132,66,0.2974650227991012,'Substation',' ',32.89869101,-117.240009
1122,1123,13.632217168361702,1.2763909044943653,San Diego County,0.3019359226037035,16.5699017,66,0.05353034106284637,'Substation',' ',32.7132472,-117.1514583
1123,1124,19.64417053216479,1.0614480908953268,San Diego County,0.3239780662420082,22.1121927,66,0.03616036908803082,'Substation',' ',32.730044,-117.110966
1124,1125,-1.0127700869131724,0.9766523420092494,San Diego County,0.37049119376936557,1.365911,66,0.6451960599827318,'Substation',' ',33.24728884,-116.6759305
1125,1126,0.62791038300788,0.9033111634920327,San Diego County,0.2975684139646724,2.72836619,66,0.22908556240741682,'Substation',' ',33.01541111,-117.0023194
1126,1127,78.12552499837562,0.6318359906807018,San Mateo County,0.2150609706322894,80.1612283,115,0.005461497250619043,'Substation',' ',37.69167955,-122.4559379
1127,1128,17.083215622276676,0.9378236505115927,San Francisco County,0.26970793830226986,19.8952502,230,0.03812106109590176,'Substation',' ',37.78753484,-122.3934471
1128,1129,111.51554751512654,1.2688546029286945,San Francisco County,0.21297881181404635,114.977207,115,0.0064122285036300655,'Substation',' ',37.78365957,-122.4170094
1129,1130,38.94825673845296,0.6196652482870053,San Francisco County,0.21091835813298557,40.9447473,115,0.010284506292935513,'Substation',' ',37.77735298,-122.4138229
1130,1131,1.0266516419586917,1.0646686371381757,San Joaquin County,0.3422992233087898,3.44635309,115,0.24032996755526692,'Substation',' ',37.65340549,-121.5268002
1131,1132,3.3980495859693596,0.15950462337776436,San Joaquin County,0.07018118568671451,5.15586295,66,0.023927212049657504,'Substation',' ',37.70515812,-121.3193468
1132,1133,0.0,0.0,San Joaquin County,0.0,0.0,115,0.0,'Substation',' ',37.72176524,-121.5487876
1133,1134,-0.2820554115409135,0.5033739075231303,San Joaquin County,0.17955049351574323,1.69527409,66,0.209423650098321,'Substation',' ',37.80950607,-121.2831109
1134,1135,1.1847485420260817,0.6311878702020988,San Joaquin County,0.22020282397993618,3.24371115,115,0.13977489356441342,'Substation',' ',37.7407682,-121.4122755
1135,1136,2.1492297292321796,0.6311881745492812,San Joaquin County,0.22020293015768802,4.20819333,115,0.10773977867055319,'Substation',' ',37.84226199,-121.054125
1136,1137,21.56085629387223,1.0646716546962183,San Joaquin County,0.34230019347710156,23.9805646,115,0.03453907925694483,'Substation',' ',37.752922,-121.350604
1137,1138,1.5628795408761276,0.6311819111009902,San Joaquin County,0.2202007450253897,3.62182271,66,0.12518029072881195,'Substation',' ',37.74748343,-121.326734
1138,1139,0.8352821775208019,0.631184885725278,San Joaquin County,0.2202017827840339,2.89423505,115,0.15665109618108836,'Substation',' ',37.69223945,-121.4166814
1139,1140,1.942143111267275,0.44724850619811146,San Joaquin County,0.1941718658827551,3.67916384,66,0.09167315472829181,'Substation',' ',37.955259,-121.332594
1140,1141,21.795862135320952,0.4488804766818443,San Joaquin County,0.1948803819526816,23.5392211,66,0.01443320743171422,'Substation',' ',38.00551199,-121.238009
1141,1142,2.7187409842236123,0.45541248790765815,San Joaquin County,0.19771623895411683,4.48746893,66,0.07792950605943215,'Substation',' ',38.19022444,-121.1818846
1142,1143,11.290421184668034,0.4472493266844339,San Joaquin County,0.19417222209492338,13.0274451,66,0.025890095170850638,'Substation',' ',37.97921029,-121.316392
1143,1144,7.73559529944185,0.16036021258705058,San Joaquin County,0.07305504205690094,9.3247408,66,0.012450221820408197,'Substation',' ',37.96293399,-121.261635
1144,1145,25.79230306959466,0.22819702790130833,San Joaquin County,0.09788581790643512,27.5264415,66,0.00616670914848214,'Substation',' ',37.88208899,-121.290364
1145,1146,47.75277471867249,0.40597900488868965,San Joaquin County,0.14817577162005646,49.5470883,66,0.005366083226358841,'Substation',' ',37.83082516,-121.2636809
1146,1147,26.08891124638013,0.4472515766208608,San Joaquin County,0.19417319889942483,27.8259439,66,0.012121248722352481,'Substation',' ',38.02160701,-121.320379
1147,1148,3.5552569625335293,0.447255089641696,San Joaquin County,0.19417472406899164,5.29230326,66,0.06373226720677672,'Substation',' ',37.96372899,-121.290389
1148,1149,0.8088290085550485,0.6311898301606472,San Joaquin County,0.22020350775164296,2.86779801,115,0.15809767455347246,'Substation',' ',37.74881851,-121.4160218
1149,1150,-2.646622854020541,0.8113387955603837,San Joaquin County,0.28305216627447566,0.0,115,0.0,'Substation',' ',37.74589043,-121.3411874
1150,1151,-0.38451822711659855,0.4472527310326543,San Joaquin County,0.1941737000845352,1.35251891,66,0.24937686682560176,'Substation',' ',37.938572,-121.329094
1151,1152,-2.3726441109439533,0.41461131796676853,San Joaquin County,0.15662769680988226,0.0,66,0.0,'Substation',' ',37.75580975,-121.1465203
1152,1153,4.6716286192739656,0.3165623445922209,San Joaquin County,0.13905143985458682,6.35588657,66,0.03684749413880601,'Substation',' ',38.01698501,-121.095863
1153,1154,-0.3185507395290217,0.6311926192352446,San Joaquin County,0.22020448077747506,1.74042736,115,0.2605085473598741,'Substation',' ',37.72172801,-121.391948
1154,1155,0.1068242830637427,0.46363210733086835,San Joaquin County,0.2547172636814544,1.59915823,66,0.23770206870807792,'Substation',' ',37.99144843,-121.4788758
1155,1156,4.502720895298965,0.447249014970897,San Joaquin County,0.1941720867652392,6.2397436,66,0.0540537151767582,'Substation',' ',38.07792237,-121.2869017
1156,1157,-0.18546794820089318,0.44724788810861016,San Joaquin County,0.19417159754068108,1.55155038,66,0.21738232163895993,'Substation',' ',37.96937502,-121.280239
1157,1158,5.640354029808211,0.15957212773314863,San Joaquin County,0.07040166718597322,7.38530626,66,0.01663404899411498,'Substation',' ',37.96883799,-121.185983
1158,1159,10.127816839569949,0.4472517328624891,San Joaquin County,0.1941732667313529,11.8648501,66,0.028427280560309475,'Substation',' ',38.02187,-121.280979
1159,1160,32.10235236805597,0.44725190576406726,San Joaquin County,0.19417334179615822,33.8393863,66,0.009967251781362638,'Substation',' ',37.94631912,-121.3285144
1160,1161,5.491780724423398,0.4472541236042095,San Joaquin County,0.19417430466613472,7.22882327,66,0.04665891195080072,'Substation',' ',37.98051101,-121.298545
1161,1162,0.0,0.0,San Joaquin County,0.0,0.0,115,0.0,'Substation',' ',37.71339419,-121.487862
1162,1163,0.0,0.0,San Joaquin County,0.0,0.0,66,0.0,'Substation',' ',37.94339396,-121.3298474
1163,1164,-0.2650783895517519,0.5033682809623371,San Joaquin County,0.17954848655480998,1.71222901,66,0.20734524936190868,'Substation',' ',37.80650699,-121.290899
1164,1165,1.4960280553807785,0.15950721134633555,San Joaquin County,0.0701823243791173,3.25386994,66,0.037914677485094896,'Substation',' ',37.90818416,-121.271139
1165,1166,8.66300849608943,0.44725148657762775,San Joaquin County,0.19417315980737124,10.4000408,66,0.03243112768728688,'Substation',' ',37.97851302,-121.27781
1166,1167,2.183558836169573,0.4472502892738982,San Joaquin County,0.19417264000082976,3.92058649,66,0.0860287730315322,'Substation',' ',38.11646156,-121.4221819
1167,1168,0.0,0.0,San Joaquin County,0.0,0.0,115,0.0,'Substation',' ',37.85642659,-120.9444262
1168,1169,-2.2735925815795666,0.5854051531995463,San Joaquin County,0.25415224269924236,0.0,66,0.0,'Substation',' ',38.14550601,-121.177581
1169,1170,0.6519746539803619,0.4541833185231377,San Joaquin County,0.19718259801497287,2.41592876,66,0.14396991300527054,'Substation',' ',38.05163078,-121.2098926
1170,1171,4.866168461062629,0.4472540034538304,San Joaquin County,0.1941742525031359,6.60321054,66,0.051079523392594604,'Substation',' ',37.99020651,-121.2836808
1171,1172,10.023336879299993,0.0,San Luis Obispo County,0.0,11.8043339,66,0.0,'Substation',' ',35.46547218,-120.6714417
1172,1173,8.98419003801947,0.0,San Luis Obispo County,0.0,10.5357805,66,0.0,'Substation',' ',35.36124621,-120.8114339
1173,1174,-2.2608899737113988,0.0,San Luis Obispo County,0.0,0.0,115,0.0,'Substation',' ',35.04694437,-120.5861056
1174,1175,0.05778711570972761,0.0,San Luis Obispo County,0.0,1.45767854,66,0.0,'Substation',' ',35.60042605,-121.1153792
1175,1176,0.0,0.0,San Luis Obispo County,0.0,0.0,115,0.0,'Substation',' ',35.38068154,-120.0401942
1176,1177,-0.6017336292398279,0.0,San Luis Obispo County,0.0,1.19772994,66,0.0,'Substation',' ',35.4487033,-120.8703597
1177,1178,0.0,0.0,San Luis Obispo County,0.0,0.0,66,0.0,'Substation',' ',35.68655,-120.3362306
1178,1179,8.511845675043467,0.0,San Luis Obispo County,0.0,10.2603153,115,0.0,'Substation',' ',35.28670653,-120.7059138
1179,1180,-1.994462932459823,0.0,San Luis Obispo County,0.0,0.0,66,0.0,'Substation',' ',35.32017501,-120.6931445
1180,1181,8.055097761869419,0.0,San Luis Obispo County,0.0,9.60670367,66,0.0,'Substation',' ',35.30408758,-120.6579827
1181,1182,23.334247388620618,0.0,San Luis Obispo County,0.0,25.3380206,115,0.0,'Substation',' ',35.10171139,-120.5809911
1182,1183,13.007611250616781,0.0,San Luis Obispo County,0.0,14.7103993,66,0.0,'Substation',' ',35.61563887,-120.6794917
1183,1184,7.575936460060501,0.0,San Luis Obispo County,0.0,8.97583846,66,0.0,'Substation',' ',35.57091817,-121.0553711
1184,1185,15.596905368792358,0.45172335883915743,San Joaquin County,0.19611461242035313,17.3513055,66,0.0198292573294847,'Substation',' ',38.12992772,-121.2515619
1185,1186,7.693373044346114,0.0,San Luis Obispo County,0.0,9.45223962,115,0.0,'Substation',' ',35.04087227,-120.5908509
1186,1187,11.032382726055038,0.4203818217242682,San Mateo County,0.1740981378778301,12.6622396,66,0.02240954647242649,'Substation',' ',37.48034045,-122.1677091
1187,1188,27.61526270659725,0.37127457882067244,Santa Clara County,0.14228438939639793,29.3418596,66,0.008372604465448666,'Substation',' ',37.42741667,-122.1752194
1188,1189,9.518274451840934,0.5402765762271365,San Mateo County,0.20628460254203224,11.3914857,115,0.03392135564931246,'Substation',' ',37.6262453,-122.4035241
1189,1190,-2.2045643090776816,0.6499440771760934,San Mateo County,0.23340843133609576,0.0,115,0.0,'Substation',' ',37.49770281,-122.2140334
1190,1191,-0.9933897779419726,0.42039609996918825,San Mateo County,0.17410405111128663,0.636522454,66,0.4458198147664033,'Substation',' ',37.47765834,-122.1685056
1191,1192,21.384078718921188,0.5136959700386515,San Mateo County,0.1801605319735584,23.3354532,66,0.01506551690158669,'Substation',' ',37.56489266,-122.319312
1192,1193,25.65746710949987,0.6916153080375499,San Mateo County,0.22497106335878547,27.8240006,115,0.01751751483071187,'Substation',' ',37.58992414,-122.363374
1193,1194,5.4086916328200365,0.3712733883524216,Santa Clara County,0.14228393317058063,7.13528299,66,0.03442977799509758,'Substation',' ',37.43002883,-122.1759994
1194,1195,4.503567574132726,0.39789840561280737,San Mateo County,0.1524874982398507,6.35397746,66,0.04440751891086947,'Substation',' ',37.55280499,-122.376312
1195,1196,-0.27590673458822823,0.3978848926906542,San Mateo County,0.15248231965239217,1.57444031,66,0.1792034970959054,'Substation',' ',37.52998867,-122.3617254
1196,1197,47.820558520627344,0.6588748526407546,San Mateo County,0.22176543839544985,49.9285886,115,0.009363136988472203,'Substation',' ',37.65381238,-122.4031653
1197,1198,2.0405752060657627,0.36972044173886537,San Mateo County,0.14168879395750303,3.75994465,66,0.0647922790242204,'Substation',' ',37.45715557,-122.1869222
1198,1199,4.097699327997136,0.3782268376114442,San Mateo County,0.144948719122696,5.85662741,66,0.0435326263166288,'Substation',' ',37.46884722,-122.4301222
1199,1200,16.21804153279868,0.3961887205886076,San Mateo County,0.15183229181418817,18.0605006,66,0.01548931499423709,'Substation',' ',37.46284168,-122.2279056
1200,1201,2.605613102136297,0.3697155978998765,San Mateo County,0.14168693764222542,4.32496002,66,0.05632630091611967,'Substation',' ',37.43280833,-122.2027583
1201,1202,3.804617542931701,0.8184635625174987,San Mateo County,0.2687298400396969,6.3832911,115,0.10855944396857606,'Substation',' ',37.60593813,-122.3918934
1202,1203,7.673835377453801,0.3782188406667533,San Mateo County,0.14494565443564955,9.43272627,66,0.027027561725377253,'Substation',' ',37.59480099,-122.488816
1203,1204,33.85425159341452,0.3843021833747642,Santa Clara County,0.14785930346415876,35.5415633,115,0.007019520541535957,'Substation',' ',37.43977501,-122.1153222
1204,1205,0.11221490740198381,0.39789411285958043,San Mateo County,0.15248585311840535,1.96260483,66,0.14376724322494333,'Substation',' ',37.51131389,-122.340125
1205,1206,4.359224551086187,0.3978979095426604,San Mateo County,0.1524873081297758,6.20963213,66,0.04543967577214644,'Substation',' ',37.62095693,-122.4251145
1206,1207,0.2921651377943033,0.44247918714859663,San Mateo County,0.16671368624657248,1.86188982,115,0.14055320854740008,'Substation',' ',37.5114177,-122.2075808
1207,1208,1.6434514549828707,0.4861727036129118,San Mateo County,0.1863170554108174,3.90437727,66,0.10789147954349552,'Substation',' ',37.62203201,-122.446803
1208,1209,1.2397121427639874,0.3979011905789982,San Mateo County,0.15248856552868903,3.09013498,66,0.091312620936593,'Substation',' ',37.4872972,-122.3112195
1209,1210,1.891367198430879,0.4701209811944254,San Mateo County,0.18016551783361645,4.07764515,66,0.09659788549100919,'Substation',' ',37.43708061,-122.2421944
1210,1211,44.4734066804686,0.0,Santa Barbara County,0.0,46.2042062,115,0.0,'Substation',' ',34.68480877,-120.6038688
1211,1212,1.3673757754027305,0.0,Santa Barbara County,0.0,3.04095031,115,0.0,'Substation',' ',34.62477663,-120.1860946
1212,1213,18.072639092840316,0.0,Santa Barbara County,0.0,19.8177462,115,0.0,'Substation',' ',34.91052315,-120.4465126
1213,1214,9.080158007775417,0.0,Santa Barbara County,0.0,10.8252557,115,0.0,'Substation',' ',34.65639194,-120.4523604
1214,1215,-0.9614010013409233,0.0,Santa Barbara County,0.0,0.783806429,115,0.0,'Substation',' ',34.60365397,-120.4569855
1215,1216,-0.022105846027419718,0.0,Santa Barbara County,0.0,1.7229829,115,0.0,'Substation',' ',34.82531944,-120.2987944
1216,1217,-0.4637319867272951,0.0,Santa Barbara County,0.0,1.67587281,115,0.0,'Substation',' ',34.7008539,-120.4355482
1217,1218,1.2172865910684392,0.0,Santa Barbara County,0.0,2.89084299,115,0.0,'Substation',' ',34.62520111,-120.1193527
1218,1219,3.888789006907467,0.0,Santa Barbara County,0.0,5.70825155,115,0.0,'Substation',' ',34.69670375,-120.1514768
1219,1220,7.532811748051284,0.7548602203315844,Santa Barbara County,0.3137345999742471,9.36887392,66,0.06148404130132406,'Substation',' ',34.40939472,-119.5150032
1220,1221,9.544655368120782,0.7510644515455495,Santa Barbara County,0.31215797622846747,11.3714847,66,0.050148187523324894,'Substation',' ',34.4183926,-119.6857936
1221,1222,2.534846987470461,0.760558131061892,Santa Barbara County,0.3162721341890368,4.38471376,66,0.13343204234916872,'Substation',' ',34.43113732,-119.9001029
1222,1223,0.0,0.0,Santa Barbara County,0.0,0.0,66,0.0,'Substation',' ',34.47602778,-120.1993556
1223,1224,-1.9089054952666489,0.9483558639798367,Santa Barbara County,0.3943663486350694,0.39773213,66,2.2871178597029007,'Substation',' ',34.43302157,-119.8713325
1224,1225,0.48986116311954664,0.7548659452886141,Santa Barbara County,0.3137369793778177,2.32593726,66,0.24766143887436015,'Substation',' ',34.41838335,-119.5867362
1225,1226,12.217949796384264,0.8453304221975829,Santa Barbara County,0.35136781215166757,14.2740542,66,0.050612733826796756,'Substation',' ',34.42331477,-119.6855987
1226,1227,12.325467256914099,0.7605573377863611,Santa Barbara County,0.31627180431162843,14.1753321,66,0.041273113569975935,'Substation',' ',34.44918609,-119.8158694
1227,1228,-0.014009149262207421,0.565662690490079,Santa Clara County,0.22120877316038584,1.85706031,115,0.22287751095238229,'Substation',' ',37.38564099,-122.009516
1228,1229,13.599437085169509,0.5106738721242382,Santa Clara County,0.19048455464665542,15.4455945,115,0.022767946741810867,'Substation',' ',37.37456219,-122.0163659
1229,1230,14.016501051908623,0.8737085441844787,Santa Clara County,0.17226901560169236,16.8242845,115,0.02874975697334571,'Substation',' ',37.15817557,-121.6374928
1230,1231,9.679797823335736,0.851132707938102,Santa Clara County,0.22062422489364014,12.226997,115,0.04596172257188512,'Substation',' ',37.34735123,-121.9219112
1231,1232,-0.15983119113003186,0.3355571561587469,Santa Clara County,0.14579304576048172,1.76751739,66,0.15897666493968143,'Substation',' ',37.323915,-122.07315
1232,1233,2.4810677274259905,0.26105022285962004,Santa Clara County,0.11342123506718262,3.98046885,66,0.04272459692366748,'Substation',' ',37.31791646,-122.0933215
1233,1234,2.2923467746406483,0.5656711845167568,Santa Clara County,0.2212120948452913,4.16344433,115,0.09941514214528854,'Substation',' ',37.38493422,-122.0129783
1234,1235,20.489634937790953,0.5915126868943532,Santa Clara County,0.21775147934098643,22.4374006,66,0.018902762486470742,'Substation',' ',37.38000001,-122.0221528
1235,1236,-3.1697180215641767,1.3810526266702121,Santa Clara County,0.4337259765459379,0.0,115,0.0,'Substation',' ',37.43273601,-121.941956
1236,1237,21.955643049292956,0.7576567960515075,Los Angeles County,0.3071598488780837,23.8009991,66,0.023814936645303795,'Substation',' ',34.45776393,-118.5804806
1237,1238,9.840781660615928,0.5656654053651843,Santa Clara County,0.22120983484290688,11.7118601,115,0.035340325876525344,'Substation',' ',37.41868054,-122.0393278
1238,1239,-5.916681847576681,2.6033400129337396,Santa Clara County,0.44000000844431647,0.0,66,0.0,'Substation',' ',37.37651363,-121.9509018
1239,1240,3.9111412813619006,2.4206902396831755,Santa Clara County,0.40933274510776346,9.4144399,66,0.2392792725475783,'Substation',' ',37.37099749,-121.9762828
1240,1241,33.49967321633456,0.3540259912105683,Santa Clara County,0.12701078697848375,35.2457061,66,0.006291972418298614,'Substation',' ',37.25996122,-121.8898984
1241,1242,-2.405126354412533,0.7271190483447107,Santa Clara County,0.2843481023762195,0.0,115,0.0,'Substation',' ',37.41763027,-122.0664166
1242,1243,9.063170734823268,0.8737129370510655,Santa Clara County,0.17226988174270427,11.8709683,115,0.040746377404651014,'Substation',' ',37.20243127,-121.832955
1243,1244,4.851324600706086,1.0601514201395932,Santa Clara County,0.20902993652952342,8.25826806,115,0.08623517302681041,'Substation',' ',37.2445636,-121.7950654
1244,1245,50.135347010252815,0.9920672946236347,Santa Clara County,0.19560579714253376,53.3234927,115,0.011695028728857661,'Substation',' ',37.29203239,-121.9357659
1245,1246,21.895426976407304,0.7621601706867778,Santa Clara County,0.15340775030070392,24.3462548,115,0.015442867327245997,'Substation',' ',37.33426773,-121.8547515
1246,1247,17.365216661639877,3.7963238008784526,Santa Clara County,0.4134832102530512,25.9932253,115,0.13724871264360564,'Substation',' ',37.00726293,-121.5572443
1247,1248,19.70565439694626,0.38602251193967807,Santa Clara County,0.14823269474541848,21.4499984,66,0.012054490975424308,'Substation',' ',37.39384445,-122.114725
1248,1249,8.211667791732816,0.3878057489282595,Santa Clara County,0.1486196667866178,10.0151422,66,0.026762652018546624,'Substation',' ',37.36105838,-122.0997084
1249,1250,20.84348051255897,0.7621609057980065,Santa Clara County,0.15340789826403767,23.2943107,115,0.01614028047017447,'Substation',' ',37.36081517,-121.8641576
1250,1251,15.045288177529946,0.667005490277996,Santa Clara County,0.14052822593838402,17.1585459,115,0.01730754811159765,'Substation',' ',37.33627225,-121.8781761
1251,1252,35.84300251989224,0.9871240163257534,Santa Clara County,0.19463113151531808,39.0152623,115,0.015825102128376782,'Substation',' ',37.36625341,-121.8433525
1252,1253,51.54600717523755,0.5656637079498607,Santa Clara County,0.22120917104950566,53.41708,115,0.007748429313975204,'Substation',' ',37.41538249,-121.8883726
1253,1254,21.308274221185698,0.5656660219267904,Santa Clara County,0.2212100759562749,23.1793547,115,0.01785648738697696,'Substation',' ',37.4033327,-121.9059904
1254,1255,14.589289094947079,2.225624354341035,Santa Clara County,0.2968042246116978,20.2274745,115,0.08273090381914576,'Substation',' ',37.12670056,-121.658903
1255,1256,32.88991074252166,0.49399090683596525,Santa Clara County,0.1900617653560548,35.0588202,115,0.011758146966559269,'Substation',' ',37.38260834,-122.0697194
1256,1257,21.386477846506722,0.8923060636955896,Santa Clara County,0.17593588643652286,24.254027,115,0.020800867510378414,'Substation',' ',37.32816531,-121.902405
1257,1258,11.860098441617255,0.8365683761663758,Santa Clara County,0.17782051028406806,14.5026835,115,0.032401301700521384,'Substation',' ',37.34096401,-121.901525
1258,1259,19.063855203596212,0.39789733271561784,Santa Clara County,0.15248708707105482,20.9142601,115,0.013491409746531296,'Substation',' ',37.33599502,-122.043177
1259,1260,34.163376597623525,0.7005996452808094,Santa Clara County,0.1450752184225969,36.3958132,115,0.008898584733487067,'Substation',' ',37.304004,-121.867716
1260,1261,29.829186908566793,0.8491946619478482,Santa Clara County,0.16743561619225658,32.5581916,115,0.014034335435929989,'Substation',' ',37.32256802,-121.79696
1261,1262,71.10250784673265,1.0526043275590407,Santa Clara County,0.23111734737484332,74.1529456,115,0.009507499346960883,'Substation',' ',37.38206205,-121.9272426
1262,1263,11.724726576155462,0.6186698666342074,Santa Clara County,0.24193782706595662,13.7711304,115,0.035952204362280415,'Substation',' ',37.40499722,-122.0685528
1263,1264,13.410612714629655,0.39789894308739276,Santa Clara County,0.15248770421744126,15.2610251,115,0.018489264951188827,'Substation',' ',37.33443633,-122.0206064
1264,1265,6.5140998779380865,0.24963133674529228,Santa Cruz County,0.10845995155632719,7.94791404,66,0.019566318127669503,'Substation',' ',37.01728123,-122.1996819
1265,1266,2.0181408672561267,0.26105043355381513,Santa Cruz County,0.11342132660970486,3.5175432,66,0.04834743797929652,'Substation',' ',37.13088801,-122.1721447
1266,1267,0.9840888783710895,0.2996554442578289,Santa Cruz County,0.13019445151213271,2.70522784,66,0.08283322379435427,'Substation',' ',37.095332,-122.1442873
1267,1268,49.46486796091929,0.30739788747378205,Santa Cruz County,0.13355839222197524,51.2304774,115,0.004602962336938179,'Substation',' ',37.04188835,-122.0251366
1268,1269,-0.2331281289262095,0.24963416711401995,Santa Cruz County,0.10846118129638746,1.20070229,66,0.12951998368840523,'Substation',' ',37.02569744,-122.1548009
1269,1270,14.321268004897831,0.2921854393071067,Santa Cruz County,0.12694887991986295,15.9995013,66,0.013316029860095776,'Substation',' ',36.93038173,-121.7642402
1270,1271,-1.8430612005956097,0.320882470951768,Santa Cruz County,0.13941718098563063,0.0,66,0.0,'Substation',' ',37.03106848,-122.1881733
1271,1272,2.6410347861494854,0.3073998730783376,Santa Cruz County,0.1335592549284636,4.40665563,115,0.053513372541625165,'Substation',' ',36.9792271,-121.8672496
1272,1273,1.9480311478386656,0.3007714645293739,Shasta County,0.33450822825313486,2.64749967,66,0.08837696137164264,'Substation',' ',40.90972376,-121.640867
1273,1274,-0.8199554958895867,0.35511637700313875,Shasta County,0.4320879357813291,0.0,115,0.0,'Substation',' ',40.61848609,-122.3237135
1274,1275,-0.8199554958895867,0.35511637700313875,Shasta County,0.4320879357813291,0.0,115,0.0,'Substation',' ',40.57001643,-122.3141935
1275,1276,-0.6481147959324179,0.284886194486475,Shasta County,0.4133173352853904,0.0,115,0.0,'Substation',' ',40.58390341,-122.4377672
1276,1277,-0.8199592458689877,0.35511800109018427,Shasta County,0.4320899118896261,0.0,115,0.0,'Substation',' ',40.60184701,-122.3827079
1277,1278,3.268455645382116,0.35066637083186886,Shasta County,0.3417542965478624,4.06542467,66,0.06699609769887112,'Substation',' ',40.44973412,-122.3050459
1278,1279,-0.7923338938142725,0.3407035743401372,Shasta County,0.43000022984919806,0.0,66,0.0,'Substation',' ',40.89453713,-122.380722
1279,1280,1.9837866878291956,0.29106473202849553,Shasta County,0.3377943377670704,2.651641,115,0.08507841186066259,'Substation',' ',40.56241874,-122.3953543
1280,1281,-0.8199596366024671,0.3551181703138291,Shasta County,0.4320901177925359,0.0,66,0.0,'Substation',' ',40.55535283,-122.2398048
1281,1282,-0.8892128000671823,0.39125363202956015,Shasta County,0.4373267999768466,0.0,66,0.0,'Substation',' ',40.68689945,-122.641138
1282,1283,1.1233930614145131,0.3506585669776141,Shasta County,0.3417466910260815,1.92034435,66,0.1418263686838571,'Substation',' ',40.51332737,-122.3787745
1283,1284,0.0,0.0,Shasta County,0.0,0.0,66,0.0,'Substation',' ',41.051239,-121.408261
1284,1285,-0.8584564817387681,0.3741331024774696,Shasta County,0.4341990962194059,0.0,115,0.0,'Substation',' ',40.4343679,-122.267923
1285,1286,0.0,0.0,Shasta County,0.0,0.0,66,0.0,'Substation',' ',40.92900611,-121.5443868
1286,1287,0.9561002217425443,0.30438324323328053,Shasta County,0.34022674508930195,1.64788032,66,0.14282717518447677,'Substation',' ',40.67776349,-122.3497752
1287,1288,-0.8199712499391516,0.3551231999600342,Shasta County,0.4320962376157467,0.0,66,0.0,'Substation',' ',40.62903386,-121.9158181
1288,1289,-0.7923338938142725,0.3407035743401372,Shasta County,0.43000022984919806,0.0,66,0.0,'Substation',' ',41.14611102,-122.3196401
1289,1290,6.930239556389811,0.2655844275523816,Shasta County,0.3345186311507832,7.54787776,66,0.02737345423279739,'Substation',' ',41.17823801,-122.2907352
1290,1291,-0.7923338938142725,0.3407035743401372,Shasta County,0.43000022984919806,0.0,66,0.0,'Substation',' ',41.05395082,-122.3818566
1291,1292,0.0,0.0,Shasta County,0.0,0.0,66,0.0,'Substation',' ',40.97715517,-122.4563801
1292,1293,-1.1283110382497556,0.4851737464473949,Sierra County,0.4300000007969354,0.0,115,0.0,'Substation','IMPORT',39.52123111,-120.0086799
1293,1294,0.19880018581252634,0.4582933188883638,Sierra County,0.3297948987835766,1.28906653,66,0.27893384108611363,'Substation',' ',39.59350924,-120.3811403
1294,1295,1.329183873354685,0.2885831508574855,Sierra County,0.3345136189187834,2.00030748,66,0.11223273853915218,'Substation',' ',39.64613762,-120.217918
1295,1296,-0.8627039202989534,0.37096268572854996,Sierra County,0.4300045588876755,0.0,66,0.0,'Substation',' ',39.47039793,-120.1047022
1296,1297,1.0334613786639877,0.40892127587448535,Sierra County,0.3345200895865231,1.98444109,66,0.16030801812871587,'Substation',' ',39.46548156,-120.8448009
1297,1298,0.0,0.0,Siskiyou County,0.0,0.0,66,0.0,'Substation',' ',41.4320569,-122.3832214
1298,1299,0.0,0.0,Siskiyou County,0.0,0.0,66,0.0,'Substation',' ',41.28040267,-122.3283891
1299,1300,6.420257488623323,0.2662316066919715,Siskiyou County,0.33451962285181314,7.03940076,66,0.029422330208709987,'Substation',' ',41.61676202,-122.3993063
1300,1301,-0.5721769680849943,0.24603609627654754,Siskiyou County,0.42999672698977826,0.0,66,0.0,'Substation',' ',41.60541943,-122.8501503
1301,1302,-0.5721769680849943,0.24603609627654754,Siskiyou County,0.42999672698977826,0.0,66,0.0,'Substation',' ',41.71130374,-122.6490047
1302,1303,1.7102564009219199,0.1914057663035744,Siskiyou County,0.3345194233003797,2.15538609,66,0.06908485100424706,'Substation',' ',41.78021618,-123.071222
1303,1304,1.123779212110478,0.19141244369249447,Siskiyou County,0.33453109335783837,1.56892443,66,0.09491528947866217,'Substation',' ',41.80354175,-123.372551
1304,1305,-0.7958622254224187,0.34222075693164,Siskiyou County,0.429999878539164,0.0,115,0.0,'Substation',' ',41.71162517,-122.3601712
1305,1306,1.2185908105289087,0.2662357252725692,Siskiyou County,0.33452479784228606,1.83774366,66,0.11270450080224581,'Substation',' ',41.89799074,-122.5399625
1306,1307,-0.7958653863151894,0.34222211611553144,Siskiyou County,0.4300015863517277,0.0,66,0.0,'Substation',' ',41.70174113,-122.3696599
1307,1308,4.273980835296228,0.2655873090226221,Siskiyou County,0.33452226052577866,4.89162574,66,0.042238711771055315,'Substation',' ',41.2663287,-122.125997
1308,1309,2.685708722570981,0.19140158599447818,Siskiyou County,0.33451211738366105,3.13082869,66,0.04755866179136982,'Substation',' ',41.72704111,-122.5364216
1309,1310,-0.7939266099142874,0.3413884422631436,Siskiyou County,0.4299980817739811,0.0,66,0.0,'Substation',' ',41.26271288,-122.2704296
1310,1311,-0.7939313361743028,0.3413904745549502,Siskiyou County,0.4300006415606354,0.0,66,0.0,'Substation',' ',41.30465314,-122.3218293
1311,1312,-0.7939266099142874,0.3413884422631436,Siskiyou County,0.429998081773981,0.0,66,0.0,'Substation',' ',41.22066964,-122.2763499
1312,1313,1.625632589171554,0.1914090694562317,Siskiyou County,0.3345251962127811,2.07076996,66,0.07191028902023833,'Substation',' ',41.74229468,-122.9995371
1313,1314,-0.5721769680849943,0.24603609627654754,Siskiyou County,0.4299967269897783,0.0,66,0.0,'Substation',' ',41.8405331,-123.1919616
1314,1315,1.0331431275618324,0.26623147384841217,Siskiyou County,0.33451945593407584,1.65228609,115,0.12535079015294973,'Substation',' ',41.54864896,-122.3641931
1315,1316,1.949641230649232,0.26558177692083024,Siskiyou County,0.33451529253019296,2.56727327,66,0.08047735499518592,'Substation',' ',41.26799279,-122.2389364
1316,1317,2.958464431206224,0.19140660038132362,Siskiyou County,0.3345208810161688,3.40359606,66,0.04374955841036442,'Substation',' ',41.49312367,-122.905649
1317,1318,1.265174895330083,0.19140441850806428,Siskiyou County,0.33451706776122603,1.71030145,66,0.08706209648061615,'Substation',' ',41.37290596,-122.8329384
1318,1319,1.9492769129656293,0.3398775132536961,Yolo County,0.3374241826409164,2.73100102,66,0.09658459148681416,'Substation',' ',38.8565124,-121.7859242
1319,1320,8.336651197640263,0.44746639093045004,Solano County,0.2890043346382702,9.61423213,230,0.03840415150275413,'Substation',' ',38.40329935,-121.9226354
1320,1321,5.595471291409437,0.5828765259982497,Contra Costa County,0.23388193436306925,7.44056716,66,0.05799753991216824,'Substation',' ',38.04375716,-121.9876197
1321,1322,8.831688258426041,0.5828753486120081,Contra Costa County,0.23388146193132883,10.6767804,66,0.04041788173046285,'Substation',' ',38.03083399,-121.946022
1322,1323,0.0,0.0,Contra Costa County,0.0,0.0,66,0.0,'Substation',' ',38.03229044,-122.1199925
1323,1324,2.7690015409968995,0.45879648626824865,Solano County,0.33231976556013715,3.8473551,115,0.0931440411930913,'Substation',' ',38.08549398,-122.2572744
1324,1325,0.5150049990495753,0.4511739516715053,Solano County,0.282563765791325,1.77819084,66,0.20072679494470552,'Substation',' ',38.27151996,-121.9333985
1325,1326,50.10859995889775,0.4544374538886201,Solano County,0.2839513839815898,51.4525091,230,0.00741664239968997,'Substation',' ',38.08087076,-122.1373891
1326,1327,0.5973663454740268,0.45879177877395233,Solano County,0.3323163557838033,1.67570884,66,0.21385030592050067,'Substation',' ',38.3870864,-121.7758553
1327,1328,0.3466735845027542,0.4587973824976013,Solano County,0.33232041472537116,1.42502925,66,0.2514752605811413,'Substation',' ',38.29639272,-121.7481614
1328,1329,9.762084225066994,0.5533733526946409,Solano County,0.40082456674960126,11.0627309,66,0.047124995146933524,'Substation',' ',38.44525036,-121.8260198
1329,1330,11.86604716600312,0.4587994963962895,Solano County,0.33232194588425645,12.9444078,115,0.027684766255187322,'Substation',' ',38.23623323,-122.0966651
1330,1331,6.4257468120314964,0.45880366334110134,Solano County,0.33232496412472773,7.50411724,66,0.04775637191241435,'Substation',' ',38.3847599,-121.7586908
1331,1332,4.461078640759462,0.5774926276265095,Solano County,0.41829486573997476,5.81841517,115,0.0975810224389048,'Substation',' ',38.06582097,-122.1963293
1332,1333,1.7887149397819413,1.3575821242088566,Solano County,0.29841187128751284,5.05100516,66,0.1927351286448148,'Substation',' ',38.24513201,-122.041256
1333,1334,4.44871794930239,0.4587970145598031,Solano County,0.33232014821722095,5.52707275,66,0.06483703823123761,'Substation',' ',38.51760057,-121.9511518
1334,1335,1.7028754548158187,0.17624214146408124,Sonoma County,0.10462304982940274,2.86488442,66,0.04243554155901246,'Substation',' ',38.68030292,-123.3118863
1335,1336,12.649998255110642,0.4699281579425716,Sonoma County,0.27427703550271965,13.8267925,66,0.02334363785996749,'Substation',' ',38.309559,-122.731648
1336,1337,-1.493705469671327,0.2265506192972954,Sonoma County,0.13448779352498746,0.0,66,0.0,'Substation',' ',38.539593,-123.223702
1337,1338,0.17281968187832975,0.04363742431386882,Sonoma County,0.03451556137791727,1.09369924,66,0.02906162292845503,'Substation',' ',38.70981339,-122.9079796
1338,1339,-1.5274578831665255,0.23166985487310024,Sonoma County,0.13752673775414076,0.0,66,0.0,'Substation',' ',38.48950733,-122.8941827
1339,1340,12.314476908926153,0.18758422555033863,Sonoma County,0.11135607871039613,13.5512671,66,0.010163190264729208,'Substation',' ',38.42528801,-122.832326
1340,1341,0.9442875303286731,0.2265506192972954,Sonoma County,0.13448779352498746,2.437993,66,0.08239775618400129,'Substation',' ',38.47141397,-123.0122363
1341,1342,15.933751899598006,0.542546758173652,Sonoma County,0.31632049943211404,17.2919871,115,0.024846053519056596,'Substation',' ',38.31550856,-122.6811315
1342,1343,10.352252472672413,0.5708364001116395,Sonoma County,0.3337788961063539,11.782471,66,0.04051584436254983,'Substation',' ',38.23908895,-122.6367124
1343,1344,13.917295586921608,0.5042773805998875,Sonoma County,0.29691371888644325,15.1832245,66,0.024755720461617253,'Substation',' ',38.23417,-122.636224
1344,1345,12.009162956756972,0.18831131010602856,Sonoma County,0.11178769967839057,13.250747,115,0.010474415076488408,'Substation',' ',38.49006768,-122.6660723
1345,1346,1.1216180006503242,0.1762409423845171,Sonoma County,0.10462233801689332,2.28361906,66,0.05323622916655368,'Substation',' ',38.34344601,-123.044758
1346,1347,2.9046221732698236,0.45847739684699446,Sonoma County,0.3310901581818517,3.98864907,115,0.08998300688101799,'Substation',' ',38.16136109,-122.3810185
1347,1348,6.006189978706276,0.23579826277398863,Sonoma County,0.13955864898717196,7.38917096,66,0.02612024520330025,'Substation',' ',38.37001596,-122.7641156
1348,1349,4.987537430185656,0.1595058806566124,Stanislaus County,0.07018173888271863,6.74536465,115,0.018289207084148603,'Substation',' ',37.53231402,-121.2593287
1349,1350,-0.12854880440221006,0.159511418957293,Tuolumne County,0.07018417570555317,1.62933945,66,0.07572144534872269,'Substation',' ',37.70453399,-120.4341003
1350,1351,3.135147371678574,0.8729611049081838,Stanislaus County,0.35807985989002933,5.27185086,66,0.14513128425728514,'Substation',' ',37.66683999,-120.976886
1351,1352,4.491745744856643,0.8437544952664029,Stanislaus County,0.34645991577230606,6.66059935,66,0.1128157989806773,'Substation',' ',37.65210701,-121.001287
1352,1353,1.6114770134199405,0.1595071062654412,Stanislaus County,0.07018227814408282,3.36931774,66,0.036615503887098035,'Substation',' ',37.68242601,-121.085836
1353,1354,5.17905860383102,0.4292121889306358,Stanislaus County,0.17794993107403972,6.77365054,66,0.04189137355947647,'Substation',' ',37.732516,-121.013993
1354,1355,4.564267699364932,0.36794281175297383,Stanislaus County,0.15290437223853487,6.03378045,66,0.03723949296702993,'Substation',' ',37.64885953,-120.9396607
1355,1356,11.145016013092318,0.6113314639766855,Stanislaus County,0.25138222904584845,12.8197354,66,0.0328395773681218,'Substation',' ',37.66751202,-120.95819
1356,1357,7.206473830556642,0.16979732959996982,Stanislaus County,0.07470992166503537,9.07771749,66,0.015400398543710062,'Substation',' ',37.62169302,-121.020254
1357,1358,0.864101650363017,0.15950379996398656,Stanislaus County,0.07018082338903303,2.62190594,66,0.04705132648789749,'Substation',' ',37.66464701,-121.044461
1358,1359,3.6352701283659914,0.9369374923189635,Stanislaus County,0.38375253329952447,5.76467352,66,0.14175372518861226,'Substation',' ',37.67171599,-121.027432
1359,1360,-2.259542980111358,0.2050317510512744,Stanislaus County,0.09021287964877674,0.0,66,0.0,'Substation',' ',37.64689487,-120.7734451
1360,1361,3.8248168810807215,0.6504420608552784,Stanislaus County,0.2671510570721086,5.51646987,66,0.08192320357746778,'Substation',' ',37.68012402,-120.940094
1361,1362,10.450199782667339,0.37908405013759566,Stanislaus County,0.15753428755891927,11.9642091,115,0.01993515636261878,'Substation',' ',37.62764954,-120.9751518
1362,1363,0.9249839975587402,0.4920620735583461,Stanislaus County,0.20448406669877703,2.89021193,66,0.1390409455598705,'Substation',' ',37.63492302,-120.979526
1363,1364,-0.3192361501219545,0.19562761307019266,Stanislaus County,0.08607510896917275,1.83666896,66,0.10103604477583353,'Substation',' ',37.68474201,-121.051988
1364,1365,-2.1615484368273448,0.30786457515920357,Stanislaus County,0.1311781035704474,0.0,66,0.0,'Substation',' ',37.69039686,-121.0211042
1365,1366,2.5893922590118748,0.15950775908864326,Stanislaus County,0.07018256538281856,4.34724018,66,0.028378987941678615,'Substation',' ',37.70406301,-121.068657
1366,1367,-0.10284207165876125,0.7511281543298548,Stanislaus County,0.3076484124285096,1.60426737,66,0.32737031207462464,'Substation',' ',37.68841599,-120.976619
1367,1368,3.5917975176114076,0.8430619790509803,Stanislaus County,0.34530283273068696,5.50784747,66,0.12012269399560528,'Substation',' ',37.68587302,-121.003819
1368,1369,9.981139404039457,0.41984546365803593,Stanislaus County,0.30321050831819296,11.135644,66,0.031435804287285596,'Substation',' ',37.60890546,-120.956186
1369,1370,2.01217970463778,0.42723626010057975,Merced County,0.3099119015014758,3.14921807,115,0.11189498918680324,'Substation',' ',37.46266378,-120.740225
1370,1371,1.652097185948692,0.42725202586007466,Stanislaus County,0.30992333778851405,2.78917751,66,0.1263482614857405,'Substation',' ',37.57986687,-120.6453751
1371,1372,5.911492203520407,0.42724000293869546,Merced County,0.30991461650997526,7.04854053,115,0.04999444843289174,'Substation',' ',37.41894801,-120.848808
1372,1373,-1.4615967864451915,0.549187401092612,Stanislaus County,0.3983737515940166,0.0,66,0.0,'Substation',' ',37.55146111,-120.7712944
1373,1374,2.777368261562918,0.42723950769106755,Stanislaus County,0.3099142572634684,3.91441527,66,0.09002291652449715,'Substation',' ',37.58704202,-120.935646
1374,1375,-1.4951608591026404,0.5349526145233416,Stanislaus County,0.38546951451818484,0.0,66,0.0,'Substation',' ',37.60983162,-120.8467248
1375,1376,1.1024234113666715,0.15950376357676932,Stanislaus County,0.07018080737885102,2.8602273,115,0.043130871493314855,'Substation',' ',37.55399055,-121.3083704
1376,1377,2.1410096867834048,0.15950510604263066,Stanislaus County,0.07018139805668781,3.89882837,66,0.0316418577610552,'Substation',' ',37.47172611,-121.1264485
1377,1378,-2.2735925815795657,0.5854051531995462,Stanislaus County,0.2541522426992423,0.0,115,0.0,'Substation',' ',37.76920307,-120.9078448
1378,1379,-2.2595554429891234,0.2050328819373314,Stanislaus County,0.09021337723262522,0.0,115,0.0,'Substation',' ',37.42194799,-121.147482
1379,1380,-2.2595554429891234,0.2050328819373314,Stanislaus County,0.09021337723262522,0.0,66,0.0,'Substation',' ',37.37738333,-121.0859027
1380,1381,2.391690138889122,0.45542505431667335,Stanislaus County,0.1977216946304402,4.16046689,115,0.08405920438717088,'Substation',' ',37.75093426,-120.845295
1381,1382,7.413600403116034,0.15950658453592853,Stanislaus County,0.07018204858587296,9.17143538,230,0.013451379706893536,'Substation',' ',37.25318899,-121.1182195
1382,1383,-2.2595554429891234,0.2050328819373314,Stanislaus County,0.09021337723262522,0.0,66,0.0,'Substation',' ',37.31558611,-121.0150139
1383,1384,0.0,0.0,Stanislaus County,0.0,0.0,115,0.0,'Substation',' ',37.38596944,-121.1407139
1384,1385,13.56182823482131,0.41332761419050423,Sutter County,0.3334871367333807,14.5284026,66,0.02218689324339942,'Substation',' ',38.78480978,-121.6551594
1385,1386,2.531664299459285,0.3908891577317134,Sutter County,0.3340698520857267,3.44307574,66,0.08843113196536179,'Substation',' ',38.79018562,-121.5976352
1386,1387,1.8058816012758938,0.3908801761360351,Sutter County,0.33406217604693067,2.7172721,66,0.11204659747997721,'Substation',' ',39.06921639,-121.6898478
1387,1388,8.870287334323471,0.4100562499635295,Sutter County,0.3341923041896144,9.82560124,66,0.03249252107471225,'Substation',' ',38.80884801,-121.516414
1388,1389,0.0,0.0,Sutter County,0.0,0.0,230,0.0,'Substation',' ',39.05180085,-121.6962463
1389,1390,6.638588487219566,0.36704340538532126,Sutter County,0.3180518522532114,7.49348621,66,0.03628508768782661,'Substation',' ',39.1432819,-121.6480153
1390,1391,1.1492001655135833,0.3753120730111205,Sutter County,0.3275334621534388,2.02287131,66,0.1414605730589918,'Substation',' ',39.27639001,-121.6602999
1391,1392,1.2253436487443037,0.3358589822450103,Sutter County,0.3372355911045961,1.99792453,66,0.1304062121737774,'Substation',' ',39.14495364,-121.9105311
1392,1393,2.531370445285863,0.3381792417201593,Sutter County,0.2890218033048067,3.31988152,66,0.06864609214719536,'Substation',' ',39.17023248,-121.6613095
1393,1394,5.102054809868997,0.3369743695962782,Yolo County,0.3375765549183263,5.87647331,66,0.04448680620983565,'Substation',' ',38.86241636,-121.7931625
1394,1395,8.850035245573885,0.35066137234749045,Tehama County,0.3417494250983745,9.64699291,66,0.028232613643059897,'Substation',' ',39.93243151,-122.1875897
1395,1396,3.2535716032992914,0.35065813054831174,Tehama County,0.341746265688491,4.0505219,66,0.0672394310068542,'Substation',' ',40.12802358,-122.0983563
1396,1397,-1.0244300308183836,0.45074921356008857,Tehama County,0.4392935656598483,0.0,66,0.0,'Substation',' ',40.06410008,-122.1560572
1397,1398,4.142660570967628,0.35066165157424367,Tehama County,0.3417496972286687,4.93961887,66,0.05513790933392155,'Substation',' ',40.03419988,-122.0961178
1398,1399,-1.0731352304223944,0.47217950138585346,Tehama County,0.4400001504201509,0.0,66,0.0,'Substation',' ',40.14997335,-122.2130231
1399,1400,6.171558693991246,0.36733541944385173,Tehama County,0.3423012632601893,7.00641192,66,0.04078711288497019,'Substation',' ',40.14574122,-122.1994669
1400,1401,7.195743925132117,0.35065764134186883,Tehama County,0.3417457889150742,7.99269311,66,0.0340753766170687,'Substation',' ',40.18238662,-122.2446177
1401,1402,0.0,0.0,Tehama County,0.0,0.0,66,0.0,'Substation',' ',40.13847475,-122.2088409
1402,1403,0.6389498670447997,0.35066675290028826,Tehama County,0.34175466890613415,1.43591976,66,0.1896820348060825,'Substation',' ',39.94163705,-122.0417015
1403,1404,-0.8892109313606312,0.39125280979867777,Trinity County,0.4373258809218622,0.0,66,0.0,'Substation',' ',40.74156839,-123.2093541
1404,1405,-0.8892109313606313,0.3912528097986778,Trinity County,0.43732588092186225,0.0,115,0.0,'Substation',' ',40.37833449,-123.3388827
1405,1406,-0.8892109313606312,0.39125280979867777,Trinity County,0.4373258809218622,0.0,66,0.0,'Substation',' ',40.71262604,-123.5301757
1406,1407,1.0512996681981575,0.3043732435928107,Trinity County,0.34021556791314417,1.74305704,66,0.13501946391018155,'Substation',' ',40.55234414,-123.1628797
1407,1408,0.7338696362618059,0.30438069364480547,Trinity County,0.3402238952668907,1.42564394,66,0.1650890111196696,'Substation',' ',40.63741925,-123.4893376
1408,1409,-0.8892109313606313,0.3912528097986778,Trinity County,0.43732588092186225,0.0,115,0.0,'Substation',' ',40.43324913,-123.4726911
1409,1410,-0.8892109313606312,0.39125280979867777,Trinity County,0.4373258809218622,0.0,66,0.0,'Substation',' ',40.72322839,-122.9386675
1410,1411,1.1405588556380604,0.30436679431925345,Trinity County,0.34020835918730463,1.83230157,115,0.1284377297307276,'Substation',' ',40.38716974,-123.044104
1411,1412,0.0,0.0,Tulare County,0.0,0.0,115,0.0,'Substation',' ',35.96336389,-119.4568361
1412,1413,8.004737726311886,0.6687917296227708,Tulare County,0.33425989544488316,9.52471893,66,0.05334212609914536,'Substation',' ',36.52023058,-119.3943083
1413,1414,1.9018613226710601,0.6566700348247336,Tulare County,0.32820151245905876,3.39429322,66,0.14430645032649855,'Substation',' ',36.54483612,-119.2514194
1414,1415,1.9265968387212202,0.6221045957626631,Tulare County,0.3109258202889252,3.34047092,66,0.13160119307575205,'Substation',' ',36.47211377,-119.1880105
1415,1416,-1.7468621549104368,0.7555814431096562,Tulare County,0.40806230736808624,0.0,66,0.0,'Substation',' ',36.16692648,-119.2065943
1416,1417,-1.8551665802672321,0.8024270478279316,Tulare County,0.43336193022901787,0.0,66,0.0,'Substation',' ',36.12653059,-118.8215139
1417,1418,0.0,0.0,Kern County,0.0,0.0,66,0.0,'Substation',' ',35.77875298,-119.3050707
1418,1419,0.0,0.0,Tulare County,0.0,0.0,66,0.0,'Substation',' ',36.41450277,-119.2964557
1419,1420,1.23142105645003,0.6242378890983787,Tulare County,0.33712838727710753,2.67462424,66,0.18191144554323965,'Substation',' ',35.8343055,-119.2100027
1420,1421,0.1865299213443834,0.608582747212887,Tulare County,0.32867360933328044,1.59353929,66,0.29020109542563066,'Substation',' ',36.18544198,-119.3341851
1421,1422,2.8513170667923635,0.6242516825356527,Tulare County,0.3371358366154838,4.29455214,66,0.11329848793934207,'Substation',' ',35.89225701,-119.2507923
1422,1423,9.129872288766293,0.6154668417325188,Tulare County,0.3323914606905869,10.5527973,66,0.044819218022612975,'Substation',' ',36.34271821,-119.3920717
1423,1424,-1.8290642380588569,0.7911368350662056,Tulare County,0.42726449319924437,0.0,66,0.0,'Substation',' ',36.32655001,-119.4391583
1424,1425,-1.8290776580461092,0.7911426396989903,Tulare County,0.4272676280722209,0.0,66,0.0,'Substation',' ',36.41545452,-119.0077184
1425,1426,-0.24653401366989525,0.6141647179487599,Tulare County,0.33168823056162494,1.17338056,66,0.40137783814079175,'Substation',' ',36.239925,-119.4755333
1426,1427,-1.8290490987884307,0.7911302867808906,Tulare County,0.4272609567063365,0.0,66,0.0,'Substation',' ',36.38670269,-119.0263491
1427,1428,6.040029505020384,0.7219211804420066,Tulare County,0.38988361256816184,7.70907101,66,0.08441119956523195,'Substation',' ',36.28307499,-119.3321667
1428,1429,8.337251602225955,0.5859782741954739,Tulare County,0.3164657480888818,9.69200069,66,0.044235622473438305,'Substation',' ',36.20430092,-119.09202
1429,1430,7.38981722119064,0.597287362337688,Tulare County,0.32257337903141564,8.77071229,66,0.05078720789205761,'Substation',' ',36.13140322,-119.3292217
1430,1431,19.790444746755675,0.6154666436354458,Tulare County,0.33239135370549705,21.2133693,66,0.022295742453023282,'Substation',' ',36.34136944,-119.3672861
1431,1432,-1.7750371308486712,0.7677681453741415,Tulare County,0.41464390607012336,0.0,66,0.0,'Substation',' ',36.12372922,-119.3945203
1432,1433,-1.8551476420733055,0.8024188563699755,Tulare County,0.4333575063177841,0.0,66,0.0,'Substation',' ',35.96472074,-119.3033598
1433,1434,-1.8551575037092902,0.8024231218863631,Tulare County,0.43335980996946205,0.0,66,0.0,'Substation',' ',35.99376384,-119.1440972
1434,1435,34.45869861326776,0.6242487471381123,Tulare County,0.33713425131305963,35.9019269,66,0.013552522940525079,'Substation',' ',36.06738391,-119.0347003
1435,1436,2.8857056149705276,0.7532268361866187,Tulare County,0.40679066902556016,4.62712405,66,0.15309569455763414,'Substation',' ',36.14585279,-119.0579195
1436,1437,-1.8551575037092902,0.8024231218863631,Tulare County,0.43335980996946205,0.0,66,0.0,'Substation',' ',35.96392382,-119.0184794
1437,1438,-1.8290776580461092,0.7911426396989903,Tulare County,0.4272676280722209,0.0,66,0.0,'Substation',' ',36.45348612,-118.8879166
1438,1439,4.786307217886549,0.6599246273960743,Tulare County,0.35640150853358776,6.31201615,66,0.08614758772256995,'Substation',' ',36.05188566,-119.304212
1439,1440,7.24658447324009,0.7007923843129146,Tulare County,0.3784727112298982,8.86677738,66,0.0691568961142535,'Substation',' ',36.21327501,-119.3305945
1440,1441,1.9296747970353532,0.6154762458222417,Tulare County,0.3323965395005368,3.35262155,66,0.1410784275901865,'Substation',' ',36.41429483,-119.1891356
1441,1442,0.0,0.0,Tulare County,0.0,0.0,66,0.0,'Substation',' ',36.32536944,-119.1345972
1442,1443,5.291731598429287,0.6154667423949173,Tulare County,0.33239140704192854,6.71465638,66,0.07043814954848339,'Substation',' ',36.32979445,-119.2789611
1443,1444,3.714022484553025,0.6242414972723604,Tulare County,0.3371303359218417,5.15723401,66,0.09434328274357522,'Substation',' ',35.91083611,-119.1444611
1444,1445,-1.846553158802156,0.7987014296373953,Tulare County,0.4313498581101661,0.0,66,0.0,'Substation',' ',36.08056666,-119.1791443
1445,1446,-2.2735777231482706,0.585401327447158,Tuolumne County,0.2541505817580221,0.0,115,0.0,'Substation',' ',37.87515279,-119.9657761
1446,1447,-2.4329899642573545,0.6819511598335575,Tuolumne County,0.2665009427907635,0.0,115,0.0,'Substation',' ',37.87474609,-120.4785168
1447,1448,0.0,0.0,Tuolumne County,0.0,0.0,115,0.0,'Substation',' ',37.97443256,-120.3199068
1448,1449,-2.432989964257355,0.6819511598335575,Tuolumne County,0.26650094279076353,0.0,115,0.0,'Substation',' ',37.97434629,-120.3156685
1449,1450,0.24811452487173602,0.5305270643820449,Tuolumne County,0.20732564318585334,2.14087034,115,0.18329779689751385,'Substation',' ',38.05289438,-120.217135
1450,1451,0.0,0.0,Tuolumne County,0.0,0.0,115,0.0,'Substation',' ',37.90373843,-120.4978113
1451,1452,0.374494236272777,0.5305241657550311,Tuolumne County,0.20732451042609365,2.26723971,115,0.17307941765967977,'Substation',' ',37.97991079,-120.4141781
1452,1453,16.61954065866668,0.7638559482712151,Ventura County,0.31706950482886676,18.4776134,66,0.03188389059111773,'Substation',' ',34.18755642,-118.8717579
1453,1454,18.884373204339077,0.7497966381771948,Ventura County,0.3112336158764596,20.7082468,66,0.027411821945214077,'Substation',' ',34.22072778,-119.0085833
1454,1455,8.61844040290659,2.3352136267211008,Ventura County,0.3593112401137907,13.9257441,66,0.13693874161188552,'Substation',' ',34.16190002,-119.0476223
1455,1456,10.487015129657477,0.9280427693044656,Ventura County,0.38591666881829717,12.7442471,66,0.0683526799119226,'Substation',' ',34.18167399,-119.222197
1456,1457,0.32789921013381185,0.6476890378483483,Ventura County,0.26257808023669515,1.90541675,66,0.21739156389686293,'Substation',' ',34.23676111,-118.7028916
1457,1458,-2.4184370880452226,1.035447164081538,Ventura County,0.41403654016437436,0.0,66,0.0,'Substation',' ',34.20462779,-119.0963556
1458,1459,-2.351611682660991,0.9997221726984094,Ventura County,0.4092562680361517,0.0,66,0.0,'Substation',' ',34.14596946,-119.0956666
1459,1460,-2.027813765013714,0.8325693459540086,Ventura County,0.3375299684718633,0.0,66,0.0,'Substation',' ',34.23179724,-118.7103557
1460,1461,7.788583568929423,0.7695526689258945,Ventura County,0.31198252655142056,9.66291332,66,0.06051571735815734,'Substation',' ',34.40884448,-118.9207778
1461,1462,-0.24588599233516795,0.7548359103742235,Ventura County,0.31372449628280513,1.59011705,66,0.36223693697913517,'Substation',' ',34.32054899,-119.263129
1462,1463,29.686210534864895,0.7058635935910563,Ventura County,0.29342963083532153,31.4030782,66,0.01604237145050622,'Substation',' ',34.22619445,-119.1757972
1463,1464,13.781851315893821,0.7629059576202815,Ventura County,0.3109413926095729,15.5993062,66,0.036227377386120224,'Substation',' ',34.17385279,-119.1567444
1464,1465,23.993125143393094,0.749798430967355,Ventura County,0.31123436004699284,25.8170031,66,0.021987582618695496,'Substation',' ',34.19608611,-118.9310028
1465,1466,6.08322517243937,0.7498006718610146,Ventura County,0.311235290221124,7.90710858,66,0.07179070275036306,'Substation',' ',34.18618553,-118.7847011
1466,1467,8.057814883884047,0.754860785292944,Ventura County,0.3137348347831843,9.89387843,66,0.05822156572547614,'Substation',' ',34.44562298,-119.242407
1467,1468,10.965259173549569,0.8460762162050127,Ventura County,0.3518317535827998,13.023128,66,0.05559521474821051,'Substation',' ',34.19716666,-119.1743083
1468,1469,22.621859374905615,0.7469277393880891,Ventura County,0.3100427626527274,24.4387544,66,0.023050076276811382,'Substation',' ',34.16172599,-118.834785
1469,1470,4.04233130230812,0.9223911121829789,Ventura County,0.3751142877131394,6.24769481,66,0.13241097500669854,'Substation',' ',34.21147223,-119.1400222
1470,1471,-2.636866681912955,1.0777193615751788,Ventura County,0.3754993268319822,0.0,66,0.0,'Substation',' ',34.22833038,-118.7044283
1471,1472,11.752460362247007,0.6571224459454,Ventura County,0.26640245589147216,13.352954,66,0.03193116936792216,'Substation',' ',34.27843334,-118.7794583
1472,1473,25.46356349201765,0.7757051684772196,Ventura County,0.32251542712392606,27.3502895,66,0.022248329193380115,'Substation',' ',34.25607778,-119.2418917
1473,1474,21.718528134986286,0.8325693459540086,Ventura County,0.3375299684718633,23.7463419,66,0.0288232991445259,'Substation',' ',34.27956389,-118.7170861
1474,1475,5.4524823163488785,0.9076298058304253,Ventura County,0.37722861317533585,7.66012912,66,0.10871716769733451,'Substation',' ',34.30061258,-119.1666234
1475,1476,2.8829804467659863,0.7497930605989801,Ventura County,0.31123213085699275,4.70684534,66,0.1205999594447018,'Substation',' ',34.20973505,-119.034837
1476,1477,4.38745858849904,0.7605548373906856,Ventura County,0.316270764541696,6.23731735,66,0.09379933903700816,'Substation',' ',34.23927607,-119.2588905
1477,1478,0.14860235330097815,0.7497983652290305,Ventura County,0.31123433275962525,1.97248015,66,0.2877866168086485,'Substation',' ',34.26427223,-119.0107556
1478,1479,-2.6368666819129554,1.0777193615751788,Ventura County,0.3754993268319822,0.0,66,0.0,'Substation',' ',34.22797779,-118.7059441
1479,1480,0.0,0.0,Ventura County,0.0,0.0,66,0.0,'Substation',' ',34.38783812,-118.7963463
1480,1481,-2.3778664340053672,0.9776410268124047,Ventura County,0.40654435393257116,0.0,66,0.0,'Substation',' ',34.20776661,-119.2467388
1481,1482,14.881773929567016,0.7060976129086252,Ventura County,0.2934679112264637,16.5992298,66,0.030363950194821434,'Substation',' ',34.35644199,-119.055903
1482,1483,-0.9388785918188655,0.4131065804003008,Ventura County,0.44000049142910547,0.0,66,0.0,'Substation',' ',34.13080101,-119.167076
1483,1484,3.8203255364576436,0.3381870076946274,Yolo County,0.3379449175942484,4.5967397,66,0.05708072191195182,'Substation',' ',38.92500648,-121.9894822
1484,1485,27.329634519257876,0.4133277491320939,Yolo County,0.3334872456089622,28.2962092,66,0.011391643512306687,'Substation',' ',38.80928378,-121.7450948
1485,1486,-1.386144805285697,0.5897494015895717,Yolo County,0.42717280698808385,0.0,66,0.0,'Substation',' ',38.67068601,-121.969347
1486,1487,0.0,0.0,Yolo County,0.0,0.0,115,0.0,'Substation',' ',38.52282675,-121.9950809
1487,1488,-1.1715237707227752,0.5024469955400448,Yuba County,0.42941174028721973,0.0,66,0.0,'Substation',' ',39.22586945,-121.4227731
1488,1489,1.6594654801114663,0.40892110325206943,Yuba County,0.33451994837189464,2.61044479,66,0.12186488328169248,'Substation',' ',39.48525926,-121.2203187
1489,1490,-1.2224143120427011,0.5256381541783615,Yuba County,0.43000091411191704,0.0,66,0.0,'Substation',' ',39.33987652,-121.1949272
1490,1491,2.300129968076151,0.413005752943773,Yuba County,0.3529715983864102,3.26310927,66,0.10416578645957833,'Substation',' ',39.16343792,-121.5610556
1491,1492,2.2135126583088987,0.3753138116112672,Sutter County,0.3275349794233756,3.08718785,66,0.09269250846956352,'Substation',' ',39.24756794,-121.6371358
1492,1493,3.516488461442235,0.39088342700020345,Yuba County,0.33406495436833045,4.42788654,66,0.06876105671957526,'Substation',' ',39.05146481,-121.5463491
1493,1494,8.958965056677576,0.44079989258773444,Yuba County,0.37672560623249396,9.98675019,66,0.038770668141408185,'Substation',' ',39.14002976,-121.5834743
1494,1495,-1.1715293885179527,0.50244940491865,Yuba County,0.4294137994406608,0.0,66,0.0,'Substation',' ',39.02624606,-121.543052
1495,1496,-1.1715293885179527,0.50244940491865,Yuba County,0.4294137994406608,0.0,66,0.0,'Substation',' ',39.01314723,-121.4186163
1496,1497,-1.4102457401878132,0.6064056682807597,Colusa County,0.43000001182979003,0.0,500,0.0,'Substation',' ',39.23718795,-122.2765024
1497,1498,-0.8008447968569098,0.3507119782158733,Shasta County,0.43034776044912887,0.0,230,0.0,'Substation',' ',40.71501315,-122.4212465
1498,1499,0.9531874295986673,0.2957941009765864,Shasta County,0.4337639741885544,1.62544675,115,0.17939798673969404,'Substation',' ',40.51010552,-122.4247382
1499,1500,0.0,0.0,Placer County,0.0,0.0,66,0.0,'Substation',' ',39.07795141,-120.4062356
1500,1501,-1.4150304937004385,0.18150771727429402,Mendocino County,0.11071776986156297,0.0,66,0.0,'Substation',' ',39.36196528,-123.1278407
1501,1502,0.0,0.0,Tuolumne County,0.0,0.0,115,0.0,'Substation',' ',38.1865924,-120.1119474
1502,1503,5.166163714962453,0.45542193466725955,San Francisco County,0.19772034024213223,6.93492835,230,0.05042889094129929,'Substation',' ',37.75610406,-122.3864726
1503,1504,-2.073673339081947,0.5633155405608088,Contra Costa County,0.2444685852960405,0.0,66,0.0,'Substation',' ',38.01284457,-121.7863208
1504,1505,0.0,0.0,Contra Costa County,0.0,0.0,115,0.0,'Substation',' ',38.01603226,-121.8607018
1505,1506,-0.33133472522053525,0.1457872790970355,Santa Barbara County,0.4400041448991114,0.0,66,0.0,'Substation',' ',34.92760556,-119.6213417
1506,1507,-2.1512689689274516,0.0,Santa Barbara County,0.0,0.0,115,0.0,'Substation',' ',34.64795679,-120.1848073
1507,1508,-1.4247626982037014,2.0042943573275913,San Bernardino County,0.4294309178283596,3.23638697,500,0.6184803605707476,'Substation',' ',34.55164736,-117.4377996
1508,1509,7.3820470435254855,0.5702381874497134,Los Angeles County,0.2628991431588463,8.94839284,66,0.04601842757091235,'Substation',' ',34.09930127,-117.7073995
1509,1510,32.70506313461687,0.972772285355763,Los Angeles County,0.32088712886000736,34.9598532,66,0.020696114086167266,'Substation',' ',33.89465809,-118.2645067
1510,1511,1.4885092453531614,0.5305179070599728,Tuolumne County,0.20732206457918861,3.38123239,115,0.1160533275339282,'Substation',' ',37.96718047,-120.3864075
1511,1512,15.391826527241882,1.2341402815391849,San Diego County,0.4054215001804089,18.2522882,230,0.06353683712807898,'Substation',' ',33.12288056,-117.2878861
1512,1513,2.4293628608048223,0.42724695899542275,Stanislaus County,0.3099196623475332,3.5664297,66,0.09881012679710084,'Substation',' ',37.48333489,-120.8464336
1513,1514,11.441014867912422,0.6281399799222673,Riverside County,0.3023626249466198,12.968836,115,0.03562046801632131,'Substation',' ',33.49095832,-117.0638806
1514,1515,1.2161310004192303,0.2762730244633601,Shasta County,0.3361552679148412,1.85403902,66,0.11565891489554488,'Substation',' ',40.59278468,-122.3696561
1515,1516,11.344570970478815,1.059693064989322,Orange County,0.34230060822606406,13.7529643,115,0.05994304090084036,'Substation',' ',33.54998165,-117.6282105
1516,1517,33.5741292201004,1.1389353544429281,San Diego County,0.3751876437790347,36.2224784,230,0.027431250775779844,'Substation',' ',32.63792799,-117.016092
1517,1518,14.714313933247784,0.9631918085940712,San Diego County,0.31729427290492024,16.9540093,66,0.041915897316522226,'Substation',' ',32.94142222,-117.0327306
1518,1519,-0.5361056522679541,0.9824134373978998,San Diego County,0.4327590966898494,1.69665216,66,0.5695016790974317,'Substation',' ',33.11840833,-117.098475
1519,1520,-3.034093756147197,1.3048482776102017,San Diego County,0.4241402272075836,0.0,66,0.0,'Substation',' ',32.90195058,-117.2270561
1520,1521,-0.7029904925769788,1.1553157665022782,San Diego County,0.3290726649674044,1.96662767,66,0.4467029405747107,'Substation',' ',32.74614754,-117.1925255
1521,1522,2.438806352122224,0.9767319156381851,San Diego County,0.27820599679935365,4.69576617,66,0.13371614623408185,'Substation',' ',32.67954522,-117.2473513
1522,1523,3.997079861619132,0.713980529187888,Imperial County,0.2742895851113848,5.77901609,115,0.084576083742576,'Substation',' ',32.82670278,-115.7889389
1523,1524,10.039567997063644,0.027904832711581517,Imperial County,0.029562291767411875,10.7739057,66,0.0020149336772100753,'Substation',' ',32.76360286,-115.565348
1524,1525,1.8813038902513015,0.3126603012742035,Riverside County,0.16989769081202047,3.07266713,115,0.0658743218148825,'Substation',' ',33.79775322,-116.2871277
1525,1526,4.901347420685527,0.45507214555009834,Riverside County,0.2393068691187181,6.19292951,66,0.04990924981538488,'Substation',' ',33.72019357,-116.3631391
1526,1527,5.931120681824756,0.4550711938388331,Riverside County,0.23930636864633054,7.22270007,115,0.04279330031804395,'Substation',' ',33.71418472,-116.2867908
1527,1528,-2.0849835707464894,0.8965429354209904,Imperial County,0.43000086007750715,0.0,115,0.0,'Substation',' ',32.73663553,-114.7145675
1528,1529,-0.28968376188889144,0.7708858792776309,Imperial County,0.2924340805715403,1.58784377,115,0.3457853019983706,'Substation',' ',33.32771631,-115.9448921
1529,1530,4.272924286489952,0.8321201211444209,San Bernardino County,0.3965761397712733,6.16410638,66,0.12167176359613213,'Substation',' ',34.0636675,-117.3223511
1530,1531,1.692687227730026,0.7512924197987886,San Bernardino County,0.35805485303426765,3.40017,66,0.17980644881981472,'Substation',' ',34.06007672,-117.3066786
1531,1532,-1.249642537765241,0.5391288274993357,Sutter County,0.43008174508787905,0.0,230,0.0,'Substation',' ',39.02399377,-121.7233826
1532,1533,-4.283722702336004,3.2414953746278417,Santa Clara County,0.4279914840799952,3.08331224,115,1.022610742219078,'Substation',' ',37.41117121,-121.9276788
1533,1534,45.278246530518345,0.3937073134482535,Santa Clara County,0.16908715222422768,47.0467072,115,0.006355896006749739,'Substation',' ',37.4207031,-121.9598699
1534,1535,-3.1697180215641767,1.3810526266702121,Santa Clara County,0.4337259765459379,0.0,115,0.0,'Substation',' ',37.43005674,-121.9514711
1535,1536,3.0826583029330665,0.5030045788872348,Alameda County,0.25212361274521217,4.67839966,66,0.08599608951550387,'Substation',' ',37.67389353,-121.835631
1536,1537,15.634010758993748,0.48197933474694704,Alameda County,0.21556931138288166,17.287227,66,0.02061537611791146,'Substation',' ',37.70408449,-121.9007603
1537,1538,0.0,0.0,Alameda County,0.0,0.0,66,0.0,'Substation',' ',37.72019332,-121.5952918
1538,1539,6.903466478733444,0.5670352276203039,Contra Costa County,0.225808248899029,8.77037636,66,0.048066768612549625,'Substation',' ',37.74483101,-121.857924
1539,1540,3.277468952549275,0.2786215420783192,Shasta County,0.40858146591639305,3.91069973,115,0.06615858469762764,'Substation',' ',40.5258508,-122.4280528
1540,1541,3.6469733923289347,0.7597926044070187,San Diego County,0.28822586801437855,5.49748275,66,0.09701979799454083,'Substation',' ',33.23069511,-117.0184193
1541,1542,-2.3786235850134227,0.9766287325538373,San Diego County,0.37048223756771254,0.0,66,0.0,'Substation',' ',32.69904488,-116.3537629
1542,1543,1.1875514604311248,0.83957928221805,San Bernardino County,0.3960058963370908,3.25192354,115,0.2513907555596884,'Substation',' ',34.02229167,-117.3327972
1543,1544,-1.228292983876107,0.8438780361058316,San Diego County,0.2950475825036073,0.771633353,66,0.7647070057125825,'Substation',' ',32.79698055,-116.7922
1544,1545,-2.274794204794559,0.6179502349708339,Solano County,0.26817903794430803,0.0,230,0.0,'Substation',' ',38.12465193,-121.8301478
1545,1546,-2.942081321857988,1.2945157816175148,San Diego County,0.42349416573266796,0.0,66,0.0,'Substation',' ',33.05860864,-117.1192854
1546,1547,4.167897044499898,0.5603223205590586,Riverside County,0.2616003217266982,5.77034684,500,0.07264751906207921,'Substation',' ',33.73452905,-117.4125219
1547,1548,-0.4973110719587792,0.4272145024459928,Merced County,0.3098961187678106,0.639669388,115,0.550824907781996,'Substation',' ',37.41801671,-120.8309528
1548,1549,-2.259549357740488,0.20503232975965913,Stanislaus County,0.09021313427738713,0.0,115,0.0,'Substation',' ',37.43627042,-121.1323489
1549,1550,2.6981652221632464,0.42724123213415754,Stanislaus County,0.3099155081531679,3.83521682,115,0.09188266016729374,'Substation',' ',37.53726161,-120.8092201
1550,1551,2.745247984502276,0.4411319692285136,Alameda County,0.17567028052721329,4.19763329,66,0.06078209229429555,'Substation',' ',37.738605,-121.7711633
1551,1552,7.79875707667631,0.15950605428914577,Stanislaus County,0.07018181528010958,9.55658621,66,0.01290917455438498,'Substation',' ',37.50071672,-120.913575
1552,1553,0.0,0.0,Kern County,0.0,0.0,66,0.0,'Substation',' ',35.14258236,-117.9687131
1553,1554,-0.8841341387743411,0.8620922334497334,Riverside County,0.40833115350293486,1.16935596,66,0.7170647855930732,'Substation',' ',33.96078597,-117.4277577
1554,1555,0.16325115241913202,0.6519905384453731,Riverside County,0.30752557030499306,1.76637678,66,0.2791036026256846,'Substation',' ',34.00353401,-117.3431884
1555,1556,6.566603874490471,0.7548560529374535,Ventura County,0.31373286792413324,8.40265591,66,0.06855330944503082,'Substation',' ',34.2734985,-119.2475484
1556,1557,-3.431686099173616,1.4851116581537178,San Diego County,0.42300959208959354,0.0,66,0.0,'Substation',' ',32.69488244,-117.1432682
1557,1558,1.9475959868988373,0.4583010696833841,Lassen County,0.3298004763745076,3.03788077,66,0.11836423746500103,'Substation',' ',40.36041129,-120.8677626
1558,1559,-1.4014958644296716,0.5891186080741262,Lassen County,0.423938782683094,0.0,66,0.0,'Substation',' ',40.41450968,-120.7380555
1559,1560,-1.4014958644296713,0.5891186080741261,Lassen County,0.42393878268309393,0.0,66,0.0,'Substation',' ',40.42373732,-120.6545605
1560,1561,-1.4014958644296716,0.5891186080741262,Lassen County,0.423938782683094,0.0,66,0.0,'Substation',' ',40.41232276,-120.6606949
1561,1562,0.9668904399519274,0.45830736524110965,Lassen County,0.3298050067543699,2.0571902,66,0.17479488271281018,'Substation',' ',40.40822706,-120.6473551
1562,1563,0.0,0.0,Lassen County,0.0,0.0,66,0.0,'Substation',' ',40.41007909,-120.6421892
1563,1564,1.3823208832106026,0.4583047534986171,Lassen County,0.3298031273044293,2.47261443,66,0.14542591721871548,'Substation',' ',40.41009979,-120.6416013
1564,1565,2.605744197083122,0.45830314193079197,Lassen County,0.3298019675955139,3.69603391,66,0.0972879852634075,'Substation',' ',40.38191421,-120.57454
1565,1566,2.42848944681945,0.013913497580860914,Lassen County,0.02956231524630371,2.79463412,66,0.0038731668581782966,'Substation',' ',40.3520719,-120.3224458
1566,1567,0.0,0.0,Lassen County,0.0,0.0,66,0.0,'Substation',' ',40.36833693,-120.2647837
1567,1568,-0.47065010649308436,0.017884704046737206,Lassen County,0.038000025230447786,0.0,66,0.0,'Substation',' ',40.35133837,-120.2488718
1568,1569,-0.47065010649308436,0.017884704046737206,Lassen County,0.038000025230447786,0.0,66,0.0,'Substation',' ',40.30038982,-120.1942201
1569,1570,0.03224552691222593,0.30076622279774284,Modoc County,0.33450239856991126,0.731701859,66,0.31976114027923064,'Substation',' ',41.44399812,-120.8801201
1570,1571,0.0,0.0,Lassen County,0.0,0.0,66,0.0,'Substation',' ',41.13280847,-121.1375887
1571,1572,0.0,0.0,Lassen County,0.0,0.0,66,0.0,'Substation',' ',41.09133715,-121.1788459
1572,1573,0.8401942193208767,0.45831809703861953,Lassen County,0.329812729520397,1.93051951,66,0.1862727407422067,'Substation',' ',40.29760752,-121.0180107
1573,1574,6.060766249245832,0.3062352615318337,Humboldt County,0.34229685299297424,6.75675548,66,0.03525877532631277,'Substation',' ',40.79375288,-124.1832703
1574,1575,3.652010563312863,0.3062346173423403,Humboldt County,0.3422961329451416,4.34799833,66,0.0547916312364666,'Substation',' ',40.79343242,-124.1803135
1575,1576,-0.47065010649308436,0.017884704046737206,Lassen County,0.038000025230447786,0.0,66,0.0,'Substation',' ',40.27530051,-120.187432
1576,1577,0.0,0.0,Lassen County,0.0,0.0,66,0.0,'Substation',' ',40.1445318,-120.1703093
1577,1578,0.0,0.0,Butte County,0.0,0.0,66,0.0,'Substation',' ',39.65452133,-121.6355082
1578,1579,-1.321990817177139,0.5684560513861697,Butte County,0.41482703539166005,0.0,115,0.0,'Substation',' ',39.71972703,-121.8393363
1579,1580,6.4139225995379725,0.3355776303128859,Glenn County,0.33714831240774723,7.18603876,66,0.036225474030496585,'Substation',' ',39.76192786,-122.1975464
1580,1581,-1.4150304937004383,0.181507717274294,Mendocino County,0.11071776986156297,0.0,66,0.0,'Substation',' ',39.40558966,-123.3270796
1581,1582,0.0,0.0,Butte County,0.0,0.0,115,0.0,'Substation',' ',39.58040165,-121.1196964
1582,1583,-0.7599496850962125,0.3267783645913714,Nevada County,0.43000075500001667,0.0,66,0.0,'Substation',' ',39.33576922,-120.1837725
1583,1584,-0.6290037071007839,0.4527799183377309,El Dorado County,0.20489918284622186,1.08561067,230,0.3236179364047097,'Substation',' ',38.98438032,-120.3273764
1584,1585,0.0,0.0,El Dorado County,0.0,0.0,230,0.0,'Substation',' ',38.89702284,-120.378397
1585,1586,-2.2039583877933517,0.5820014763507227,El Dorado County,0.2633765811817815,0.0,230,0.0,'Substation',' ',38.83404102,-120.5318797
1586,1587,0.0,0.0,Calaveras County,0.0,0.0,115,0.0,'Substation',' ',38.0718328,-120.5393568
1587,1588,0.2280472377076288,0.4554296454934824,Calaveras County,0.19772368787883626,1.99684182,230,0.1751428602947395,'Substation',' ',37.9465677,-120.5300395
1588,1589,-2.935876309425728,1.2917855761473203,Contra Costa County,0.4400005428269756,0.0,66,0.0,'Substation',' ',38.03021814,-121.8740447
1589,1590,2.7194575055392805,1.0049573971627166,Contra Costa County,0.34230278494699,5.00345159,66,0.15625564110101742,'Substation',' ',38.03040028,-121.8694191
1590,1591,-1.8350986859846188,0.8074434218332323,Contra Costa County,0.44000019578847155,0.0,115,0.0,'Substation',' ',38.01494901,-122.1162354
1591,1592,-1.8350986859846188,0.8074434218332323,Contra Costa County,0.44000019578847155,0.0,115,0.0,'Substation',' ',38.01608705,-122.1162873
1592,1593,0.0,0.0,Calaveras County,0.0,0.0,115,0.0,'Substation',' ',37.87667314,-120.6055921
1593,1594,-2.2747942047945586,0.6179502349708337,Contra Costa County,0.268179037944308,0.0,115,0.0,'Substation',' ',38.0141512,-121.7753221
1594,1595,-2.4934651697612633,0.8149577307753635,Contra Costa County,0.31301453809570956,0.0,230,0.0,'Substation',' ',38.01528973,-121.7623028
1595,1596,1.1530469101611953,0.48074328681663486,Contra Costa County,0.20863374566522289,2.92275583,115,0.12632632424964677,'Substation',' ',38.01445584,-121.790861
1596,1597,-7.183143684726448,3.160583221279637,Contra Costa County,0.4400000068383725,0.0,115,0.0,'Substation',' ',37.94324554,-122.384154
1597,1598,-2.3974982799102422,2.4587579587605064,Contra Costa County,0.34229553311066163,3.19058799,115,0.5995061019543595,'Substation',' ',37.94430499,-122.389169
1598,1599,-7.183143684726448,3.160583221279637,Contra Costa County,0.4400000068383725,0.0,115,0.0,'Substation',' ',37.94096481,-122.3887883
1599,1600,0.0,0.0,Contra Costa County,0.0,0.0,115,0.0,'Substation',' ',37.95041,-122.395126
1600,1601,-7.183143684726448,3.160583221279637,Contra Costa County,0.4400000068383725,0.0,115,0.0,'Substation',' ',37.94563541,-122.3809747
1601,1602,0.0,0.0,Mono County,0.0,0.0,115,0.0,'Substation',' ',37.94438087,-119.216016
1602,1603,12.219920587725316,0.6339990086335743,Contra Costa County,0.2435106746601038,14.1597199,230,0.03335954683942681,'Substation',' ',37.94623587,-121.7597976
1603,1604,1.9831588744043327,0.4688761444379199,Contra Costa County,0.21936476790714182,3.62087017,66,0.09921818275446426,'Substation',' ',37.9261806,-122.3695771
1604,1605,-0.2485880412966639,0.4738302072998071,Contra Costa County,0.2236447353897558,1.41466853,115,0.2629439814943186,'Substation',' ',37.88360418,-122.1934706
1605,1606,0.0,0.0,Mono County,0.0,0.0,230,0.0,'Substation',' ',37.54586828,-118.5899655
1606,1607,0.0,0.0,Contra Costa County,0.0,0.0,230,0.0,'Substation',' ',37.79142631,-121.7277739
1607,1608,19.404033843520544,0.4697032458794414,Alameda County,0.2216968367952759,21.0528038,115,0.017362394454774714,'Substation',' ',37.83757075,-122.2636119
1608,1609,-0.7799976496332899,0.5462490913376479,Alameda County,0.2215638962257571,0.985160609,115,0.3969863773124777,'Substation',' ',37.79786601,-122.282006
1609,1610,14.428249895222162,0.5462542426838735,Alameda County,0.22156598566143515,16.1934248,115,0.024151945772578717,'Substation',' ',37.79743896,-122.2807377
1610,1611,22.296702053193954,0.7021691058720761,Alameda County,0.2848065568867171,24.5657028,115,0.026306037141799982,'Substation',' ',37.80528987,-122.2312677
1611,1612,28.683548544316963,0.5385688227997718,Alameda County,0.2194796096004045,30.4282186,115,0.012584354928448855,'Substation',' ',37.810314,-122.271413
1612,1613,16.952453355541937,0.46362241347464395,Alameda County,0.25471193792317975,18.4447561,66,0.020607880199022675,'Substation',' ',37.79421735,-121.5595702
1613,1614,-1.9182438065114684,0.5959520120902846,Alameda County,0.3274131868886372,0.0,66,0.0,'Substation',' ',37.74908911,-121.6494936
1614,1615,1.9093231798545593,0.4636219616548444,Alameda County,0.2547116896955415,3.40162447,230,0.1117426648649966,'Substation',' ',37.80058871,-121.6209518
1615,1616,0.4887616543567237,0.4554123823064878,Alameda County,0.19771619310762212,2.25748919,230,0.15490930213137127,'Substation',' ',37.74738601,-121.598344
1616,1617,-2.2690007468060482,0.7021691058720761,Alameda County,0.2848065568867171,0.0,115,0.0,'Substation',' ',37.78868624,-122.2898292
1617,1618,18.045004975915784,0.5462548985282877,Alameda County,0.22156625167825067,19.810182,115,0.019742557477508745,'Substation',' ',37.77932065,-122.2926961
1618,1619,4.33598454432268,0.463619872525041,Alameda County,0.2547105419376132,5.82827911,66,0.06521704784214176,'Substation',' ',37.76124999,-121.690746
1619,1620,-1.7874637068527917,0.06792362086040607,Mono County,0.03800000756913434,0.0,115,0.0,'Substation',' ',37.64645793,-118.9100447
1620,1621,-1.8157758177649976,0.0689994810750699,Mono County,0.03800000756913434,0.0,115,0.0,'Substation',' ',37.64552942,-118.9146492
1621,1622,-0.5556120925377087,0.463646721398714,Alameda County,0.25472529258047594,0.936768894,66,0.40580679596877944,'Substation',' ',37.74310007,-121.6587199
1622,1623,-1.9182467867058035,0.5959529379646726,Alameda County,0.3274136955596004,0.0,115,0.0,'Substation',' ',37.68223895,-121.705288
1623,1624,11.437430817421482,0.29525843472627344,Alameda County,0.12869052406685455,13.2002672,66,0.01718604134908327,'Substation',' ',37.7265308,-121.5872593
1624,1625,0.0,0.0,Alameda County,0.0,0.0,115,0.0,'Substation',' ',37.69858612,-121.6106741
1625,1626,-2.2394447328265286,0.05431043809078083,Merced County,0.028016064611020547,0.0,115,0.0,'Substation',' ',37.36244493,-120.6278648
1626,1627,2.5394570346146192,0.7286492052157136,Inyo County,0.3345152738042509,4.23399007,66,0.13388013975722174,'Substation',' ',37.41693813,-118.4028574
1627,1628,-0.8861952017665582,0.72870926433962,Inyo County,0.33454284632355663,0.808477506,66,0.7012447805110279,'Substation',' ',37.34207284,-118.4409309
1628,1629,0.0,0.0,Inyo County,0.0,0.0,115,0.0,'Substation',' ',37.32303711,-118.5017679
1629,1630,2.154618595868122,0.7286494841767075,Inyo County,0.3345154018723426,3.84915228,66,0.1472655730662847,'Substation',' ',37.36019169,-118.3985227
1630,1631,0.0,0.0,Inyo County,0.0,0.0,66,0.0,'Substation',' ',37.27387104,-118.5736305
1631,1632,0.0,0.0,Fresno County,0.0,0.0,230,0.0,'Substation',' ',37.20010694,-119.3068684
1632,1633,0.0,0.0,Fresno County,0.0,0.0,230,0.0,'Substation',' ',37.20395556,-119.242925
1633,1634,0.0,0.0,Fresno County,0.0,0.0,230,0.0,'Substation',' ',36.92739551,-119.0208088
1634,1635,0.0,0.0,Fresno County,0.0,0.0,230,0.0,'Substation',' ',37.20971272,-119.328853
1635,1636,0.0,0.0,Madera County,0.0,0.0,230,0.0,'Substation',' ',37.22028333,-119.3380194
1636,1637,4.539915525615067,0.15950426317067054,Merced County,0.0701810271975096,6.29772492,66,0.019588799206454843,'Substation',' ',37.08690864,-121.0168727
1637,1638,2.737122703770745,0.7286539957785795,Inyo County,0.3345174731018515,4.43166688,115,0.12791002826721237,'Substation',' ',36.94007047,-118.2569513
1638,1639,0.0,0.0,Inyo County,0.0,0.0,115,0.0,'Substation',' ',37.14207156,-118.3241606
1639,1640,0.0,0.0,Merced County,0.0,0.0,230,0.0,'Substation',' ',37.01341111,-120.9452333
1640,1641,0.0,0.0,Merced County,0.0,0.0,66,0.0,'Substation',' ',37.06232233,-121.18011
1641,1642,0.0,0.0,Merced County,0.0,0.0,230,0.0,'Substation',' ',37.06666669,-121.0754528
1642,1643,0.0,0.0,Fresno County,0.0,0.0,115,0.0,'Substation',' ',37.0922461,-119.5526664
1643,1644,-1.8551523910375212,0.802420910469794,Fresno County,0.4333586156630693,0.0,230,0.0,'Substation',' ',37.14821116,-119.3885387
1644,1645,-1.9894835441177436,0.4537931391628361,Fresno County,0.2440246929466604,0.0,115,0.0,'Substation',' ',37.07187751,-119.558037
1645,1646,0.0,0.0,Fresno County,0.0,0.0,230,0.0,'Substation',' ',36.83274727,-119.3268009
1646,1647,-0.6526107689847167,0.04225026326401184,Fresno County,0.021794817848065084,1.08954291,230,0.03484940496451705,'Substation',' ',36.78002058,-120.729744
1647,1648,1.0151311089667636,0.274421684127057,Monterey County,0.11923087443462821,2.59133425,66,0.07252328748867515,'Substation',' ',36.80022812,-121.7690706
1648,1649,1.3017020630361498,0.2949934194852423,Monterey County,0.1392931953163358,2.88874311,66,0.07652602191053869,'Substation',' ',36.62404337,-121.6880604
1649,1650,39.59040184043029,0.3607895261724167,Fresno County,0.19290646027146394,41.1106053,66,0.007133367804682435,'Substation',' ',36.71951798,-119.764185
1650,1651,0.0,0.0,Fresno County,0.0,0.0,115,0.0,'Substation',' ',36.68886004,-119.7237178
1651,1652,0.0,0.0,Fresno County,0.0,0.0,115,0.0,'Substation',' ',36.69045427,-119.7404181
1652,1653,3.511719624264355,1.5817171857236836,Fresno County,0.38974020114779456,7.10653141,115,0.19714859298160375,'Substation',' ',36.53941711,-119.5806772
1653,1654,-2.1914557601743083,0.0012214331018627663,Fresno County,0.000680573479229888,0.0,66,0.0,'Substation',' ',36.13620329,-120.3442291
1654,1655,-2.1914466160019943,0.0012214280052530346,Fresno County,0.0006805706394366878,0.0,66,0.0,'Substation',' ',36.23719531,-120.3147162
1655,1656,-2.215594238062474,0.084192581046374,Inyo County,0.038000001231420985,0.0,230,0.0,'Substation',' ',36.03673169,-117.7979617
1656,1657,-1.879789864131749,0.07143201483700645,Inyo County,0.038000001261522386,0.0,115,0.0,'Substation',' ',36.00145001,-117.7901861
1657,1658,-1.879789864131749,0.07143201483700647,Inyo County,0.038000001261522386,0.0,115,0.0,'Substation',' ',36.00617523,-117.8101854
1658,1659,-1.879789864131749,0.07143201483700645,Inyo County,0.038000001261522386,0.0,115,0.0,'Substation',' ',36.01858914,-117.7915328
1659,1660,-1.2590236961723564,0.5539704263158368,Monterey County,0.44000030249354033,0.0,66,0.0,'Substation',' ',36.22587778,-121.1283444
1660,1661,0.0,0.0,Kings County,0.0,0.0,66,0.0,'Substation',' ',36.05657777,-119.5499472
1661,1662,-0.8227069838922191,0.3619910729125764,Kern County,0.4400001322278994,0.0,66,0.0,'Substation',' ',35.46016796,-118.7796082
1662,1663,-1.8551575037092904,0.8024231218863632,Kern County,0.43335980996946205,0.0,66,0.0,'Substation',' ',35.77620279,-118.4362468
1663,1664,-1.9640574093251335,0.4897234888855845,Kern County,0.2722373755756156,0.0,115,0.0,'Substation',' ',35.55923489,-118.9576432
1664,1665,-1.9641226553946163,0.4897397575204172,Kern County,0.2722464193126459,0.0,66,0.0,'Substation',' ',35.45137667,-118.9839222
1665,1666,0.0,0.0,Kern County,0.0,0.0,115,0.0,'Substation',' ',35.51575889,-119.040603
1666,1667,-1.8328621553766185,0.7927795724966886,Kern County,0.42815167648358227,0.0,115,0.0,'Substation',' ',35.41707406,-119.00734
1667,1668,-0.7731281656037574,0.34017639286565327,Kern County,0.4399968467200055,0.0,115,0.0,'Substation',' ',35.44042076,-119.0133061
1668,1669,0.16281146354863307,0.3710987572386014,Kern County,0.3423040901722671,1.00621773,115,0.28691743951204657,'Substation',' ',35.2769642,-119.4741216
1669,1670,2.235393714196411,0.37108757215357907,Kern County,0.3422937729715829,3.07877456,115,0.0937658818910324,'Substation',' ',35.27225248,-119.474105
1670,1671,-1.0841215366587498,0.4770134761298499,Kern County,0.44000056793926146,0.0,115,0.0,'Substation',' ',35.28134076,-119.4699213
1671,1672,4.870702636119157,0.37109407450757104,Kern County,0.34229977078840057,5.71409826,115,0.050523129915227026,'Substation',' ',35.28117768,-119.4728705
1672,1673,0.3280198421319216,0.3710926066619545,Kern County,0.3422984168373337,1.17141213,115,0.24644771683392083,'Substation',' ',35.2786367,-119.4641802
1673,1674,-0.8566806746870292,0.3769394968622928,Kern County,0.43999939280924505,0.0,115,0.0,'Substation',' ',35.42487718,-119.6876388
1674,1675,-1.0910809535300112,0.4800756195532049,Kern County,0.44000255045389647,0.0,66,0.0,'Substation',' ',35.3634818,-119.6755007
1675,1676,-1.0910809535300112,0.4800756195532049,Kern County,0.44000255045389647,0.0,66,0.0,'Substation',' ',35.29631924,-119.6270095
1676,1677,0.0,0.0,Kern County,0.0,0.0,66,0.0,'Substation',' ',35.4405646,-118.7967529
1677,1678,3.9609503123337078,0.07522953007658421,Kern County,0.03846907954150142,5.43012544,66,0.010408196913880154,'Substation',' ',35.62202485,-117.6883033
1678,1679,1.3130936469380705,0.11696133793510467,Kern County,0.0651699913589049,2.99856472,230,0.036631570609264724,'Substation',' ',35.02957907,-119.0044792
1679,1680,0.0,0.0,Kern County,0.0,0.0,66,0.0,'Substation',' ',35.05874577,-118.2699171
1680,1681,0.0,0.0,Kern County,0.0,0.0,66,0.0,'Substation',' ',35.0446759,-118.2763121
1681,1682,0.0,0.0,Kern County,0.0,0.0,66,0.0,'Substation',' ',35.04604202,-118.2808834
1682,1683,-2.3892075652091433,0.9630388442685562,Kern County,0.3974696235095986,0.0,230,0.0,'Substation',' ',35.03860642,-118.2928989
1683,1684,-1.0841215366587498,0.4770134761298499,Kern County,0.44000056793926146,0.0,115,0.0,'Substation',' ',35.22732222,-119.6310111
1684,1685,0.36092155307629115,0.3710935654464319,Kern County,0.3422993012268441,1.20431602,115,0.2397155994707869,'Substation',' ',35.22558057,-119.6297639
1685,1686,0.0,0.0,Kern County,0.0,0.0,66,0.0,'Substation',' ',35.27635813,-119.5988863
1686,1687,-0.21430575641096405,0.1005907856414251,Kern County,0.09612289383803042,1.26938428,66,0.11235098945645884,'Substation',' ',35.22527531,-119.5594974
1687,1688,-2.2432001544697715,0.0,Kern County,0.0,0.0,115,0.0,'Substation',' ',35.1457167,-119.5027528
1688,1689,-0.21609085161608999,0.1169585606926315,Kern County,0.06516844389996526,1.4693402,230,0.07475254466903078,'Substation',' ',35.15800786,-119.348897
1689,1690,-1.0583248763547954,0.46566294559611,Kern County,0.4399989100485163,0.0,66,0.0,'Substation',' ',35.08980448,-119.441227
1690,1691,-1.7555572123966174,0.7724451734545117,Kern County,0.4400005330748263,0.0,66,0.0,'Substation',' ',34.86026253,-118.8805391
1691,1692,0.0,0.0,Kern County,0.0,0.0,115,0.0,'Substation',' ',35.03252074,-117.7003105
1692,1693,-1.3036276627845231,1.0908615576251903,Los Angeles County,0.43857802002840396,1.17560315,66,0.9249176825227517,'Substation',' ',34.15591282,-118.2775984
1693,1694,4.960267690803294,1.6801768936465509,Los Angeles County,0.379451841918549,8.77885154,66,0.16505219031168547,'Substation',' ',34.17780359,-118.316146
1694,1695,3.957587150380261,1.4987871548224956,Los Angeles County,0.41442077390838894,7.42336378,66,0.19348234514793242,'Substation',' ',34.17160752,-118.3038497
1695,1696,79.05938832542826,1.0888186014055667,Los Angeles County,0.31046383148325174,81.5962927,66,0.009652608300869128,'Substation',' ',34.10139918,-118.2877455
1696,1697,-0.9885797651259391,0.5043544762562933,Los Angeles County,0.23703062121837054,0.456374589,66,0.7504765524766339,'Substation',' ',34.04077632,-117.8218358
1697,1698,4.885716581216515,0.549445249894276,Los Angeles County,0.2580275634874163,6.46988098,66,0.06317860888711592,'Substation',' ',34.024072,-118.0241972
1698,1699,0.39751560358514526,0.7728608036225361,Los Angeles County,0.43704104094478247,2.15401743,66,0.35638680353564256,'Substation',' ',33.90248924,-118.4028868
1699,1700,4.080208776022742,1.2651023677499933,Los Angeles County,0.42258163449754466,6.95544143,66,0.17468632677112814,'Substation',' ',33.87575205,-118.2491081
1700,1701,4.544103568187072,1.1468774905174495,Los Angeles County,0.34441417252574824,7.08619958,66,0.12355478906643413,'Substation',' ',33.80372031,-118.2821461
1701,1702,-2.592843005010582,1.7453004869161444,Los Angeles County,0.670755089188777,0.0,66,0.0,'Substation',' ',33.79405948,-118.2353506
1702,1703,53.15493384504662,1.1159595921428385,Los Angeles County,0.30699887287660144,55.7709036,115,0.014399977665952067,'Substation',' ',33.77007438,-118.2651929
1703,1704,0.0,0.0,Los Angeles County,0.0,0.0,66,0.0,'Substation',' ',33.77514222,-118.2278691
1704,1705,-3.072003857173777,1.3209616585847241,Los Angeles County,0.4299979421776556,0.0,66,0.0,'Substation',' ',33.7656395,-118.2251507
1705,1706,-1.707010919200476,0.06486641492961809,Imperial County,0.037999963271154,0.0,115,0.0,'Substation',' ',33.15710432,-115.6467855
1706,1707,-1.6744883224659521,0.06363055625370619,Imperial County,0.038000000796750984,0.0,115,0.0,'Substation',' ',33.15682042,-115.6399654
1707,1708,-1.7070126026431969,0.06486647890044149,Imperial County,0.038000000746462946,0.0,115,0.0,'Substation',' ',33.1577481,-115.6400038
1708,1709,-1.8980977066890627,0.07212771285418439,Imperial County,0.03800000191139755,0.0,115,0.0,'Substation',' ',33.16232475,-115.6177256
1709,1710,-1.8838013912544103,0.07158445286766758,Imperial County,0.03799999662587828,0.0,115,0.0,'Substation',' ',33.16436955,-115.6153132
1710,1711,-1.8921186176685938,0.07190050747140657,Imperial County,0.038000004379963315,0.0,115,0.0,'Substation',' ',33.17808484,-115.6042926
1711,1712,0.05293760580802731,0.08212195633929496,Imperial County,0.03759378820116778,2.21404172,115,0.03669492296179737,'Substation',' ',33.17838727,-115.5658256
1712,1713,1.5618210580000749,0.02790705187599715,Imperial County,0.0357155746796296,2.29621716,115,0.011422865085376856,'Substation',' ',32.96851821,-115.5346445
1713,1714,-0.8335981097517119,0.5394896918100975,Imperial County,0.26241550569559546,0.572676681,115,0.6443920672964824,'Substation',' ',32.81647025,-115.2573359
1714,1715,4.275920468149455,0.5395066525294681,Imperial County,0.26242375563218956,5.68223947,115,0.06494825077876065,'Substation',' ',32.78658788,-115.2487903
1715,1716,-2.0063708394603594,0.07624209189949366,Imperial County,0.03800000221751983,0.0,115,0.0,'Substation',' ',32.77451111,-115.2648667
1716,1717,-2.0063708394603594,0.07624209189949366,Imperial County,0.03800000221751983,0.0,115,0.0,'Substation',' ',32.77523611,-115.2632922
1717,1718,-1.807720349727891,0.693496392573625,Imperial County,0.3373265686406074,0.0,115,0.0,'Substation',' ',32.70607416,-115.217907
1718,1719,0.0,0.0,Imperial County,0.0,0.0,115,0.0,'Substation',' ',32.7060577,-115.1263706
1719,1720,0.0,0.0,Imperial County,0.0,0.0,66,0.0,'Substation',' ',32.77916572,-114.6344093
1720,1721,-0.943933382943697,0.03586946855186049,Imperial County,0.03800000185745628,0.0,66,0.0,'Substation',' ',32.7145034,-115.5174953
1721,1722,0.0,0.0,Imperial County,0.0,0.0,115,0.0,'Substation',' ',32.67353827,-115.3920561
1722,1723,0.0,0.0,Siskiyou County,0.0,0.0,66,0.0,'Substation',' ',41.93298104,-122.4367485
1723,1724,-0.7958508446490775,0.34221586319910335,Siskiyou County,0.429993729571418,0.0,66,0.0,'Substation',' ',41.97986964,-122.3359387
1724,1725,-0.7869980261543668,0.33840915124637766,Siskiyou County,0.429999750916447,0.0,115,0.0,'Substation',' ',41.60383182,-122.5226591
1725,1726,1.682036331100866,0.30078757952662755,Shasta County,0.33452615082829684,2.38154233,230,0.09825693473734315,'Substation',' ',40.98975466,-121.4967732
1726,1727,0.0,0.0,Shasta County,0.0,0.0,230,0.0,'Substation',' ',40.98709396,-121.8493033
1727,1728,0.0,0.0,Shasta County,0.0,0.0,230,0.0,'Substation',' ',40.99253306,-121.9746015
1728,1729,0.0,0.0,Shasta County,0.0,0.0,230,0.0,'Substation',' ',40.92227055,-121.9923454
1729,1730,0.0,0.0,Shasta County,0.0,0.0,230,0.0,'Substation',' ',40.98672929,-121.9765849
1730,1731,0.0,0.0,Trinity County,0.0,0.0,230,0.0,'Substation',' ',40.79696775,-122.7614314
1731,1732,0.0,0.0,Shasta County,0.0,0.0,230,0.0,'Substation',' ',40.59823642,-122.5371186
1732,1733,-0.8892129433943662,0.39125369509352104,Shasta County,0.43732687046708085,0.0,230,0.0,'Substation',' ',40.64590342,-122.6257398
1733,1734,0.0,0.0,Shasta County,0.0,0.0,66,0.0,'Substation',' ',40.67817555,-121.8730925
1734,1735,0.0,0.0,Shasta County,0.0,0.0,66,0.0,'Substation',' ',40.57186647,-122.0203827
1735,1736,0.061203145995009645,0.26504024165214585,Shasta County,0.33450592659744693,0.677575801,66,0.30429112991857393,'Substation',' ',40.73723942,-122.3224981
1736,1737,1.0284939929608379,0.2502080455711265,Shasta County,0.3349626427433469,1.60178743,115,0.11988599806782994,'Substation',' ',40.63357895,-122.3918969
1737,1738,-0.7923338938142725,0.3407035743401372,Shasta County,0.43000022984919806,0.0,66,0.0,'Substation',' ',40.74435042,-122.3083163
1738,1739,-0.6722593204013328,0.2957941009765865,Shasta County,0.4337639741885545,0.0,115,0.0,'Substation',' ',40.53504296,-122.3775951
1739,1740,-0.7109815752301052,0.3113466910791584,Shasta County,0.43332059279072355,0.0,115,0.0,'Substation',' ',40.58640252,-122.3952491
1740,1741,-0.6722593204013328,0.2957941009765865,Shasta County,0.4337639741885545,0.0,115,0.0,'Substation',' ',40.57484532,-122.3894841
1741,1742,0.0,0.0,Shasta County,0.0,0.0,230,0.0,'Substation',' ',40.6280133,-122.4677291
1742,1743,0.0,0.0,Shasta County,0.0,0.0,66,0.0,'Substation',' ',40.40490556,-122.1217246
1743,1744,2.702370709296171,0.2301157983096847,Shasta County,0.337450756687949,3.22536116,115,0.05471744545053633,'Substation',' ',40.51800505,-122.3153389
1744,1745,-0.8199596366024671,0.3551181703138291,Shasta County,0.4320901177925359,0.0,66,0.0,'Substation',' ',40.45955127,-121.8664328
1745,1746,-0.8199596366024671,0.3551181703138291,Tehama County,0.4320901177925359,0.0,66,0.0,'Substation',' ',40.40132958,-121.9651054
1746,1747,-1.0731329176359339,0.4721784837598111,Tehama County,0.43999920214600835,0.0,66,0.0,'Substation',' ',40.14465791,-122.2116928
1747,1748,0.0,0.0,Plumas County,0.0,0.0,115,0.0,'Substation',' ',40.17581925,-121.1907463
1748,1749,4.886731672643543,0.4583003568773132,Plumas County,0.32979996342833034,5.97701476,66,0.06015968452061958,'Substation',' ',39.97493535,-120.9447603
1749,1750,-1.4014714761981482,0.5891083564841121,Plumas County,0.4239314054817434,0.0,66,0.0,'Substation',' ',39.75696824,-120.3708737
1750,1751,-0.2829861574665361,0.45832080610418735,Plumas County,0.3298146790055147,0.807345578,66,0.44541943517329996,'Substation',' ',39.80126759,-120.6449025
1751,1752,0.0,0.0,Placer County,0.0,0.0,66,0.0,'Substation',' ',39.24586381,-120.0274494
1752,1753,1.909379136372478,0.34292331686076966,Sutter County,0.2930762838376104,2.70895167,66,0.08650421836952776,'Substation',' ',39.13686954,-121.6401138
1753,1754,1.7908623877932563,0.3908779774582867,Sutter County,0.33406029696705425,2.70224776,66,0.11266830251376139,'Substation',' ',39.0525088,-121.6919042
1754,1755,0.0,0.0,Placer County,0.0,0.0,115,0.0,'Substation',' ',38.88992636,-121.0984958
1755,1756,1.8281046679479667,0.0885500748739687,Sonoma County,0.0583461473031409,2.83693905,115,0.02074827778188645,'Substation',' ',38.8057044,-122.8149792
1756,1757,-1.2967837124721484,0.11382472373828079,Sonoma County,0.07499975700105695,0.0,115,0.0,'Substation',' ',38.81471409,-122.8020392
1757,1758,1.4227567181696315,0.04838948468955401,Sonoma County,0.029562011130825565,2.69616421,230,0.01396223802242595,'Substation',' ',38.8053101,-122.7838602
1758,1759,0.8072000248402671,0.5656531570838447,Santa Clara County,0.22120504501438545,2.67823795,66,0.15453557009696658,'Substation',' ',37.31772837,-122.0887268
1759,1760,3.4610218016253773,0.04838966353823567,Sonoma County,0.029562120392718973,4.734434,230,0.007951270356268043,'Substation',' ',38.795979,-122.7670067
1760,1761,9.004270199172643,0.3889576205331049,Placer County,0.33546922494136655,9.90496834,66,0.03050555002677407,'Substation',' ',38.7794983,-121.2827414
1761,1762,-1.6368807031309145,0.06220146671897475,Sonoma County,0.03800000068810312,0.0,230,0.0,'Substation',' ',38.75227765,-122.7195493
1762,1763,-1.5274576579341508,0.23166982071205922,Sonoma County,0.1375267174750391,0.0,66,0.0,'Substation',' ',38.60655701,-122.852858
1763,1764,2.127544667489318,0.3987246770561902,Sacramento County,0.33518816319281364,3.05115865,66,0.10146456143699871,'Substation',' ',38.64740601,-121.411359
1764,1765,1.2031938518664635,0.3109181491823271,Sacramento County,0.3341592123992358,1.94370205,66,0.127307390689576,'Substation',' ',38.60630599,-121.34661
1765,1766,1.8537216938535421,0.3892448518151578,Sacramento County,0.30444734894720027,2.8952736,66,0.1095225392920352,'Substation',' ',38.62063386,-121.405762
1766,1767,1.208620757003154,0.3316532489702977,Sacramento County,0.3241036857645824,2.02901237,66,0.13104500961846213,'Substation',' ',38.59310499,-121.237507
1767,1768,0.9281498575381051,0.2901830287244563,Sacramento County,0.3419375111317407,1.58872764,66,0.14217435207707774,'Substation',' ',38.61922402,-121.282636
1768,1769,1.6185035775117536,0.39505792469906464,Sacramento County,0.332105705401282,2.53362382,66,0.11995334558330419,'Substation',' ',38.60908499,-121.491049
1769,1770,1.5359804263106738,0.38513189848826684,Sacramento County,0.31479024483983953,2.48322198,66,0.12007883427656074,'Substation',' ',38.61934901,-121.439584
1770,1771,2.6044625618465584,0.38931110715747574,Sacramento County,0.30429354745312676,3.647455,66,0.08701296355198257,'Substation',' ',38.58062618,-121.3851902
1771,1772,0.35186687749800893,0.3893028932489022,Sacramento County,0.30428712729369056,1.39483731,66,0.2275265183136583,'Substation',' ',38.59787636,-121.3812278
1772,1773,1.5241731715854183,0.28955675690241595,Sacramento County,0.34229770047878494,2.18225671,66,0.10322364041316359,'Substation',' ',38.57077511,-121.451394
1773,1774,3.1963946057825736,0.2895578638556677,Sacramento County,0.3422990090566149,3.85448066,66,0.05844164859102,'Substation',' ',38.55643741,-121.4265029
1774,1775,-0.8459207214780422,0.3722051174503386,Sacramento County,0.43999994050432045,0.0,66,0.0,'Substation',' ',38.53171154,-121.4001031
1775,1776,10.362308215090511,0.4305005029959411,Solano County,0.31182415408797587,11.374155,66,0.02773993037469943,'Substation',' ',38.52911015,-121.7513987
1776,1777,1.4560674789969825,0.3436229262547244,Sacramento County,0.33402331039822425,2.24381765,66,0.11726751498063809,'Substation',' ',38.49860176,-121.4279462
1777,1778,-0.22174182578992685,0.41011349006807046,Sacramento County,0.30441704540829795,0.893515184,66,0.37996359756449616,'Substation',' ',38.34437299,-121.1235694
1778,1779,0.5752305979450334,0.41009838087419376,Sacramento County,0.3044058302294027,1.69044652,66,0.2008216318125172,'Substation',' ',38.271455,-121.312744
1779,1780,0.8824515855998505,0.41008048431618477,Sacramento County,0.30439254605942545,1.99761884,66,0.16992661114918223,'Substation',' ',38.27497882,-121.282964
1780,1781,6.583462073304553,0.45879491533841454,Solano County,0.3323186276895348,7.66181194,115,0.04677167107150686,'Substation',' ',38.19806517,-122.1551376
1781,1782,-1.386144296608639,0.5897491851677452,Solano County,0.4271726502274006,0.0,115,0.0,'Substation',' ',38.20550643,-122.147878
1782,1783,-2.274794204794559,0.6179502349708339,Solano County,0.26817903794430803,0.0,230,0.0,'Substation',' ',38.123638,-121.829231
1783,1784,0.0,0.0,Solano County,0.0,0.0,66,0.0,'Substation',' ',38.24122071,-121.8557539
1784,1785,0.0,0.0,Solano County,0.0,0.0,66,0.0,'Substation',' ',38.22659284,-121.8441836
1785,1786,-2.2657072711458786,0.37195795888305105,San Joaquin County,0.16215738368721214,0.0,115,0.0,'Substation',' ',38.22688953,-121.0245828
1786,1787,0.0,0.0,San Joaquin County,0.0,0.0,230,0.0,'Substation',' ',38.08793823,-121.3882058
1787,1788,15.88654174445917,0.4469073775367337,San Joaquin County,0.19402376569288782,17.6222376,66,0.019110299930899258,'Substation',' ',38.11600961,-121.290442
1788,1789,12.083875795874254,0.46872979267679316,San Joaquin County,0.20349791486743304,13.9043254,66,0.026643342118621093,'Substation',' ',38.13724028,-121.2613779
1789,1790,0.25246036917953685,0.3171198945291549,San Joaquin County,0.1384586448472706,2.43831986,66,0.12412282239523173,'Substation',' ',37.91255598,-121.2633716
1790,1791,0.0,0.0,San Joaquin County,0.0,0.0,66,0.0,'Substation',' ',37.93766718,-121.3283912
1791,1792,1.5694424476406894,0.5033858930093666,San Joaquin County,0.1795547686677458,3.54681903,66,0.10010304777645897,'Substation',' ',37.79785502,-121.274217
1792,1793,-2.5417280853995496,0.6470543210991395,San Joaquin County,0.23080044664314717,0.0,66,0.0,'Substation',' ',37.80878549,-121.2765713
1793,1794,1.9944311972212598,0.5282402983569254,San Joaquin County,0.24140803306193115,3.70525288,66,0.11146502296472645,'Substation',' ',37.75614112,-121.4169099
1794,1795,-3.1103448444051467,1.3685517315382645,San Joaquin County,0.4399999947614217,0.0,115,0.0,'Substation',' ',37.67245302,-121.5443886
1795,1796,0.0,0.0,San Joaquin County,0.0,0.0,115,0.0,'Substation',' ',37.72005266,-121.4884286
1796,1797,-3.110344844405147,1.3685517315382647,San Joaquin County,0.4399999947614218,0.0,115,0.0,'Substation',' ',37.71036086,-121.4899576
1797,1798,3.6505620215090846,0.7835773379395382,San Francisco County,0.2667098825459319,6.17515859,115,0.10903928124995325,'Substation',' ',37.73691799,-122.3768664
1798,1799,5.552577588164258,0.7972132761233017,San Francisco County,0.271351210587601,8.12110759,115,0.08582249621799451,'Substation',' ',37.74602982,-122.4033721
1799,1800,0.7863686040275566,0.1595072350616219,Stanislaus County,0.07018233481371709,2.54421075,66,0.04849026993471393,'Substation',' ',37.64289802,-121.040375
1800,1801,19.061816190229756,1.0153871242989088,Stanislaus County,0.4158840738297337,21.3695142,66,0.04491140231311473,'Substation',' ',37.65300923,-121.0196588
1801,1802,8.52417243975982,0.5083421630066195,Stanislaus County,0.2112495117015365,10.5544208,66,0.040635955573571914,'Substation',' ',37.637159,-120.993187
1802,1803,0.943619216603472,0.19270997040882218,Stanislaus County,0.0847913617206672,3.06737058,66,0.05870688440211718,'Substation',' ',37.641965,-121.00605
1803,1804,0.0,0.0,Stanislaus County,0.0,0.0,66,0.0,'Substation',' ',37.62925302,-120.931338
1804,1805,3.848034672212001,0.42724059334966774,Stanislaus County,0.3099150447867957,4.98508457,66,0.07068864430474228,'Substation',' ',37.48947163,-120.8380604
1805,1806,-1.3538081062414713,0.5956755667462473,Stanislaus County,0.4399998843479289,0.0,115,0.0,'Substation',' ',37.48773294,-120.8968342
1806,1807,13.463132857203316,0.36971667842416284,San Mateo County,0.14168735173397062,15.1824848,66,0.016045491016959186,'Substation',' ',37.45537671,-122.1782867
1807,1808,-0.12584692313773682,0.5014553549066607,Santa Clara County,0.1960997706203743,1.53284087,66,0.21219964976868408,'Substation',' ',37.4547593,-121.9355511
1808,1809,-2.4051036591886175,0.7271121871128321,Santa Clara County,0.28434541921413065,0.0,115,0.0,'Substation',' ',37.40954139,-122.0317761
1809,1810,0.0,0.0,Santa Clara County,0.0,0.0,115,0.0,'Substation',' ',37.41613333,-122.0308028
1810,1811,0.0,0.0,Santa Clara County,0.0,0.0,115,0.0,'Substation',' ',37.41811202,-122.063481
1811,1812,-3.509282856922805,1.429662442202882,Santa Clara County,0.27420497238886404,0.0,66,0.0,'Substation',' ',37.36941523,-121.9445236
1812,1813,15.61370979172444,1.051578162538504,Santa Clara County,0.20733954829048198,18.9931019,115,0.0368913744008436,'Substation',' ',37.26909516,-121.7872462
1813,1814,8.514473172424012,0.2672848519029295,Santa Clara County,0.11613005989993573,10.0496843,66,0.017740274707380342,'Substation',' ',37.22643981,-121.9773522
1814,1815,28.7957822572714,0.8247484624798385,Santa Clara County,0.162615561786714,31.4462257,115,0.013706043883772777,'Substation',' ',37.24447236,-121.7964123
1815,1816,-0.312237500237007,0.873704929013004,Santa Clara County,0.1722683027987384,2.49553433,115,0.19382225362575423,'Substation',' ',37.21507985,-121.8043416
1816,1817,1.1488641274969007,0.3394925758110076,Santa Clara County,0.12663676842661137,2.87635225,66,0.07605588409039492,'Substation',' ',37.2142178,-121.8952356
1817,1818,0.6856563810941225,0.3074003771161405,Santa Clara County,0.13355947392306736,2.45128012,115,0.09620107297828867,'Substation',' ',37.19925063,-121.7490891
1818,1819,-0.26105121703611145,0.6173503740865568,Santa Clara County,0.26034260393083647,2.04625955,500,0.29355576772645325,'Substation',' ',37.22628255,-121.7462767
1819,1820,-2.376239290105889,1.6022294112465911,Santa Clara County,0.4354431036457485,1.26519119,230,1.2532776093449849,'Substation',' ',37.22141404,-121.746599
1820,1821,-9.181325257767249,4.039783113417589,Santa Clara County,0.44000000476130396,0.0,115,0.0,'Substation',' ',36.99859078,-121.5364215
1821,1822,7.518770323230565,0.2921833834410376,Santa Cruz County,0.12694798668611604,9.19699181,66,0.02316483947795971,'Substation',' ',36.91115927,-121.7679575
1822,1823,0.0,0.0,San Bernardino County,0.0,0.0,115,0.0,'Substation',' ',35.02029675,-117.5662498
1823,1824,0.0,0.0,San Bernardino County,0.0,0.0,115,0.0,'Substation',' ',35.01551078,-117.5657344
1824,1825,0.0,0.0,San Bernardino County,0.0,0.0,115,0.0,'Substation',' ',35.01904365,-117.5555104
1825,1826,0.0,0.0,San Bernardino County,0.0,0.0,115,0.0,'Substation',' ',35.01185281,-117.5556662
1826,1827,0.0,0.0,San Bernardino County,0.0,0.0,115,0.0,'Substation',' ',35.00735718,-117.5557409
1827,1828,0.0,0.0,San Bernardino County,0.0,0.0,115,0.0,'Substation',' ',35.70415183,-117.3933603
1828,1829,2.766575389721477,0.07522904580835488,San Bernardino County,0.038468831907985494,4.23574106,115,0.013342904208343496,'Substation',' ',35.76488065,-117.3754457
1829,1830,-2.3291849996020897,0.7410470136422863,San Luis Obispo County,0.31179080891386063,0.0,500,0.0,'Substation',' ',35.21629199,-120.847388
1830,1831,-0.5812616541595661,0.9653371232886135,San Bernardino County,0.4291051025602333,1.6637084,230,0.5790246087203702,'Substation',' ',34.14883909,-115.1219475
1831,1832,19.286825466633466,0.0,Santa Barbara County,0.0,21.0319344,115,0.0,'Substation',' ',34.94478983,-120.4577742
1832,1833,-1.4165439899983467,0.46942749618318225,San Bernardino County,0.3610860093916993,0.0,115,0.0,'Substation',' ',34.86159802,-116.8280445
1833,1834,-2.3791956634534634,1.046846091919524,San Bernardino County,0.4399999477421689,0.0,230,0.0,'Substation',' ',34.59531611,-117.3630892
1834,1835,0.0,0.0,Santa Barbara County,0.0,0.0,66,0.0,'Substation',' ',34.76375276,-120.5259889
1835,1836,2.988513981853731,0.565850291523058,San Bernardino County,0.2802288509829087,4.45227421,66,0.09212996044282483,'Substation',' ',34.60605018,-117.3350898
1836,1837,1.7953428685108912,0.5934654187149597,San Bernardino County,0.2939048276125297,3.33053882,115,0.1354740256334439,'Substation',' ',34.38305539,-116.9411811
1837,1838,0.0,0.0,San Bernardino County,0.0,0.0,115,0.0,'Substation',' ',34.566,-117.3124944
1838,1839,10.968872834583872,0.6576246969550495,Santa Barbara County,0.2733465458220437,12.568419,66,0.03478802060938565,'Substation',' ',34.4041565,-119.7265495
1839,1840,-2.0822598821464684,0.8953717493229814,San Bernardino County,0.4300001480494966,0.0,230,0.0,'Substation',' ',34.29103334,-114.141425
1840,1841,1.294472140425548,0.8794711638127589,San Bernardino County,0.4191429462195159,3.29327024,115,0.254392158340946,'Substation',' ',34.30747075,-117.3234937
1841,1842,0.0,0.0,San Bernardino County,0.0,0.0,66,0.0,'Substation',' ',34.14563804,-117.0591055
1842,1843,-0.1363548895622273,0.6466545678694896,San Bernardino County,0.3039380382935473,1.85389393,115,0.3262928434820387,'Substation',' ',34.0742056,-117.0774917
1843,1844,34.85151157719105,0.7055121175154637,San Bernardino County,0.33564398907996934,36.4773943,66,0.014960437096237409,'Substation',' ',34.0417976,-117.36086
1844,1845,0.0,0.0,San Bernardino County,0.0,0.0,115,0.0,'Substation',' ',34.08802668,-117.0396618
1845,1846,0.0,0.0,San Bernardino County,0.0,0.0,66,0.0,'Substation',' ',34.04401675,-117.5682165
1846,1847,-5.48227925900795,2.412202873963498,San Bernardino County,0.43999947396300265,0.0,66,0.0,'Substation',' ',33.98992232,-117.6806503
1847,1848,0.0,0.0,Riverside County,0.0,0.0,115,0.0,'Substation',' ',33.94999167,-116.66685
1848,1849,0.0,0.0,Riverside County,0.0,0.0,115,0.0,'Substation',' ',33.91601977,-116.7183577
1849,1850,0.6486386524660119,0.3612013163100078,Riverside County,0.18883322058725,1.88215721,115,0.12375654947191259,'Substation',' ',33.91775834,-116.6428055
1850,1851,-0.6750304213461277,0.44480480445786746,Riverside County,0.22329382241513596,0.666547098,115,0.44942956508230547,'Substation',' ',33.93719236,-116.6157222
1851,1852,0.0,0.0,Riverside County,0.0,0.0,115,0.0,'Substation',' ',33.92625001,-116.6148056
1852,1853,0.0,0.0,Riverside County,0.0,0.0,115,0.0,'Substation',' ',33.92066048,-116.5811554
1853,1854,0.0,0.0,Riverside County,0.0,0.0,115,0.0,'Substation',' ',33.92176389,-116.5797111
1854,1855,0.0,0.0,Riverside County,0.0,0.0,115,0.0,'Substation',' ',33.93161389,-116.5689805
1855,1856,0.0,0.0,Riverside County,0.0,0.0,115,0.0,'Substation',' ',33.90733058,-116.5798389
1856,1857,0.0,0.0,Riverside County,0.0,0.0,115,0.0,'Substation',' ',33.90721389,-116.5793333
1857,1858,0.0,0.0,Riverside County,0.0,0.0,115,0.0,'Substation',' ',33.91063251,-116.5528915
1858,1859,8.500470908635307,0.6301385953153248,Riverside County,0.2972186243033473,10.0498666,66,0.04582242473635894,'Substation',' ',33.9307667,-117.2935923
1859,1860,-0.6074856655262635,0.36726907681407306,Riverside County,0.19184517994125483,0.643679844,115,0.372902887279717,'Substation',' ',33.87760559,-116.4643638
1860,1861,20.393138640637428,0.6424897375459584,Riverside County,0.3038906773972575,21.9400527,66,0.021426236655075724,'Substation',' ',33.96216982,-117.4528961
1861,1862,-2.2356155074852624,0.9613146682186628,Riverside County,0.42999998862922345,0.0,500,0.0,'Substation',' ',33.67121576,-115.5589824
1862,1863,-1.8833936532939557,0.7659754301156797,Riverside County,0.3612890327329081,0.0,66,0.0,'Substation',' ',33.85479613,-117.4538978
1863,1864,0.0,0.0,Riverside County,0.0,0.0,115,0.0,'Substation',' ',33.91713502,-116.7346083
1864,1865,5.505711591332345,0.6548559865010245,Riverside County,0.314816076303963,7.06673268,115,0.06954197313178855,'Substation',' ',33.83565128,-117.1830736
1865,1866,50.212504142035066,0.7442157087025753,Orange County,0.287763023819065,52.1065384,66,0.010459973777281048,'Substation',' ',33.85342728,-117.8570252
1866,1867,10.386401808965015,0.7080626755325186,Orange County,0.2738030207037872,12.1885014,66,0.040482442873119605,'Substation',' ',33.83104984,-117.9113948
1867,1868,0.3565010482862361,0.9102271022146683,Orange County,0.3519786294700478,2.67313197,66,0.30503715714893953,'Substation',' ',33.80449763,-117.900745
1868,1869,4.239946299744936,0.40189995264154305,Riverside County,0.21838997024241735,5.771349,115,0.05794884179380955,'Substation',' ',33.77345347,-116.2845082
1869,1870,3.1089424337078055,0.25454430541720985,Riverside County,0.14177348453504726,4.27053277,115,0.038562567821808745,'Substation',' ',33.74289723,-116.1966315
1870,1871,0.45915556506109234,0.041167373527678464,Riverside County,0.02944657767076305,1.5425075,115,0.020681265340330587,'Substation',' ',33.66994416,-116.1571434
1871,1872,5.885769302607144,0.3321709414902289,Riverside County,0.1850091745685271,7.4016019,115,0.037889492222990116,'Substation',' ',33.67655626,-116.1724908
1872,1873,4.081021528726877,0.45506985604976846,Riverside County,0.23930566514883955,5.37259712,115,0.05752922637899571,'Substation',' ',33.69921608,-116.269905
1873,1874,-0.711231320181423,0.5849619576064218,Riverside County,0.30761147654759774,0.949002985,115,0.5381512325083282,'Substation',' ',33.63038756,-116.2392514
1874,1875,1.2488609031252227,0.4882648421221363,Riverside County,0.24168264325424532,2.59856274,115,0.12553074148250368,'Substation',' ',33.68098774,-117.0698252
1875,1876,6.67677296930919,0.6280421956295436,Riverside County,0.30231708996551715,8.20447621,115,0.05629253912560684,'Substation',' ',33.687275,-117.1460111
1876,1877,0.0,0.0,San Diego County,0.0,0.0,66,0.0,'Substation',' ',33.06849724,-117.1413944
1877,1878,0.0,0.0,San Diego County,0.0,0.0,66,0.0,'Substation',' ',32.87607979,-117.1658958
1878,1879,10.084718127791021,0.9293419594708471,San Diego County,0.2975253840178183,12.24562,66,0.0525022954618712,'Substation',' ',32.883611,-117.222466
1879,1880,-1.1284483231869833,0.9914545846870093,San Diego County,0.32660458566990624,1.17696605,66,0.6397456461485709,'Substation',' ',32.67076687,-117.1147256
1880,1881,13.87472107458273,3.250740121820851,San Diego County,0.3329554695344709,21.3330714,66,0.1164060480551282,'Substation',' ',32.5916948,-117.0585226
1881,1882,0.0,0.0,San Diego County,0.0,0.0,66,0.0,'Substation',' ',32.56629513,-116.9443235
1882,1883,-1.1715293885179532,0.5024494049186501,Yuba County,0.42941379944066105,0.0,66,0.0,'Substation',' ',39.11355687,-121.3330798
1883,1884,-1.1715293885179527,0.50244940491865,Yuba County,0.4294137994406608,0.0,66,0.0,'Substation',' ',39.09777864,-121.3373207
1884,1885,0.6522661113644851,0.36590445014275397,Yolo County,0.29878782720179287,1.56376345,115,0.1741595311689388,'Substation',' ',38.67863771,-121.7600408
1885,1886,2.714259754437742,0.3987173437809771,Sacramento County,0.33518199847016084,3.63785675,66,0.08509765722732046,'Substation',' ',38.60717675,-121.5241233
1886,1887,0.0,0.0,Tuolumne County,0.0,0.0,115,0.0,'Substation',' ',38.24645008,-120.0338424
1887,1888,0.0,0.0,Tuolumne County,0.0,0.0,115,0.0,'Substation',' ',38.20287089,-120.0768601
1888,1889,0.0,0.0,Tuolumne County,0.0,0.0,115,0.0,'Substation',' ',38.18612556,-120.150002
1889,1890,0.0,0.0,Tuolumne County,0.0,0.0,115,0.0,'Substation',' ',38.13789804,-120.3701892
1890,1891,-1.7682656461347972,0.419084751751516,Tuolumne County,0.28043558839798305,0.0,66,0.0,'Substation',' ',37.6966396,-120.4201211
1891,1892,-1.8550354081976383,0.8023703111350214,Tulare County,0.4333312887858849,0.0,66,0.0,'Substation',' ',36.13582345,-118.7890314
1892,1893,10.943297903014285,0.6582065725996691,Ventura County,0.27370816981026247,12.5442208,66,0.034931278963242045,'Substation',' ',34.19593016,-119.1668901
1893,1894,3.984859890338089,0.3213810510512407,Ventura County,0.3423034807664501,4.71527137,66,0.05302396665243156,'Substation',' ',34.14297045,-119.1828051
1894,1895,-0.9388785918188655,0.4131065804003008,Ventura County,0.44000049142910547,0.0,66,0.0,'Substation',' ',34.14113701,-119.1844939
1895,1896,2.171241863616147,0.7219695012449605,Ventura County,0.3002233023351696,3.92725214,66,0.13424022326981383,'Substation',' ',34.15667223,-119.2092028
1896,1897,-2.1457873215510657,0.9226885482669582,,0.4300000161880522,0.0,115,0.0,'Substation',' ',32.68431555,-114.4695691
1897,1898,-1.410245740187813,0.6064056682807596,,0.4300000118297899,0.0,500,0.0,'Substation','IMPORT',42.07986401,-121.3901623
1898,1899,-0.38895033513172317,0.4583004791046591,Plumas County,0.32980005138500246,0.701333043,66,0.5127029415211175,'Substation',' ',39.93440815,-120.8882835
1899,1900,6.595226899402153,0.5344083164129183,Solano County,0.31157555178737956,7.93308797,66,0.05254508746943575,'Substation',' ',38.21807754,-122.1584791
1900,1901,19.06585009845458,0.1222073495319112,San Bernardino County,0.07774731080005529,20.4755422,66,0.005352716371595519,'Substation',' ',34.99610491,-117.3036821
1901,1902,0.007474546892186962,0.319991032524396,Sacramento County,0.3248121512452875,0.786750545,66,0.3217262637666395,'Substation',' ',38.57810705,-121.28952
1902,1903,-0.33763002966949474,0.41011764574081655,Sacramento County,0.3044201300608386,0.777638281,66,0.43659132077467694,'Substation',' ',38.27385606,-121.3138934
1903,1904,0.0,0.0,Solano County,0.0,0.0,115,0.0,'Substation',' ',38.27647582,-121.7967847
1904,1905,5.330836848876314,0.4946345024702885,San Joaquin County,0.21474438247111957,7.25189499,230,0.05688670958081853,'Substation',' ',38.05886608,-121.3769021
1905,1906,27.76570467195523,0.5655654289355262,Alameda County,0.18384787185929521,29.4431253,115,0.010474099116064726,'Substation',' ',37.77065318,-122.2246715
1906,1907,20.320361496075474,0.38527571696288265,Santa Clara County,0.16739479162530077,22.5332799,230,0.01643928521514257,'Substation',' ',37.25376296,-121.9662772
1907,1908,8.171876039015718,0.27460046009657474,Santa Cruz County,0.1260981399631723,9.68360417,66,0.019685449973025997,'Substation',' ',36.90277062,-121.76387
1908,1909,2.1599489861390606,0.3421632452382084,Santa Cruz County,0.16156635572483136,4.00075993,66,0.07433915580583189,'Substation',' ',36.90275189,-121.7559092
1909,1910,1.168658116166792,0.04225096862228223,Fresno County,0.021795181707455133,2.91084088,230,0.013044749428330537,'Substation',' ',36.73565748,-120.6402159
1910,1911,9.104299076936648,0.44223209091724164,Butte County,0.32271593693640055,10.1327458,115,0.03275480845700881,'Substation',' ',39.73015383,-121.796365
1911,1912,-0.14246199105306556,0.048391647620016486,Lake County,0.029563332504153206,1.13100242,230,0.03328715407714814,'Substation',' ',38.76621101,-122.7132248
1912,1913,2.4868322795490236,0.0483898593171371,Lake County,0.029562239997589747,3.76024963,230,0.01001132186299201,'Substation',' ',38.7658666,-122.7119276
1913,1914,2.5829520997883577,0.4807417385069298,Contra Costa County,0.2086330737272842,4.35265532,115,0.08482606484398307,'Substation',' ',38.01338898,-121.8641362
1914,1915,4.269288121480661,0.45541719792742014,Contra Costa County,0.19771828379789574,6.03803436,66,0.0579184300557752,'Substation',' ',38.00443593,-122.055216
1915,1916,8.649456899817995,0.463622120110884,Contra Costa County,0.25471177675053225,10.1417587,66,0.03747938145800849,'Substation',' ',37.98255043,-121.7493958
1916,1917,-0.8859767632748237,0.455405626187721,Alameda County,0.19771325995486952,0.882724533,230,0.39615495672747875,'Substation',' ',37.76722152,-121.6165152
1917,1918,0.0,0.0,Alameda County,0.0,0.0,230,0.0,'Substation',' ',37.76433684,-121.6144491
1918,1919,6.137119089898864,0.7286623050434883,Inyo County,0.3345212877989735,7.83168259,115,0.072381325187359,'Substation',' ',36.80545886,-118.1868338
1919,1920,-1.1800279673148193,0.5192123056185205,Fresno County,0.4399987726155608,0.0,66,0.0,'Substation',' ',36.18093633,-120.3879297
1920,1921,5.580655330141997,0.009039245395189811,Fresno County,0.005036600595509541,7.30304709,66,0.0011878602529182844,'Substation',' ',36.30752169,-120.2516134
1921,1922,-0.5365111402440903,0.31729779850739975,Kern County,0.34225143488038257,0.18462022,66,1.3368429675838431,'Substation',' ',35.51759999,-119.7613417
1922,1923,0.0,0.0,Kern County,0.0,0.0,115,0.0,'Substation',' ',35.60091105,-119.403033
1923,1924,0.0,0.0,Kern County,0.0,0.0,115,0.0,'Substation',' ',35.44065586,-118.9605384
1924,1925,4.791956929339214,0.6167467642295201,Kern County,0.3330827007046737,6.21784105,115,0.07638299692488974,'Substation',' ',35.41569334,-119.0119946
1925,1926,0.0,0.0,Kern County,0.0,0.0,230,0.0,'Substation',' ',35.38771939,-119.1640945
1926,1927,0.0,0.0,Kern County,0.0,0.0,230,0.0,'Substation',' ',35.10812875,-118.3138502
1927,1928,0.0,0.0,Kern County,0.0,0.0,66,0.0,'Substation',' ',35.08816944,-118.3670165
1928,1929,0.0,0.0,Kern County,0.0,0.0,66,0.0,'Substation',' ',35.07590833,-118.3726066
1929,1930,-2.3892219453781824,0.9630446406093908,Kern County,0.39747201580085756,0.0,230,0.0,'Substation',' ',35.09908646,-118.3345469
1930,1931,0.0,0.0,Kern County,0.0,0.0,66,0.0,'Substation',' ',35.09826195,-118.3378519
1931,1932,0.0,0.0,Kern County,0.0,0.0,66,0.0,'Substation',' ',35.05390316,-118.34667
1932,1933,-2.2790686154562003,0.9281727620371739,Kern County,0.4008958217044774,0.0,66,0.0,'Substation',' ',35.07305681,-118.3203834
1933,1934,0.0,0.0,Kern County,0.0,0.0,66,0.0,'Substation',' ',35.07808854,-118.3111001
1934,1935,0.0,0.0,Kern County,0.0,0.0,66,0.0,'Substation',' ',35.07880128,-118.3093627
1935,1936,0.0,0.0,Kern County,0.0,0.0,66,0.0,'Substation',' ',35.07922962,-118.3049045
1936,1937,-1.7947115931057698,0.7896731009665388,Kern County,0.44000000406034095,0.0,115,0.0,'Substation',' ',35.21033334,-119.5826444
1937,1938,1.1730254258621895,0.6143210674206365,Kern County,0.342295149510084,2.56920967,115,0.18601327099581383,'Substation',' ',35.20995835,-119.581225
1938,1939,5.034071247878456,1.174645357414711,Los Angeles County,0.27718219579451775,7.7918477,66,0.09810337187538512,'Substation',' ',34.305325,-118.5004778
1939,1940,8.642422325515785,1.1946795438770406,Los Angeles County,0.31686577696446794,11.3944414,66,0.07653035648219463,'Substation',' ',34.19192629,-118.3231889
1940,1941,-0.6377745622920563,1.6813919347287598,Los Angeles County,0.3759004341835079,3.26398237,66,0.44935050458838594,'Substation',' ',34.18601701,-118.347346
1941,1942,0.7444446742492308,1.2148988861888275,Los Angeles County,0.33592450736905444,3.55376163,66,0.26555478747855943,'Substation',' ',34.16599255,-118.2961017
1942,1943,6.032479129760455,1.2148706013480681,Los Angeles County,0.33591668649498335,8.84173068,66,0.10672961057521864,'Substation',' ',34.15402513,-118.3394597
1943,1944,6.804834844510301,0.6280071163675603,Los Angeles County,0.2634626886438088,8.48571964,66,0.052187727889654215,'Substation',' ',33.92079574,-118.1274327
1944,1945,30.68595118313835,1.2029567954191265,Los Angeles County,0.3365620573037007,33.4199439,66,0.027533206404942258,'Substation',' ',33.78784139,-118.3002395
1945,1946,-0.736908618746709,0.32161621492369774,Shasta County,0.4305593653235657,0.0,66,0.0,'Substation',' ',40.67319414,-122.3688692
1946,1947,1.5392504675969243,0.4846319870950111,Placer County,0.40877420405814147,2.66181498,66,0.17239192750409832,'Substation',' ',38.75211412,-121.3140177
1947,1948,-1.1393079808520556,0.4921029278714923,Placer County,0.4314522501139853,0.0,66,0.0,'Substation',' ',38.77889884,-121.3089818
1948,1949,5.01827867147872,0.37876279259126094,Placer County,0.32329748355930343,5.89548482,66,0.048104362751913314,'Substation',' ',38.72833851,-121.269809
1949,1950,91.87057753739097,1.1005287086409987,Santa Clara County,0.2606823944080505,94.7201198,66,0.007842320106354606,'Substation',' ',37.36937638,-121.9563813
1950,1951,-2.2608908100719445,0.0,San Luis Obispo County,0.0,0.0,230,0.0,'Substation',' ',35.21590889,-120.8512451
1951,1952,-1.881531862863224,0.7273495567367537,San Bernardino County,0.3602089344138169,0.0,66,0.0,'Substation',' ',34.60145611,-117.3350595
1952,1953,-1.8815415520416159,0.7273533023122327,San Bernardino County,0.3602107893537692,0.0,66,0.0,'Substation',' ',34.58002088,-117.3693753
1953,1954,8.45488496730609,0.5531881929467787,San Bernardino County,0.25990980657191204,10.0472606,66,0.04119272497851805,'Substation',' ',34.10370114,-117.5264367
1954,1955,0.0,0.0,Riverside County,0.0,0.0,66,0.0,'Substation',' ',33.83390123,-117.4972091
1955,1956,-0.9930771323341978,0.4317138607086104,Colusa County,0.4334833567080473,0.0,66,0.0,'Substation',' ',39.19110887,-121.9904572
1956,1957,4.680048302986999,0.38282715917194327,Placer County,0.3356444960486247,5.56636296,66,0.05344362890659187,'Substation',' ',38.78153534,-121.3077791
1957,1958,0.48204705606710085,0.45541581665244046,Amador County,0.19771768412067747,2.25078793,66,0.15537285620844607,'Substation',' ',38.42101505,-120.5497737
1958,1959,0.07366335419565262,0.44724741887751834,San Joaquin County,0.19417139382512838,1.81067986,66,0.18627197633340017,'Substation',' ',38.13803636,-121.3861773
1959,1960,0.02086004037173117,0.2949867117025144,San Benito County,0.13929002796266637,1.607865,66,0.13748291380402694,'Substation',' ',36.88170591,-121.6032411
1960,1961,-2.405126354412533,0.7271190483447107,Santa Clara County,0.2843481023762195,0.0,66,0.0,'Substation',' ',37.37197302,-121.9506779
1961,1962,-2.1615198252368746,0.30786050007349447,Stanislaus County,0.13117636721602938,0.0,66,0.0,'Substation',' ',37.71068202,-121.0136898
1962,1963,11.168306845072848,0.28867616052536227,Stanislaus County,0.12176276937246466,12.8386582,66,0.015841733897159014,'Substation',' ',37.70470281,-121.0417369
1963,1964,-2.259542980111358,0.2050317510512744,Stanislaus County,0.09021287964877674,0.0,66,0.0,'Substation',' ',37.64504464,-120.6068048
1964,1965,0.7707091820338918,0.15950675704081282,Stanislaus County,0.07018212448710429,2.52854606,66,0.04879038137728848,'Substation',' ',37.57957789,-121.2059602
1965,1966,2.1122104904364822,0.04225061129056061,Merced County,0.021794997377721254,3.85437852,115,0.009851276266423018,'Substation',' ',37.3635047,-120.6317933
1966,1967,1.4658091555596764,0.04225025102793091,Madera County,0.021794811536077076,3.20796233,66,0.011836142759165523,'Substation',' ',36.96772403,-120.2026749
1967,1968,7.15314348363145,0.35302821139856344,Fresno County,0.18983892318638723,8.7008615,115,0.03376873906377856,'Substation',' ',36.70011514,-119.737072
1968,1969,0.0,0.0,Fresno County,0.0,0.0,66,0.0,'Substation',' ',36.53156657,-120.1704548
1969,1970,-2.244725680453932,0.025773705007059604,Fresno County,0.014360917566871495,0.0,66,0.0,'Substation',' ',36.13094168,-120.245123
1970,1971,3.8318567446074314,0.02005090276394799,Kings County,0.011172214536309063,5.57816277,66,0.003497586278167167,'Substation',' ',36.2645078,-119.9062759
1971,1972,-1.2590250313790063,0.5539710138067628,Monterey County,0.44000076911806185,0.0,66,0.0,'Substation',' ',36.21699729,-121.1271469
1972,1973,4.732291861174113,0.6154676754862736,Kings County,0.3323919109709428,6.1552188,66,0.07684038857698612,'Substation',' ',36.31291154,-119.6543971
1973,1974,-1.8061390935944548,0.7812208759338729,Kings County,0.42190924102860566,0.0,66,0.0,'Substation',' ',36.26903562,-119.6545088
1974,1975,0.0,0.0,Kings County,0.0,0.0,66,0.0,'Substation',' ',36.26974983,-119.6473706
1975,1976,0.7035330198240846,0.020051011667236347,Kings County,0.011172275216414868,2.44984853,66,0.007963887258931582,'Substation',' ',36.25516045,-119.6490377
1976,1977,2.5581399421948667,0.02005051263685004,Kings County,0.01117199716037911,4.30441199,66,0.004532406843176823,'Substation',' ',35.84304303,-119.9083816
1977,1978,26.590731704520614,0.02005071985835433,Kings County,0.011172112622666751,28.3370218,66,0.0006884897698932905,'Substation',' ',35.83498773,-119.9426154
1978,1979,4.887164382156988,0.6154602181338515,Tulare County,0.33238788352365184,6.31007408,66,0.074952835246479,'Substation',' ',36.35733718,-119.3129715
1979,1980,17.854632278248364,0.6154631697226265,Tulare County,0.3323894775703783,19.2775488,66,0.02453436815012948,'Substation',' ',36.31853504,-119.3117235
1980,1981,6.007734678895035,0.07611270718216114,San Luis Obispo County,0.07361482136960629,7.5607042,66,0.015120492862104696,'Substation',' ',35.7309326,-120.2077977
1981,1982,-1.9962160493531502,0.09783669645276796,Kern County,0.09462586734072868,0.0,66,0.0,'Substation',' ',35.70756238,-120.0841888
1982,1983,4.030712750672233,0.2932427913042173,Kern County,0.34230069067737157,4.69717364,115,0.04856750893423431,'Substation',' ',35.4486638,-119.7339932
1983,1984,1.4563945489707646,0.0,Kern County,0.0,3.17577118,115,0.0,'Substation',' ',35.4562202,-119.6319178
1984,1985,0.0,0.0,Kern County,0.0,0.0,115,0.0,'Substation',' ',35.4439513,-119.6609901
1985,1986,0.0,0.0,Kern County,0.0,0.0,66,0.0,'Substation',' ',35.47018145,-119.7510309
1986,1987,-0.4029356360103493,0.1169596081508621,Kern County,0.06516902753593456,1.28251051,230,0.08564365394532575,'Substation',' ',35.0141651,-118.9775458
1987,1988,3.608158363738104,0.6242544001852344,Kern County,0.33713730432008276,5.05139972,66,0.0963238958118713,'Substation',' ',35.74210436,-119.051819
1988,1989,0.0,0.0,Kern County,0.0,0.0,66,0.0,'Substation',' ',35.06200315,-118.3205828
1989,1990,10.334844143396161,0.07483609177069014,Kern County,0.038109075707205196,11.8142964,115,0.004772231552622234,'Substation',' ',35.03228875,-117.7015827
1990,1991,1.5243195266199743,0.6034593734796571,Ventura County,0.25090068430483076,2.9920969,66,0.12307968615194098,'Substation',' ',34.27976053,-119.3010385
1991,1992,20.813001226969483,0.7825710283027189,Ventura County,0.3190290802725898,22.6514873,66,0.025893686944472343,'Substation',' ',34.12874902,-119.0956835
1992,1993,7.283588864820343,0.5658431387743705,San Bernardino County,0.2802253086916415,8.74733059,66,0.04689173143315546,'Substation',' ',34.51757917,-117.2156822
1993,1994,1.4917774005835989,0.5658529207109628,San Bernardino County,0.2802301530486963,2.95554443,66,0.1387871738679948,'Substation',' ',34.53535066,-117.2951374
1994,1995,0.505940973862276,0.7044718147005985,San Bernardino County,0.3357408452849311,2.10701328,66,0.2551219655459283,'Substation',' ',34.24286195,-117.2854823
1995,1996,0.4169885922989507,0.5030635949554609,Riverside County,0.2364479735934091,1.96529858,115,0.18627946044022956,'Substation',' ',33.9477822,-116.9232031
1996,1997,-2.050677333047968,0.7586866087386629,San Bernardino County,0.3579446287531701,0.0,66,0.0,'Substation',' ',34.09050178,-117.533316
1997,1998,8.15691027574563,0.709809550671923,Riverside County,0.3382847312850855,9.7701138,66,0.055856270651682936,'Substation',' ',34.03301841,-117.5214519
1998,1999,2.866958297747174,0.5605651149827302,San Bernardino County,0.26517098258893457,4.31298553,66,0.08890464838328342,'Substation',' ',34.05649126,-117.6456358
1999,2000,0.0,0.0,San Bernardino County,0.0,0.0,66,0.0,'Substation',' ',33.99376264,-117.7086853
2000,2001,20.88862335875447,0.567351321155064,San Bernardino County,0.26731997111647016,22.4538923,66,0.01863497172662858,'Substation',' ',34.09563526,-117.440474
2001,2002,1.2663967847909487,0.6701730842573767,Riverside County,0.3170242901031256,2.8792901,66,0.1775876485201079,'Substation',' ',34.0230499,-117.3766349
2002,2003,22.485108547270343,0.7161612712010489,San Bernardino County,0.34131186732511115,24.1127478,66,0.02303895836710937,'Substation',' ',34.07679718,-117.4346845
2003,2004,18.52976634565559,0.712453259911539,San Bernardino County,0.33954468399898297,20.1489783,66,0.027286485854483632,'Substation',' ',34.10130445,-117.368353
2004,2005,8.181178899067035,0.49322246126014413,San Bernardino County,0.2318224826148272,9.69920022,66,0.03628252467201046,'Substation',' ',34.164599,-117.2864129
2005,2006,7.110729740266123,0.7158499698829061,San Bernardino County,0.3411635057221192,8.73766149,115,0.0635238318565064,'Substation',' ',34.1288882,-117.3043733
2006,2007,7.770007651204837,0.49321715151296364,San Bernardino County,0.23181998694832756,9.28801263,66,0.03788796466912115,'Substation',' ',34.12072036,-117.3103556
2007,2008,12.767223199148527,0.493218003449,San Bernardino County,0.23182038737195484,14.2852308,66,0.02463419142398179,'Substation',' ',34.12095856,-117.2583267
2008,2009,0.28541456552152833,0.510104754243655,San Bernardino County,0.3002610492659968,1.60655268,115,0.24691771481692495,'Substation',' ',34.44514481,-116.9466369
2009,2010,1.472394178986269,0.42922603913590435,San Bernardino County,0.3345188679961441,2.47059427,66,0.135156455486947,'Substation',' ',34.86248816,-116.8909496
2010,2011,-1.283115153807448,0.5517395161372026,San Bernardino County,0.4300001899663837,0.0,66,0.0,'Substation',' ',34.88999449,-117.0018638
2011,2012,-0.5497992167307465,0.42921425787422096,San Bernardino County,0.3345096862271867,0.448373476,66,0.7446881943701505,'Substation',' ',34.90108975,-117.0221335
2012,2013,1.2504685343775517,0.4292340649176527,San Bernardino County,0.3345251229182142,2.24868729,66,0.14849963950472914,'Substation',' ',34.89160541,-117.049312
2013,2014,2.542974830366078,0.42923099214258637,San Bernardino County,0.3345227281398385,3.54118644,66,0.09429734259221863,'Substation',' ',34.9072516,-117.1540201
2014,2015,2.091099020460681,0.42922311880190717,San Bernardino County,0.33451659202326783,3.08929232,66,0.10808696172279159,'Substation',' ',34.86475877,-117.1177491
2015,2016,2.3397726215401793,0.489775150333518,San Bernardino County,0.24174187014016046,3.73778012,115,0.09041648687126212,'Substation',' ',34.1359889,-116.3156637
2016,2017,1.0080287947384519,0.4897722904549653,San Bernardino County,0.2417404585691789,2.40602813,115,0.14046095146258075,'Substation',' ',34.13779814,-116.0537102
2017,2018,1.0268032702299825,0.5134906918714577,San Bernardino County,0.24134887670182792,2.60720538,66,0.14629774733365755,'Substation',' ',34.02772415,-117.1653247
2018,2019,5.612046881751882,0.533861879476727,San Bernardino County,0.25187342184998357,7.05503855,66,0.05151655042092858,'Substation',' ',34.10244419,-117.5452261
2019,2020,1.7643931817273795,0.7429467489327711,Los Angeles County,0.30663224681271606,3.60757324,66,0.15666444031737148,'Substation',' ',34.7209336,-118.1788309
2020,2021,6.7150814440622355,0.6808937531302789,Los Angeles County,0.2826326686788226,8.37134939,66,0.055918754289095846,'Substation',' ',34.14938981,-118.6644768
2021,2022,15.143197439983233,10.040018550765216,Riverside County,0.33152271441738107,37.9801157,66,0.19934002282380128,'Substation',' ',33.88193703,-117.5884483
2022,2023,15.858993127493772,0.38210247527636715,Riverside County,0.1950767399124403,17.074011,66,0.013882017851802002,'Substation',' ',33.74682731,-116.9756602
2023,2024,0.7708609227514231,0.4944500631296205,Riverside County,0.23239947522039006,2.29266051,66,0.15425983215769504,'Substation',' ',33.92128128,-116.876008
2024,2025,9.768551552696152,0.33852506937967847,Riverside County,0.17933409096663652,10.9698401,115,0.01963857154302249,'Substation',' ',33.80845523,-116.4726024
2025,2026,-0.16079821385601267,0.308059216735741,Riverside County,0.16319476633866845,0.932379345,66,0.19133934834665708,'Substation',' ',33.81299035,-116.5435857
2026,2027,1.2064374607369852,0.3080828233728858,Riverside County,0.16320727198506232,2.29969879,66,0.07758763882107345,'Substation',' ',33.79897529,-116.5432439
2027,2028,3.4406002935282247,0.4550712425658163,Riverside County,0.23930639427018366,4.73217982,115,0.06531519324072342,'Substation',' ',33.7259849,-116.2543635
2028,2029,3.3356611182020144,0.04116747714832344,Riverside County,0.02944665178949126,4.41901578,115,0.00721906620810649,'Substation',' ',33.52501628,-116.1131999
2029,2030,6.869302780893941,0.7275276620987267,Orange County,0.27939518086931575,8.71335982,66,0.05912996371293806,'Substation',' ',33.87894152,-117.8873634
2030,2031,15.474132054096838,0.7018649525028593,Orange County,0.2708319805850081,17.2582064,66,0.02799736991277703,'Substation',' ',33.83755882,-117.9681754
2031,2032,23.279132664122695,0.7390191563450946,Orange County,0.28577368128191694,25.16002,66,0.021363579919658038,'Substation',' ',33.80803397,-117.9332035
2032,2033,17.682700370618488,0.8209733899364892,Orange County,0.31746482599578213,19.7721705,66,0.03354883425911619,'Substation',' ',33.84837748,-117.9106911
2033,2034,10.335934552170563,0.9047112475813391,Orange County,0.34984568599970794,12.638527,66,0.06373781014897036,'Substation',' ',33.82668375,-117.9024838
2034,2035,17.230128888590954,0.8205870920881501,Orange County,0.3151106322501793,19.3099745,66,0.03394004821673197,'Substation',' ',33.85820599,-117.8071247
2035,2036,7.569905073193607,2.465791484343524,Orange County,0.3095070282702127,13.1949834,66,0.1319441809011315,'Substation',' ',33.62954877,-117.9250012
2036,2037,-0.7902858681903079,0.703827336291598,San Diego County,0.26699555083616155,0.92391754,66,0.495373952111567,'Substation',' ',32.66719695,-116.7001427
2037,2038,2.7618251451235816,0.8841359570842847,San Diego County,0.29017708275261656,4.79286394,66,0.12296633491636924,'Substation',' ',33.02116972,-117.1342178
2038,2039,0.0,0.0,San Diego County,0.0,0.0,66,0.0,'Substation',' ',32.88485153,-117.2008385
2039,2040,9.567584417648952,1.2501243543944154,San Diego County,0.41181548112134814,12.4744797,115,0.09596428132155074,'Substation',' ',32.7126482,-117.1308139
2040,2041,-0.9439342005638722,0.035869499621427145,Imperial County,0.038000034772457204,0.0,66,0.0,'Substation',' ',32.76724014,-115.5383555
2041,2042,2.5591581805159063,0.022693460140395565,Imperial County,0.029043195747975616,3.1563545,115,0.0054951018989619575,'Substation',' ',32.82017958,-115.5102463
2042,2043,0.37932520501926414,0.026431167709267962,Imperial County,0.02800109571165713,1.07488225,115,0.01811952833849753,'Substation',' ',32.67546136,-115.3730132
2043,2044,-1.768107682234124,0.0671880919248967,Imperial County,0.0379999815172862,0.0,115,0.0,'Substation',' ',33.15371813,-115.639604
2044,2045,9.52926764419594,0.530603241256816,Los Angeles County,0.24918255040779477,11.0589275,66,0.03446668260784557,'Substation',' ',34.0822219,-117.9261072
2045,2046,10.27043380193771,0.6236887958735117,Los Angeles County,0.275509626774071,11.9433764,66,0.03859141463603091,'Substation',' ',34.13866519,-117.9657695
2046,2047,20.275670650410696,0.6236862054171787,Los Angeles County,0.27550848246033277,21.9486063,66,0.02099941817591127,'Substation',' ',34.14300447,-118.0028218
2047,2048,6.517536376300632,0.6236873626587167,Los Angeles County,0.2755089936626927,8.19047513,66,0.05627386264843368,'Substation',' ',34.11844514,-118.008015
2048,2049,1.6671449274335233,0.7228803067985481,Los Angeles County,0.30231549264362956,3.48833059,66,0.15783270150845974,'Substation',' ',34.15824526,-118.0545549
2049,2050,10.879001266297951,0.721929824746016,Los Angeles County,0.29914646988316596,12.6784166,66,0.042457095543824215,'Substation',' ',34.12854766,-118.0674658
2050,2051,6.354005086985586,0.7092812130092766,Los Angeles County,0.2927376588961473,8.11366416,66,0.06348777412172364,'Substation',' ',34.10617907,-118.0682685
2051,2052,6.339817915800872,0.6338142154657131,Los Angeles County,0.2770825389979942,8.02180182,66,0.05809771684552207,'Substation',' ',34.0881554,-118.0759694
2052,2053,25.390335978416157,0.5789685201424319,Los Angeles County,0.264935482451282,27.0103905,66,0.015890548723210652,'Substation',' ',34.05215852,-118.0488728
2053,2054,4.631497321181744,0.7493357129346433,Los Angeles County,0.3012151607174339,6.48769368,66,0.08618077734899417,'Substation',' ',34.11216764,-118.1654356
2054,2055,13.613119424731744,0.5494427792027189,Los Angeles County,0.258026403214354,15.1972767,66,0.026896556003571305,'Substation',' ',34.00190359,-118.0782253
2055,2056,7.838643113807566,0.5494457900597728,Los Angeles County,0.2580278171570713,9.42280907,66,0.04337972685791438,'Substation',' ',34.02059386,-118.1053235
2056,2057,16.146536938096993,0.630766562521402,Los Angeles County,0.2713820906418619,17.8009527,66,0.02522217860036709,'Substation',' ',34.00609425,-118.1216643
2057,2058,16.011610233104616,0.6149736973296033,Los Angeles County,0.2614162417336844,17.6716085,66,0.024556367249547274,'Substation',' ',33.94801917,-118.0066737
2058,2059,1.8914217057775584,0.7840244060045448,Los Angeles County,0.33750263100837385,4.02692882,66,0.1789798880992324,'Substation',' ',33.93550647,-118.0942072
2059,2060,7.5389411720286805,0.7802932432080029,Los Angeles County,0.2942407872958341,9.48283693,66,0.06031669873358384,'Substation',' ',33.89973377,-118.1184703
2060,2061,6.27713350252398,0.6504754907753015,Los Angeles County,0.27040941072087876,8.00751223,66,0.05843396532917123,'Substation',' ',33.92451886,-118.0676978
2061,2062,7.888961770182394,0.5494442270867346,Los Angeles County,0.25802708316196454,9.47312322,66,0.043149080684507936,'Substation',' ',33.99005369,-118.0648964
2062,2063,27.125620807584703,0.5930782414883808,Los Angeles County,0.2621180120163237,28.7218361,66,0.01456720168380714,'Substation',' ',34.05746641,-118.1822514
2063,2064,11.74927493049182,0.5816516852330232,Los Angeles County,0.2564408763796361,13.3119324,66,0.030103011262426635,'Substation',' ',34.03653489,-118.1789908
2064,2065,6.372603161162696,0.5861746730840252,Los Angeles County,0.24913217844997307,7.90527989,66,0.048301780282040865,'Substation',' ',34.03354114,-118.1626139
2065,2066,12.87476721106004,0.7534812097750151,Los Angeles County,0.32023972346799506,14.844902,66,0.04250047726854709,'Substation',' ',34.02441084,-118.1546498
2066,2067,8.657026365358405,0.6855048600415412,Los Angeles County,0.2849770350547581,10.4394833,66,0.04865751280496366,'Substation',' ',33.98106055,-118.186159
2067,2068,27.322645595633862,1.0880324046094234,Los Angeles County,0.3027605305575257,29.9081091,66,0.02617271121025207,'Substation',' ',33.97555785,-118.2480049
2068,2069,20.042589459707372,0.6308612352650032,Los Angeles County,0.2697899713273114,21.742652,66,0.02109493469334763,'Substation',' ',33.95677603,-118.1899735
2069,2070,1.2149777911373056,0.6132706559571893,Los Angeles County,0.2649551922488821,2.88929101,66,0.15353869833575876,'Substation',' ',33.95347762,-118.1774452
2070,2071,-0.7333942128570663,0.804779989327751,Los Angeles County,0.30182142591775146,1.25923701,66,0.47760571856997164,'Substation',' ',33.94641224,-118.1660836
2071,2072,13.82596381501929,0.8048042874882279,Los Angeles County,0.30183053860139114,15.8186552,66,0.03802188658837953,'Substation',' ',33.94534369,-118.1750032
2072,2073,3.3561582787611135,0.9100036885451102,Los Angeles County,0.34230213317257707,5.42434848,66,0.13051261737717343,'Substation',' ',33.95866685,-118.2369151
2073,2074,17.360009734886802,0.9587636644316707,Los Angeles County,0.32062546678942877,19.6152305,66,0.03686325330347923,'Substation',' ',33.94710328,-118.213069
2074,2075,19.23258529881531,1.1015576309726667,Los Angeles County,0.36177089576082194,21.8032415,66,0.04265368507685873,'Substation',' ',33.92709968,-118.2127966
2075,2076,8.912515558159384,1.0052718493463177,Los Angeles County,0.33014895198904,11.2584739,66,0.06879402082804716,'Substation',' ',33.92066364,-118.1880085
2076,2077,19.83670112779711,0.9921369768143513,Los Angeles County,0.32583522888642036,22.1520072,66,0.034055978637382696,'Substation',' ',33.91649613,-118.2385643
2077,2078,9.357215187665627,1.2453842532082762,Los Angeles County,0.409006087545101,12.2635132,66,0.09692928607643897,'Substation',' ',33.88177182,-118.1956953
2078,2079,13.190208532487972,0.7493267948023438,Los Angeles County,0.30121157584004515,15.0463828,66,0.03715851069208737,'Substation',' ',34.19147793,-118.1484119
2079,2080,33.85297097586997,1.5178492911781476,Los Angeles County,0.31703755580222115,37.3521749,66,0.029700521116368117,'Substation',' ',34.22272085,-118.388532
2080,2081,1.9632215115151705,1.194696189398719,Los Angeles County,0.3168701918690226,4.71527893,66,0.18494027080384295,'Substation',' ',34.18851555,-118.3348953
2081,2082,7.173364022164253,0.8666370802477288,Los Angeles County,0.3484291586603335,9.14299375,66,0.07506036290817668,'Substation',' ',34.14649743,-118.2608476
2082,2083,3.4068100952966778,1.0888133352784248,Los Angeles County,0.3104623299089699,5.9437022,66,0.13251159076473645,'Substation',' ',34.11312249,-118.267733
2083,2084,14.474675066438582,0.7908326687569425,Los Angeles County,0.3179211759770876,16.3611691,66,0.03665730718617203,'Substation',' ',34.12070019,-118.2262352
2084,2085,16.327422449579096,0.908049685903052,Los Angeles County,0.3197699188393127,18.4424368,66,0.036671833256767566,'Substation',' ',34.08673267,-118.21442
2085,2086,9.820128290606045,0.7493276998370857,Los Angeles County,0.3012119396425178,11.6763048,66,0.04788351591450676,'Substation',' ',34.11393906,-118.1893829
2086,2087,9.557099620130534,0.9688506397394664,Los Angeles County,0.3181875863249222,11.8180634,66,0.06087381523818344,'Substation',' ',33.8974341,-118.2247208
2087,2088,0.6495938377870858,1.107420436731593,Los Angeles County,0.34786110077723553,3.07136776,66,0.27428852818803684,'Substation',' ',33.82401308,-118.2393177
2088,2089,10.748544837070193,1.0002216492369902,Los Angeles County,0.33225647104155315,13.0233267,66,0.058035171164552576,'Substation',' ',33.83151973,-118.2140953
2089,2090,4.076457236624458,0.8752843436802032,Los Angeles County,0.31304702887905556,6.16912707,66,0.1061907246081481,'Substation',' ',33.78320086,-118.1915831
2090,2091,13.477304512214804,1.2012455692353334,Los Angeles County,0.26474248173107506,16.2763441,66,0.04552771079187112,'Substation',' ',34.08994998,-118.3608738
2091,2092,2.687506434869504,1.142722879140987,Los Angeles County,0.29034487625209177,5.38277328,66,0.14538173501072663,'Substation',' ',34.02167221,-118.458565
2092,2093,9.124539158271682,1.4755550661478045,Los Angeles County,0.34818814944345433,12.5887771,66,0.09581602633683807,'Substation',' ',34.02976491,-118.4659844
2093,2094,10.326669570051667,1.0888296808627842,Los Angeles County,0.2766516053195301,12.894822,66,0.05509835594864809,'Substation',' ',34.01504769,-118.4022034
2094,2095,9.962360194903622,1.1427387611899724,Los Angeles County,0.2903489115887699,12.6576645,66,0.061826466595418045,'Substation',' ',34.01144285,-118.4164117
2095,2096,3.7126899545707936,0.7922473230457516,Los Angeles County,0.3092780568654898,5.64620237,66,0.1059106499523581,'Substation',' ',33.92056244,-118.3355132
2096,2097,20.800167875590887,0.7956717307915178,Los Angeles County,0.31061487952517913,22.7420377,66,0.02652241059130852,'Substation',' ',33.90951875,-118.3908616
2097,2098,17.80560374798436,0.599277646886881,Los Angeles County,0.33888240338074915,19.1675984,66,0.024080013126046445,'Substation',' ',33.90937336,-118.4115222
2098,2099,4.521114480874752,0.6224846492151093,Los Angeles County,0.3520056105704496,5.93585232,66,0.08389623427464271,'Substation',' ',33.89530076,-118.4098942
2099,2100,7.796598734676055,0.7922458069455887,Los Angeles County,0.3092774650092616,9.73010745,66,0.06145776674323406,'Substation',' ',33.86598502,-118.3483554
2100,2101,3.265767290397398,0.7518237444944254,Los Angeles County,0.3151715594142071,5.0729441,66,0.11227616981224842,'Substation',' ',33.84828869,-118.387829
2101,2102,28.17639702393841,0.7862726080981285,Los Angeles County,0.30694564351984155,30.0953279,66,0.019571392429414875,'Substation',' ',33.84816655,-118.3300529
2102,2103,6.968279197889261,0.7518200762314673,Los Angeles County,0.3151700216439979,8.77544719,66,0.06490440462531934,'Substation',' ',33.77966215,-118.3873419
2103,2104,4.69105326350466,0.7956727109372324,Los Angeles County,0.3106152621551397,6.63292548,230,0.0909365180442947,'Substation',' ',33.89909374,-118.3846356
2104,2105,7.526694696551047,0.03193380952297311,Madera County,0.016858307425132293,9.2707891,66,0.0031715185530210325,'Substation',' ',36.92817149,-120.1070544
2105,2106,5.277053761201092,0.3330823491453774,Glenn County,0.33638913815437876,6.04506228,230,0.04273731382201502,'Substation',' ',39.53670207,-122.2609693
2106,2107,-2.0521858259964683,0.902961763438446,Colusa County,0.439999866307123,0.0,230,0.0,'Substation',' ',39.36528231,-122.2638437
2107,2108,0.6936042857084519,0.3908780598402538,Yuba County,0.33406036737405076,1.60498985,66,0.18969453073279008,'Substation',' ',39.19443266,-121.4421906
2108,2109,32.412959540161,0.37482737817631623,Yolo County,0.3200751962438802,33.369246,66,0.00917262488634994,'Substation',' ',38.56753222,-121.5688412
2109,2110,3.905912993103821,0.2632493533378111,Placer County,0.20559634300169083,4.59156974,66,0.03070159612043491,'Substation',' ',38.82271105,-121.3082231
2110,2111,7.342936798271905,0.3661391666758508,Placer County,0.2783472873320602,8.32476735,66,0.03282852951959735,'Substation',' ',38.80092722,-121.2174637
2111,2112,0.589228758274803,0.4554161997295516,El Dorado County,0.19771785043268614,2.35797112,66,0.14831052626697927,'Substation',' ',38.65326453,-120.9654797
2112,2113,17.110065184501885,0.1682127434499446,Sonoma County,0.099856538814758,18.2191343,66,0.006078653428664113,'Substation',' ',38.44026158,-122.7090068
2113,2114,-0.06249258627837695,0.06193218325857832,Sonoma County,0.03783549055321208,1.56730171,230,0.0393440945716313,'Substation',' ',38.44282579,-122.5838138
2114,2115,1.1962803722298254,0.06144520419526663,Sonoma County,0.03753798623832924,2.81325943,230,0.021575734171890217,'Substation',' ',38.42885652,-122.5933435
2115,2116,12.569457720194482,0.45948912910401973,Solano County,0.2967694394971126,13.8813653,230,0.028047246702087535,'Substation',' ',38.13818919,-122.2091105
2116,2117,-1.6545975065045453,0.5753864707112737,Contra Costa County,0.3691979419091453,0.0,66,0.0,'Substation',' ',38.04858913,-122.2216993
2117,2118,0.0,0.0,Solano County,0.0,0.0,66,0.0,'Substation',' ',38.40796819,-121.9535987
2118,2119,0.8204965484454061,0.44724858416875746,San Joaquin County,0.194171899733524,2.55751758,66,0.1318781447336292,'Substation',' ',38.13827559,-121.3879479
2119,2120,0.7329575897261358,0.45541890032353194,San Joaquin County,0.1977190228890832,2.50171044,66,0.13979079261004693,'Substation',' ',38.15262823,-121.245421
2120,2121,3.4693700276448345,0.45541678694669274,Contra Costa County,0.19771810537159906,5.23811467,230,0.06676311260910786,'Substation',' ',38.01861691,-121.8508717
2121,2122,5.864956775695104,0.4656060435222156,Marin County,0.30979321526834697,7.07673766,115,0.05304725346418091,'Substation',' ',37.83984215,-122.4785842
2122,2123,9.234975889973153,2.21242510468617,Contra Costa County,0.3111299994191085,14.2802995,66,0.10992427237656097,'Substation',' ',37.96209566,-122.3474106
2123,2124,-2.574791877424898,2.4587684384669553,Contra Costa County,0.34229699204105085,3.01331821,115,0.6347797148578597,'Substation',' ',37.94691618,-122.3987455
2124,2125,1.961547717904474,2.212432156834898,Contra Costa County,0.311130991152128,7.00688741,66,0.22403122060453562,'Substation',' ',37.93855075,-122.3246229
2125,2126,19.409189684406194,0.4688710253999322,Contra Costa County,0.21936237295360583,21.0468831,66,0.01706895563149457,'Substation',' ',37.92501343,-122.3373506
2126,2127,1.1592938515603612,0.46886742170230145,Contra Costa County,0.21936068695549363,2.79697468,66,0.12843977248316063,'Substation',' ',37.9247241,-122.3593914
2127,2128,4.415287482706695,0.46886799111037825,Contra Costa County,0.21936095335435413,6.0529703,66,0.05934997964445718,'Substation',' ',37.90942594,-122.3068776
2128,2129,0.39215873009076985,0.4688823755529262,Contra Costa County,0.21936768314843397,2.02989179,66,0.1769876151712911,'Substation',' ',37.90188336,-122.286301
2129,2130,0.8169386093994626,0.4688724984134758,Contra Costa County,0.21936306210633402,2.45463717,66,0.14635587509679465,'Substation',' ',37.9022322,-122.2966299
2130,2131,13.07766532613934,0.468871385641272,Alameda County,0.2193625414933339,14.71536,66,0.024413189065586652,'Substation',' ',37.8908588,-122.2922097
2131,2132,0.4801380382479432,0.4688745486485346,Alameda County,0.21936402131345759,2.11784376,66,0.16963183008910424,'Substation',' ',37.88498247,-122.2551057
2132,2133,3.879720972640151,0.46887091138569587,Alameda County,0.21936231961178673,5.51741399,66,0.06511168814796196,'Substation',' ',37.88892428,-122.272939
2133,2134,-0.4610254241217917,0.47385811504809977,Alameda County,0.22365790766304292,1.20232911,66,0.3094181050008142,'Substation',' ',37.87587184,-122.2453898
2134,2135,32.72413785486295,0.46886991728958016,Alameda County,0.21936185452166368,34.3618274,66,0.010454816956329951,'Substation',' ',37.87242957,-122.2781691
2135,2136,4.4785075493491835,3.279764774286359,Alameda County,0.35735464817804125,11.9325184,66,0.2232324590465014,'Substation',' ',37.86395872,-122.2589613
2136,2137,6.282375056203702,1.1465139348218139,Alameda County,0.23715566199928534,9.25149284,66,0.07611129422546922,'Substation',' ',37.85804465,-122.2686875
2137,2138,14.024819778018605,0.5385712510772743,Alameda County,0.21948059918126345,15.7694977,66,0.024282508103907346,'Substation',' ',37.8544867,-122.2796669
2138,2139,-2.177123505649629,0.6737366073973147,Alameda County,0.2732740614713478,0.0,66,0.0,'Substation',' ',37.82101995,-122.328728
2139,2140,-0.37196972998701394,0.6737449301679709,Alameda County,0.2732774372673413,1.80518067,66,0.3295881081277135,'Substation',' ',37.80905327,-122.3127067
2140,2141,8.509855675167586,0.5462556414681995,Alameda County,0.22156655302183942,10.2750351,66,0.0380635897414298,'Substation',' ',37.79853204,-122.2884507
2141,2142,9.665481778062391,0.4596825466100871,Alameda County,0.21696713277474464,11.2790767,66,0.031039514402157648,'Substation',' ',37.83632031,-122.2200046
2142,2143,2.257727326797944,0.44490246484616963,Contra Costa County,0.19441678217375227,3.89410573,66,0.0816976850726564,'Substation',' ',37.9266152,-122.0749436
2143,2144,6.513386766336866,0.4449101266171693,Contra Costa County,0.1944201302713269,8.14979335,66,0.03903784642252843,'Substation',' ',37.93880425,-122.0821136
2144,2145,14.947776727020631,0.41995901493880594,Contra Costa County,0.18351680824580704,16.4924116,66,0.017187690234115996,'Substation',' ',37.90480205,-122.0609609
2145,2146,12.313821850730356,0.4199586550454473,Contra Costa County,0.18351665097693518,13.8584554,66,0.020454370113178837,'Substation',' ',37.89510414,-122.0737283
2146,2147,0.0694811714994632,0.3979002683611584,San Mateo County,0.15248821210507826,1.91989972,66,0.14696966365874614,'Substation',' ',37.60403102,-122.4231589
2147,2148,2.5088047795287913,0.559596943592344,San Mateo County,0.20683951490923205,4.40862788,115,0.089133966215996,'Substation',' ',37.60582023,-122.3925307
2148,2149,-2.5786932793878363,0.8184698223249354,San Mateo County,0.26873189535056,0.0,115,0.0,'Substation',' ',37.60810443,-122.3910401
2149,2150,0.46662924037469655,0.3782163112555644,San Mateo County,0.1449446850837276,2.22550837,66,0.11455368354506817,'Substation',' ',37.52507892,-122.3562982
2150,2151,12.298727144337336,0.44246883454913,San Mateo County,0.16670978567888603,13.8684151,115,0.018868943623648198,'Substation',' ',37.51313717,-122.2062532
2151,2152,11.763471316842537,0.9118145308055323,Alameda County,0.24416586616038452,14.2956415,66,0.04324881300612788,'Substation',' ',37.72239092,-122.1616289
2152,2153,21.53545877564977,0.863362638434,Alameda County,0.23119140932917615,23.9330748,66,0.023160761094506183,'Substation',' ',37.73986963,-122.1554072
2153,2154,26.045384027649554,0.5363786250837184,Alameda County,0.217560339981059,27.7786467,115,0.013574787150197701,'Substation',' ',37.70698474,-122.1771784
2154,2155,17.195231884558346,0.881481894583957,Alameda County,0.23604338714107584,19.6431663,66,0.02941576332935987,'Substation',' ',37.68021007,-122.1262564
2155,2156,5.59514072695465,0.8814764131189919,Alameda County,0.23604191931335886,8.04305992,66,0.07183976625781906,'Substation',' ',37.71581395,-122.1439269
2156,2157,18.22696790261685,0.8814797275285087,Alameda County,0.23604280684656123,20.6748963,66,0.02794770437991137,'Substation',' ',37.6863891,-122.1021887
2157,2158,33.98951867309037,0.8814818987134831,Alameda County,0.23604338824688118,36.4374531,66,0.015857824495805264,'Substation',' ',37.66851129,-122.0849976
2158,2159,14.348883798022277,0.8814778206947392,Alameda County,0.23604229623425668,16.7968069,66,0.03440019245537116,'Substation',' ',37.70187077,-122.0827995
2159,2160,14.959891820491412,0.5073314669087886,Contra Costa County,0.2008687013280602,16.6110702,230,0.019966808445181394,'Substation',' ',37.78212148,-121.9676808
2160,2161,0.9724038236410193,0.463633728879424,Alameda County,0.2547181545524801,2.46474299,66,0.15422536141236623,'Substation',' ',37.78289645,-121.6317484
2161,2162,-0.07324359407756753,0.4636165726505814,San Joaquin County,0.254708729002358,1.41904035,66,0.26785548889192834,'Substation',' ',37.7768338,-121.5176269
2162,2163,-1.8669098812665559,0.5670352276203038,Alameda County,0.225808248899029,0.0,66,0.0,'Substation',' ',37.7521495,-121.804359
2163,2164,4.223832185558425,0.3713956347689743,Alameda County,0.18567918968510388,5.86433981,115,0.05194244130586052,'Substation',' ',37.51244728,-121.9444502
2164,2165,42.78418465237907,1.064668944953211,San Joaquin County,0.3422993222737107,45.2038868,115,0.018322813896500756,'Substation',' ',37.64624161,-121.5464501
2165,2166,4.049864835894051,0.44724873158941497,San Joaquin County,0.1941719637358487,5.78688644,66,0.05828365554048197,'Substation',' ',37.97044803,-121.2681709
2166,2167,3.4933209002787406,0.2133993699062803,San Joaquin County,0.09479079697364622,5.15394665,66,0.030542038748312794,'Substation',' ',37.96810648,-121.2686965
2167,2168,4.028406078169806,0.17593533895622024,San Joaquin County,0.08015057712501249,5.77189873,115,0.024210740484944114,'Substation',' ',37.94316146,-121.3011895
2168,2169,0.0,0.0,San Joaquin County,0.0,0.0,66,0.0,'Substation',' ',37.90487095,-121.2607316
2169,2170,-2.54174406246259,0.6470583884215798,San Joaquin County,0.23080189743298848,0.0,66,0.0,'Substation',' ',37.80827817,-121.2880772
2170,2171,-1.9273782413165657,0.3355623200859897,Santa Clara County,0.14579528938624553,0.0,66,0.0,'Substation',' ',37.31519458,-122.0926711
2171,2172,-3.509282856922805,1.429662442202882,Santa Clara County,0.27420497238886404,0.0,66,0.0,'Substation',' ',37.36306465,-121.9458245
2172,2173,4.515234351988899,0.042251090709870626,Merced County,0.021795244686394082,6.25742215,230,0.006068219218245018,'Substation',' ',37.04146743,-121.0108158
2173,2174,3.1613310868614892,0.30308731570707553,Santa Cruz County,0.13168553278416317,4.90218178,66,0.04676384134894822,'Substation',' ',36.98428761,-121.9903777
2174,2175,1.2596897967978344,0.30308734357463696,Santa Cruz County,0.1316855448920756,3.00054065,66,0.07640119562444918,'Substation',' ',36.97642408,-121.9801497
2175,2176,6.608150999020628,0.3030839534023721,Santa Cruz County,0.1316840719282866,8.34898238,66,0.027457210274757598,'Substation',' ',36.97633055,-121.9646549
2176,2177,1.840719544368847,0.30308604170714465,Santa Cruz County,0.13168497925601808,3.58156292,66,0.06400639299894384,'Substation',' ',36.9647278,-121.9737783
2177,2178,0.4522034057350135,0.30308654636797006,Santa Cruz County,0.13168519852131302,2.19304968,66,0.10453191704333524,'Substation',' ',36.98677959,-121.9510457
2178,2179,7.569818957120985,0.31097085935099034,Santa Cruz County,0.13511077888050416,9.35595057,66,0.02579381235435223,'Substation',' ',36.98428364,-121.9154166
2179,2180,-0.1833897161063902,0.24193057404632337,Santa Cruz County,0.10511412021893729,1.20619337,66,0.12109567769153712,'Substation',' ',36.97546948,-121.8942993
2180,2181,8.354016606685642,0.263033352922971,Monterey County,0.11478103587258111,9.86000225,66,0.01753129337763159,'Substation',' ',36.61739069,-121.9190297
2181,2182,0.261187365961848,0.26302568204341775,Monterey County,0.11477768849670122,1.76712909,66,0.097813176792781,'Substation',' ',36.59011835,-121.9442807
2182,2183,-0.04442909925404792,0.2868840904041347,Monterey County,0.12913406204778377,1.56005223,66,0.13281170177642246,'Substation',' ',36.56082725,-121.9196629
2183,2184,0.6996496360324986,0.02005053946042152,Madera County,0.011172012106274498,2.44592402,115,0.007976289696260462,'Substation',' ',36.87957607,-119.8246891
2184,2185,16.553282919928034,0.02005067949481479,Fresno County,0.011172090132401427,18.2995695,115,0.001066127324447007,'Substation',' ',36.84992908,-119.803345
2185,2186,15.037388868451622,0.019356682190900223,Fresno County,0.010785399973946588,16.7232327,115,0.0010872598822869875,'Substation',' ',36.77800449,-119.6737998
2186,2187,0.00198499281903608,0.02005016082441459,Fresno County,0.011171801133095365,1.7482264,66,0.01115911630862132,'Substation',' ',36.70367654,-119.8810706
2187,2188,18.029761864541232,0.3607907308319612,Fresno County,0.19290710437721445,19.5499704,66,0.015000484431673448,'Substation',' ',36.72636077,-119.7927116
2188,2189,-2.1914557601743083,0.001221433101862766,Fresno County,0.0006805734792298879,0.0,66,0.0,'Substation',' ',36.2379017,-120.3676133
2189,2190,-0.15795122014256235,0.020050315634366597,Fresno County,0.011171887392054203,1.58830367,66,0.012282892345452233,'Substation',' ',36.13397773,-120.2520369
2190,2191,3.5932524571956135,0.020050646917605792,Kings County,0.011172071980621819,5.3395362,66,0.0036538019300628184,'Substation',' ',36.30036393,-119.8122866
2191,2192,2.167838465710319,0.5725722985836051,Kings County,0.30925040738850196,3.6140672,66,0.12375166274053825,'Substation',' ',36.30522614,-119.7930855
2192,2193,0.47604538047732436,0.5725608233070635,Kings County,0.3092442095092924,1.92224513,66,0.23265965997462376,'Substation',' ',36.30400018,-119.7910976
2193,2194,3.6530161395596172,0.6154714349257948,Kings County,0.33239394130874356,5.07595177,66,0.09317960529611582,'Substation',' ',36.32061231,-119.6912126
2194,2195,0.8308190136817413,0.6143466235800339,Kern County,0.3423093892128482,2.22706134,115,0.21460875339658558,'Substation',' ',35.28258257,-119.3099896
2195,2196,0.0,0.0,Kern County,0.0,0.0,115,0.0,'Substation',' ',35.4207551,-118.9637524
2196,2197,12.879966543389637,0.6242486476020271,Kern County,0.3371341975572072,14.3231946,115,0.03397018237519321,'Substation',' ',35.35813714,-118.9249094
2197,2198,50.01491516183698,0.5774037473711112,Kern County,0.31661380000701955,51.4564651,115,0.008869917568855272,'Substation',' ',35.37708756,-119.0773347
2198,2199,0.0,0.0,Kern County,0.0,0.0,66,0.0,'Substation',' ',35.08231476,-119.3041211
2199,2200,0.0,0.0,Kern County,0.0,0.0,66,0.0,'Substation',' ',35.08324767,-119.2966802
2200,2201,2.6370761276628727,0.6117656759348438,Kern County,0.33039259442789115,4.05144425,66,0.11534078333055392,'Substation',' ',35.42202686,-118.9007632
2201,2202,1.937663825170133,0.6117828616836554,Kern County,0.3304018758314748,3.35207168,66,0.1394131907186902,'Substation',' ',35.24729651,-118.8608581
2202,2203,0.0,0.0,Kern County,0.0,0.0,66,0.0,'Substation',' ',35.07545753,-118.3725027
2203,2204,0.0,0.0,Kern County,0.0,0.0,66,0.0,'Substation',' ',35.03525039,-118.3524329
2204,2205,8.08214997966389,0.7491987634728998,Kern County,0.3092126057257866,9.94084069,66,0.05781508986050773,'Substation',' ',35.03161988,-118.3514755
2205,2206,3.632140762248244,0.0,Santa Barbara County,0.0,5.3772507,66,0.0,'Substation',' ',34.88938647,-120.2601902
2206,2207,5.473189622991281,0.0,Santa Barbara County,0.0,7.21829695,115,0.0,'Substation',' ',34.6427778,-120.4548466
2207,2208,0.0,0.0,Shasta County,0.0,0.0,230,0.0,'Substation',' ',40.89028086,-121.7968934
2208,2209,0.0,0.0,Santa Barbara County,0.0,0.0,66,0.0,'Substation',' ',34.43159118,-119.9114558
2209,2210,16.215769365925244,0.7568019620340192,Santa Barbara County,0.31471016075623504,18.0565002,66,0.032082446226241824,'Substation',' ',34.4195105,-119.8513903
2210,2211,-0.502104953621066,0.7497740802153302,Ventura County,0.311224252276144,1.32171377,66,0.4294550237955057,'Substation',' ',34.26343147,-119.0118563
2211,2212,0.0,0.0,Los Angeles County,0.0,0.0,66,0.0,'Substation',' ',34.43109571,-118.5987892
2212,2213,5.251283671597169,0.7497892764817625,Ventura County,0.3112305601051054,7.07513936,66,0.08023016912736765,'Substation',' ',34.19286589,-118.9194514
2213,2214,7.315621279161822,0.7896823042709358,Los Angeles County,0.3082767230655235,9.24287366,66,0.06427947306649891,'Substation',' ',33.82471019,-118.344446
2214,2215,26.498405363217568,0.7922425377769473,Los Angeles County,0.30927618878895075,28.4319061,66,0.021032207154507255,'Substation',' ',33.84751172,-118.3111216
2215,2216,2.581555263208904,1.0616413803115219,Los Angeles County,0.3409435614381945,4.90680906,66,0.16156738544981003,'Substation',' ',33.79629417,-118.2157604
2216,2217,0.0,0.0,Los Angeles County,0.0,0.0,66,0.0,'Substation',' ',33.76772237,-118.2135059
2217,2218,32.178572609292644,0.49985563643567393,Los Angeles County,0.23481107509093796,33.6160688,66,0.010041032102454599,'Substation',' ',33.99707836,-117.9143016
2218,2219,11.312694326919626,0.6269188505999322,Orange County,0.2420576379039908,12.9068329,66,0.02989683220362089,'Substation',' ',33.86946944,-117.9596958
2219,2220,0.0,0.0,Plumas County,0.0,0.0,230,0.0,'Substation',' ',39.91096984,-121.3275804
2220,2221,-2.176872321567604,0.5822362076002567,Placer County,0.26878970909331523,0.0,66,0.0,'Substation',' ',39.00090033,-120.724844
2221,2222,7.3517189399216605,0.39710037692650935,Placer County,0.3352336605715297,8.27152197,66,0.03727837971008214,'Substation',' ',38.78137265,-121.3195751
2222,2223,-0.4220754929122417,0.3973903223801251,Placer County,0.33518817795140154,0.498409092,66,0.6190407755424463,'Substation',' ',38.79227077,-121.362327
2223,2224,1.2456404578919091,1.0101540706398435,Orange County,0.33156077240280873,3.58512673,66,0.21636107558349163,'Substation',' ',33.75349535,-117.993784
2224,2225,0.8993178323141631,0.5958974204881653,Riverside County,0.2810680267168494,2.36452073,66,0.17416708678733722,'Substation',' ',33.85880824,-117.4407018
2225,2226,-0.7137590887831149,1.0112262723269576,Orange County,0.331912698935487,1.62821037,66,0.47741337250492116,'Substation',' ',33.68720303,-117.9425958
2226,2227,14.534617071171855,0.98560895590359,Orange County,0.3235043803758847,16.8172576,66,0.04390990656523161,'Substation',' ',33.72690426,-117.8685382
2227,2228,7.539426047072068,0.6208541851792739,Riverside County,0.29283942958551834,9.06599307,66,0.04930943723060648,'Substation',' ',33.92346139,-117.2846982
2228,2229,6.205308881933485,0.3873006861671717,Riverside County,0.19773060922648236,7.43685614,66,0.032744292083172644,'Substation',' ',33.93382056,-116.9837522
2229,2230,14.115415696409134,0.4010967241118997,Riverside County,0.20477397136125874,15.3908319,115,0.01696932581973048,'Substation',' ',33.78334936,-116.9593832
2230,2231,0.0,0.0,Riverside County,0.0,0.0,115,0.0,'Substation',' ',33.92158621,-116.6501837
2231,2232,4.603266596049119,0.30807488634204866,Riverside County,0.16320306733276657,5.69649976,66,0.03132081333866133,'Substation',' ',33.84555142,-116.5459043
2232,2233,1.3514483257365555,0.3080812213307466,Riverside County,0.1632064233011783,2.44470397,66,0.07298484628143427,'Substation',' ',33.82514048,-116.5460938
2233,2234,0.540779971447672,0.5965608046221523,Riverside County,0.30243927235059603,1.98407398,66,0.22000630729230217,'Substation',' ',33.83019433,-116.5148399
2234,2235,-2.2096869387992486,0.9501653836836769,Riverside County,0.42919732737579375,0.0,230,0.0,'Substation',' ',33.80964288,-115.4510934
2235,2236,6.344414585107959,0.6339966987484428,Contra Costa County,0.243509787463627,8.28420683,230,0.057019145824157666,'Substation',' ',37.79994499,-121.907854
2236,2237,0.0,0.0,Amador County,0.0,0.0,66,0.0,'Substation',' ',38.25707836,-120.8503822
2237,2238,40.75793224587702,0.5438366465369624,Contra Costa County,0.2762664373499348,42.2879421,66,0.009995529470535506,'Substation',' ',38.03273648,-122.0743277
2238,2239,1.5898633696004314,0.29503049417581023,Humboldt County,0.32977263685502756,2.26038722,66,0.0978241321946829,'Substation',' ',41.29428709,-124.0568714
2239,2240,14.759289080004956,0.7730278190605587,Los Angeles County,0.2926162256586043,16.6918753,66,0.03387912234491583,'Substation',' ',33.89149927,-118.071162
2240,2241,1.94163144232319,0.5267449654512186,Los Angeles County,0.24617043820163925,3.40641755,66,0.10585520791438909,'Substation',' ',34.11395095,-117.9234422
2241,2242,-2.1888056736888557,0.0,San Luis Obispo County,0.0,0.0,66,0.0,'Substation',' ',35.75233608,-120.6839668
2242,2243,1.5171235605769946,0.44725349634280764,San Joaquin County,0.19417403234210212,3.25416367,66,0.10364816173693908,'Substation',' ',37.9633121,-121.3234312
2243,2244,1.0269717818029571,0.38280198067825966,Stanislaus County,0.1590793315635523,2.55583,66,0.0951588107997125,'Substation',' ',37.62724201,-120.934895
2244,2245,0.0,0.0,Alameda County,0.0,0.0,230,0.0,'Substation',' ',37.79748937,-121.6033106
2245,2246,9.814971097417654,0.995826491717632,San Diego County,0.3280447775923378,12.1305514,66,0.0626199090469889,'Substation',' ',32.79525102,-116.996787
2246,2247,-2.1782269702088612,0.9366375971898103,Inyo County,0.43000058194882407,0.0,66,0.0,'Substation',' ',37.35009541,-118.4630219
2247,2248,0.0,0.0,Tuolumne County,0.0,0.0,115,0.0,'Substation',' ',37.94620721,-120.5276303
2248,2249,-0.8892128000671823,0.39125363202956015,Shasta County,0.4373267999768466,0.0,66,0.0,'Substation',' ',40.6238604,-122.4619985
2249,2250,-1.1602869030071263,0.0440909023142708,Sonoma County,0.03800000068810312,0.0,230,0.0,'Substation',' ',38.82389103,-122.7813165
2250,2251,0.8640220153055593,0.6143398996655539,Kern County,0.3423056426974928,2.26024906,115,0.21145297849864012,'Substation',' ',35.40593792,-119.336836
2251,2252,7.491203382044086,0.4636201559479622,Contra Costa County,0.2547106976488114,8.98349886,66,0.04231131190774339,'Substation',' ',37.99529965,-121.7018916
2252,2253,6.204521041250408,0.4636248691470805,Contra Costa County,0.2547132870578787,7.69683169,66,0.04938543104019518,'Substation',' ',37.9833716,-121.7279044
2253,2254,0.0,0.0,Merced County,0.0,0.0,115,0.0,'Substation',' ',37.09834375,-121.0484791
2254,2255,0.976397578147449,0.3043840412151224,Trinity County,0.34022763703973197,1.66817949,66,0.14108992864815859,'Substation',' ',40.70230013,-122.9248397
2255,2256,1.4799460995592584,0.3828383692731573,Sacramento County,0.3356543245278286,2.36628671,230,0.12572612508949532,'Substation',' ',38.6563236,-121.1898018
2256,2257,0.5797203814714051,0.4636320021957826,Contra Costa County,0.25471720592074076,2.07205399,66,0.18345228884022477,'Substation',' ',37.80813517,-121.5948502
2257,2258,2.36780727608292,0.6851912502843444,Riverside County,0.36012377316864647,3.9612753,66,0.14486388189091676,'Substation',' ',33.60621266,-114.5998554
2258,2259,6.855193437831129,0.36519117538453294,San Bernardino County,0.28090690310396305,7.957194,66,0.038903106438988894,'Substation',' ',35.26250712,-116.7022796
2259,2260,1.6546431579214385,0.6060880648103445,Kings County,0.32732632127239,3.05588496,66,0.1500918163776263,'Substation',' ',36.34224774,-119.5924108
2260,2261,0.0,0.0,San Bernardino County,0.0,0.0,230,0.0,'Substation','IMPORT',34.31514963,-114.1576556
2261,2262,-1.3542866066819623,0.06853315736564536,Kern County,0.03489940776843296,0.000561460845,66,84.21494676605072,'Substation',' ',35.00019441,-117.6491998
2262,2263,-1.901717710280007,0.09619581872493671,Kern County,0.04898617300510844,0.0,66,0.0,'Substation',' ',35.01359157,-117.8813046
2263,2264,-2.3904357886292624,0.9635339150527942,Kern County,0.397673951299067,0.0,500,0.0,'Substation',' ',35.03484956,-118.2806898
2264,2265,-0.3178850450042644,0.5330197861418337,Riverside County,0.28014528276489875,0.921695853,66,0.3767650033913864,'Substation',' ',33.72935002,-114.5171768
2265,2266,-0.29576263554287674,0.533079618293437,Riverside County,0.28017672943060445,0.943957407,66,0.36796226646827196,'Substation',' ',33.69094936,-114.5724676
2266,2267,0.0,0.0,Riverside County,0.0,0.0,66,0.0,'Substation',' ',33.66046487,-114.62376
2267,2268,0.0,0.0,Riverside County,0.0,0.0,66,0.0,'Substation',' ',33.6112788,-114.551017
2268,2269,-0.6299646094871074,0.6365022008894562,Riverside County,0.3345337146662862,0.850273067,66,0.5823886792644044,'Substation',' ',33.61086405,-114.6799559
2269,2270,0.7197085591045282,0.5030635310110817,San Bernardino County,0.23644794353852328,2.26801835,66,0.16141609525240186,'Substation',' ',34.08755227,-116.9205846
2270,2271,0.013319154761295415,0.59854207390503,San Bernardino County,0.2852562978930202,1.37364205,66,0.2824903860761307,'Substation',' ',34.23438741,-117.2014241
2271,2272,-1.9902488195622272,0.6466545678694895,San Bernardino County,0.3039380382935473,0.0,66,0.0,'Substation',' ',34.1957231,-116.9123756
2272,2273,5.867034588060196,0.4292251537341154,San Bernardino County,0.33451817795505356,6.86523262,66,0.04863861217317692,'Substation',' ',34.9030172,-116.8293583
2273,2274,10.65460869819978,0.42923004277409393,San Bernardino County,0.33452198824606594,11.6528181,66,0.02865598612374507,'Substation',' ',34.95748592,-116.6531954
2274,2275,0.0,0.0,San Bernardino County,0.0,0.0,66,0.0,'Substation',' ',34.83674776,-116.6626696
2275,2276,0.0,0.0,San Bernardino County,0.0,0.0,66,0.0,'Substation',' ',34.74052045,-117.3239307
2276,2277,0.0,0.0,San Bernardino County,0.0,0.0,66,0.0,'Substation',' ',34.68212804,-117.3389005
2277,2278,-0.5770970470013684,0.39533632703375593,Riverside County,0.20183308624453003,0.680002119,66,0.37312266726845444,'Substation',' ',33.74644555,-116.715478
2278,2279,1.88968771561594,0.07522856212864357,Kern County,0.03846858457541187,3.35884394,66,0.016826134670672132,'Substation',' ',35.64848234,-117.8165945
2279,2280,0.0,0.0,Kern County,0.0,0.0,66,0.0,'Substation',' ',35.62634452,-117.6728936
2280,2281,0.08949456027024927,0.483469140803258,San Bernardino County,0.22915678710249013,1.34238645,66,0.21387930430706972,'Substation',' ',34.20804986,-117.1039999
2281,2282,4.858504381153425,1.103984808739516,Los Angeles County,0.35041730401143584,7.25383391,66,0.11571328019521743,'Substation',' ',33.77735982,-118.21534
2282,2283,0.0,0.0,San Bernardino County,0.0,0.0,66,0.0,'Substation',' ',34.09743511,-117.5461089
2283,2284,-1.3918913297367217,0.6809515119451327,Los Angeles County,0.28265664382605643,0.264517114,66,1.7699983355774969,'Substation',' ',34.08269139,-118.7094311
2284,2285,15.67985215558196,0.5800430940073447,Riverside County,0.27921203615804685,17.0907983,115,0.023050599449898512,'Substation',' ',33.5841918,-117.2554484
2285,2286,8.534896108388338,0.884347815921346,Orange County,0.2902676467302583,10.5830189,66,0.05617525476929125,'Substation',' ',33.64037384,-117.8499344
2286,2287,18.53281777153151,0.5451828872514896,Tulare County,0.29443362980680243,19.7932502,66,0.01874950759932194,'Substation',' ',36.20500203,-119.3410815
2287,2288,-0.37481971764588184,0.7956749895916614,Los Angeles County,0.3106161516978289,1.56705806,230,0.38491145781790376,'Substation',' ',34.00046963,-118.3737029
2288,2289,6.145307612473452,0.56566671687467,Santa Clara County,0.22121034772347897,8.01639039,115,0.05163207524827897,'Substation',' ',37.41853023,-122.0676159
2289,2290,39.95559852401667,0.5106716761241634,Santa Clara County,0.19048373552486547,41.801748,66,0.008412601514237584,'Substation',' ',37.37717118,-122.0063579
2290,2291,3.32883774593878,2.212436034125712,Contra Costa County,0.3111315364096761,8.37418628,66,0.18745308363558094,'Substation',' ',37.93956363,-122.3472345
2291,2292,47.00008892259097,0.5828782662660725,Contra Costa County,0.23388263265367903,48.8451903,66,0.008834793456856557,'Substation',' ',38.04166454,-122.0293338
2292,2293,2.826172847035093,0.562981160808857,Kings County,0.3040720038105583,4.25727719,66,0.10221527652685725,'Substation',' ',36.06874235,-119.5716755
2293,2294,2.585240346741452,0.4554178454230635,San Joaquin County,0.19771856490657586,4.3539891,230,0.08032047328151908,'Substation',' ',38.21363614,-121.0244583
2294,2295,8.536385012984114,0.020050795541685613,Kings County,0.011172154792858482,10.2826817,66,0.0018973549382159142,'Substation',' ',35.99695674,-119.9613971
2295,2296,1.9175833082755016,0.3506621015587791,Shasta County,0.34175013577699037,2.71454263,66,0.10033401332440502,'Substation',' ',40.40095412,-122.1410592
2296,2297,14.804569164910646,0.15950506537940196,San Joaquin County,0.0701813801650835,16.5623874,66,0.007448570477099335,'Substation',' ',37.91116804,-121.2558883
2297,2298,-0.9925024304274048,0.431362055009064,Glenn County,0.4333810592423726,0.0,66,0.0,'Substation',' ',39.55334858,-122.0032163
2298,2299,-0.43677648167608396,0.6311862925722977,San Joaquin County,0.22020227359144845,1.62218098,66,0.27949231305199457,'Substation',' ',37.74023807,-121.4155718
2299,2300,0.0,0.0,Santa Clara County,0.0,0.0,115,0.0,'Substation',' ',37.42573614,-121.9336799
2300,2301,0.6101914395588128,0.4584011432897105,Butte County,0.3345151957259023,1.67624061,66,0.21274371040537524,'Substation',' ',39.47336845,-121.5608867
2301,2302,0.0,0.0,San Joaquin County,0.0,0.0,66,0.0,'Substation',' ',37.94211221,-121.3377044
2302,2303,0.33742025581112745,0.30480355940651027,Mariposa County,0.1637802604159274,1.88600592,66,0.134478773723693,'Substation',' ',37.59365534,-119.9858686
2303,2304,-0.7771068818528647,0.3419270280152605,El Dorado County,0.44000020775068693,0.0,66,0.0,'Substation',' ',38.64677997,-121.0705589
2304,2305,0.0,0.0,Alameda County,0.0,0.0,66,0.0,'Substation',' ',37.77697497,-121.6253239
2305,2306,0.0,0.0,Butte County,0.0,0.0,115,0.0,'Substation',' ',39.57223521,-121.1281804
2306,2307,39.94095226611273,0.9945646383003861,San Diego County,0.3276290983278702,42.2535984,66,0.017931967839144355,'Substation',' ',32.8293907,-116.9663913
2307,2308,1.1046325712532,0.26559215256112406,Siskiyou County,0.33452836123689533,1.72228874,66,0.1199703052919723,'Substation',' ',41.2012439,-122.2764098
2308,2309,-0.8411890768958958,1.4396052462987574,Los Angeles County,0.3254250953501946,2.49893728,66,0.4349692754891971,'Substation',' ',34.18507227,-118.3451326
2309,2310,-1.6149896923339575,1.5300656153219168,Los Angeles County,0.326418182112163,1.93802038,66,0.598428737285753,'Substation',' ',34.18813539,-118.3455304
2310,2311,-0.013281965128808082,0.7286446729053875,Inyo County,0.3345131930677059,1.68124053,66,0.33715588011109493,'Substation',' ',37.41164719,-118.1861367
2311,2312,0.0,0.0,Inyo County,0.0,0.0,66,0.0,'Substation',' ',37.33466081,-118.47958
2312,2313,-1.8290776580461094,0.7911426396989905,Tulare County,0.427267628072221,0.0,66,0.0,'Substation',' ',36.46509547,-118.8619812
2313,2314,-2.3904357886292624,0.9635339150527942,Kern County,0.397673951299067,0.0,500,0.0,'Substation',' ',34.85927794,-118.4352171
2314,2315,7.562401338198265,0.5955673243386659,San Bernardino County,0.2813773873467883,9.07994978,66,0.047027112051534016,'Substation',' ',33.97018662,-117.618598
2315,2316,-0.9304995842553853,0.7429744412434116,Los Angeles County,0.30664367610484683,0.912749176,66,0.6192507105812088,'Substation',' ',34.55764538,-118.1802498
2316,2317,-0.8033413023226871,0.4554088804927406,Amador County,0.1977146728035857,0.965372633,115,0.3622442620097223,'Substation',' ',38.52593005,-120.2291523
2317,2318,15.063821150107529,0.45541933794173045,Alpine County,0.19771921287997407,16.8325757,66,0.020776188006842715,'Substation',' ',38.68746574,-120.0658613
2318,2319,4.805435863629878,0.3190383867872304,San Joaquin County,0.14004492152146633,6.47638672,66,0.036132521367806876,'Substation',' ',37.96116501,-121.2815144
2319,2320,2.794090085735225,0.4472511776925468,San Joaquin County,0.19417302570565445,4.53112119,66,0.07443733484866813,'Substation',' ',37.94996587,-121.3463298
2320,2321,34.05631868180663,0.4497560081956099,Contra Costa County,0.19787639618818412,35.729604,66,0.009266928023011487,'Substation',' ',37.98676821,-122.0402689
2321,2322,17.404079964265936,0.7019999543911789,San Francisco County,0.22082903029477885,19.5763909,66,0.024504481949065342,'Substation',' ',37.78310949,-122.400223
2322,2323,36.63021889321756,1.1459893116993316,San Francisco County,0.21410464984530583,39.7471049,115,0.0167896451519891,'Substation',' ',37.79212554,-122.4036251
2323,2324,96.38850902661683,0.6916145683519787,San Francisco County,0.22497082275125757,98.5550402,115,0.0049455238372705535,'Substation',' ',37.74620312,-122.420327
2324,2325,2.3475891126952813,0.470500705599299,Imperial County,0.2554829608049039,3.68513906,115,0.09272953210125338,'Substation',' ',33.24305707,-115.5001896
2325,2326,2.1277331000216266,0.28161336279048427,Kern County,0.34230102932643774,2.76776347,66,0.07915526627128218,'Substation',' ',35.19487109,-118.8155537
2326,2327,37.513109581447324,0.7286617969776509,Inyo County,0.3345210545512303,39.2076719,115,0.014458057475353933,'Substation',' ',36.0934423,-117.9576142
2327,2328,6.927534148101172,0.4198430838540624,Stanislaus County,0.30320878963445097,8.0820322,66,0.04331261597195509,'Substation',' ',37.60912941,-120.9928722
2328,2329,3.6534961410668956,0.6280296973994218,Riverside County,0.30231107376376115,5.18116898,66,0.08913672147739912,'Substation',' ',33.70191633,-117.3752229
2329,2330,-1.1283110382497556,0.4851737464473949,Nevada County,0.4300000007969354,0.0,66,0.0,'Substation',' ',39.40007937,-120.1499392
2330,2331,-0.8626943934487485,0.3709585891829619,Sierra County,0.4299998103419422,0.0,66,0.0,'Substation',' ',39.67078544,-120.2479684
2331,2332,-1.2022130096596026,0.0456840943670649,Imperial County,0.03800000329092797,0.0,115,0.0,'Substation',' ',33.16867618,-115.4925094
2332,2333,7.3752779554317165,0.8031668638092463,Riverside County,0.378831184317417,9.35011855,66,0.0800130177256859,'Substation',' ',33.9988765,-117.3488524
2333,2334,0.0,0.0,Riverside County,0.0,0.0,66,0.0,'Substation',' ',33.9718988,-117.3323483
2334,2335,-0.8991452889633619,0.38663247425424563,Lassen County,0.4300000472128654,0.0,66,0.0,'Substation',' ',41.13235472,-121.1143557
2335,2336,-0.8946482476446251,0.393645228963635,Humboldt County,0.4400000261104621,0.0,66,0.0,'Substation',' ',40.55124879,-124.0792155
2336,2337,17.39832650964992,0.4583055704741025,Lassen County,0.3298037152125144,18.488622,66,0.01944890773346475,'Substation',' ',40.08983849,-120.1723133
2337,2338,0.0,0.0,Plumas County,0.0,0.0,66,0.0,'Substation',' ',40.29968726,-121.2448944
2338,2339,0.0,0.0,Sacramento County,0.0,0.0,66,0.0,'Substation',' ',38.62741805,-121.229413
2339,2340,0.621178794759996,0.4100899021910102,Sacramento County,0.30439953671371445,1.73637166,66,0.19550203412413272,'Substation',' ',38.41951217,-121.3954859
2340,2341,0.8988816144414253,0.38930872103453384,Sacramento County,0.3042916824104878,1.94186766,66,0.16343646123324407,'Substation',' ',38.5953278,-121.3756089
2341,2342,2.8115491574862346,0.4100914088816001,Sacramento County,0.30440065509267256,3.92674612,66,0.08644986856103362,'Substation',' ',38.39508861,-121.41834
2342,2343,2.231783092138555,0.4100873878816095,Sacramento County,0.30439767040436955,3.34696912,66,0.10142311350291937,'Substation',' ',38.43766004,-121.3755445
2343,2344,0.658367472505562,0.3503902508048634,Sacramento County,0.3306515621608192,1.46499277,66,0.18205681294589013,'Substation',' ',38.42171757,-121.448745
2344,2345,4.182656304142606,0.31107534070709253,Sacramento County,0.24551106924563101,5.33555668,66,0.053049723016050626,'Substation',' ',38.65923885,-121.1071492
2345,2346,1.217454727632398,0.35737292904174495,Sacramento County,0.3423027035527202,2.02966593,66,0.13697923698518985,'Substation',' ',38.4159142,-121.4821271
2346,2347,4.355976667504126,0.4093491036673811,Sacramento County,0.30494052064455845,5.46689461,66,0.06196642151440221,'Substation',' ',38.4534286,-121.4066181
2347,2348,1.5523172592232912,0.3382834357717669,Sacramento County,0.321358530323088,2.40148226,66,0.1136324932299966,'Substation',' ',38.67138727,-121.2647745
2348,2349,14.861776670242831,0.45276905251791166,Sacramento County,0.20489426567231075,16.5763499,66,0.021193219555078125,'Substation',' ',38.58605279,-121.2124628
2349,2350,8.103531664782164,0.3248111074164599,Sacramento County,0.333216011596105,8.84354551,66,0.02788298672184758,'Substation',' ',38.56923017,-121.4849919
2350,2351,0.0,0.0,Sacramento County,0.0,0.0,66,0.0,'Substation',' ',38.386891,-121.3738271
2351,2352,-0.04314387960856969,0.3893006880473643,Sacramento County,0.30428540366293216,0.999820645,66,0.3174158114895065,'Substation',' ',38.58460932,-121.4201776
2352,2353,0.0,0.0,Sacramento County,0.0,0.0,66,0.0,'Substation',' ',38.51878132,-121.3963467
2353,2354,0.8741501629312989,0.41009031472110663,Sacramento County,0.304399842924547,1.98934415,66,0.17064160290923616,'Substation',' ',38.40208663,-121.335074
2354,2355,1.6251917549992145,0.4527718240072975,Sacramento County,0.2048955198708461,3.33977548,115,0.10518986255211615,'Substation',' ',38.65217913,-121.1182589
2355,2356,0.0,0.0,Sacramento County,0.0,0.0,66,0.0,'Substation',' ',38.68711998,-121.1517604
2356,2357,19.89783746243076,0.3400737373349223,Sacramento County,0.3271132716445382,20.7436182,66,0.013337408232870595,'Substation',' ',38.50138226,-121.3160589
2357,2358,0.8830207643045322,0.2863857472490511,Nevada County,0.3345270875781044,1.54903413,66,0.14383124761376032,'Substation',' ',39.32735867,-120.2818904
2358,2359,-1.615935910536981,0.5081843858234989,Riverside County,0.2594459855020608,0.0,66,0.0,'Substation',' ',33.70479568,-116.7312309
2359,2360,1.0055335068650428,0.3953522609863319,Riverside County,0.20184122108720598,2.26268334,66,0.11214324732224218,'Substation',' ',33.51518854,-116.7884555
2360,2361,-1.8157758177649976,0.0689994810750699,Mono County,0.03800000756913434,0.0,115,0.0,'Substation',' ',37.76698524,-119.1233382
2361,2362,9.266546609546387,0.7390004327078071,Orange County,0.2851034687172371,11.1447879,66,0.04804874815035869,'Substation',' ',33.81699412,-117.9763665
2362,2363,7.001526427559729,0.6638036270993523,Orange County,0.25460633545315325,8.68282169,66,0.04930061227419553,'Substation',' ',33.86437216,-117.7463946
2363,2364,6.347948862884746,0.7695688884434378,Orange County,0.29517331115157347,8.29712852,66,0.06934276262361647,'Substation',' ',33.85647208,-117.7683222
2364,2365,5.890365066449963,0.7451245495002937,Orange County,0.28218038960706726,7.76345496,66,0.06808170314045456,'Substation',' ',33.85839882,-117.8622674
2365,2366,-4.796948940675357,2.110657533897157,Santa Clara County,0.35672994235249983,0.0,66,0.0,'Substation',' ',37.40332926,-121.9732165
2366,2367,21.90526417649678,2.0373984586155225,Santa Clara County,0.3445190509185386,26.5371712,66,0.06013377234722904,'Substation',' ',37.32734247,-121.9962031
2367,2368,-2.79862728638481,2.556579372236158,Santa Clara County,0.43231126203915965,3.01360738,66,0.8337829674058507,'Substation',' ',37.37706603,-121.9978537
2368,2369,19.972155528101442,2.36413940074581,Santa Clara County,0.3997701378146435,25.3468891,66,0.08477008647009376,'Substation',' ',37.33909296,-121.978458
2369,2370,0.0,0.0,Santa Clara County,0.0,0.0,66,0.0,'Substation',' ',37.37699607,-121.955302
2370,2371,-5.916681847576681,2.6033400129337396,Santa Clara County,0.44000000844431647,0.0,66,0.0,'Substation',' ',37.3758027,-121.9543269
2371,2372,0.0,0.0,Santa Clara County,0.0,0.0,66,0.0,'Substation',' ',37.38169967,-121.978366
2372,2373,0.0,0.0,Santa Clara County,0.0,0.0,66,0.0,'Substation',' ',37.38658303,-121.9675138
2373,2374,-4.796948940675357,2.110657533897157,Santa Clara County,0.35672994235249983,0.0,66,0.0,'Substation',' ',37.38516906,-121.9565774
2374,2375,-4.796948940675357,2.110657533897157,Santa Clara County,0.35672994235249983,0.0,66,0.0,'Substation',' ',37.39136113,-121.9676557
2375,2376,-1.6333298606753566,2.110657533897157,Santa Clara County,0.35672994235249983,3.16361908,66,0.5409043490390774,'Substation',' ',37.39437509,-121.9575378
2376,2377,-5.9104990768508605,2.599802122046208,Santa Clara County,0.43962012235545067,0.0,66,0.0,'Substation',' ',37.37399652,-121.9741934
2377,2378,27.46841502131719,1.1122105331177607,Santa Clara County,0.21331864748034055,30.198473,66,0.019284825280918336,'Substation',' ',37.37593549,-121.9509503
2378,2379,-2.2356166981318215,0.9613151801966833,Riverside County,0.4300002176390891,0.0,500,0.0,'Substation',' ',33.57898011,-114.8159277
2379,2380,8.961893721692796,0.90999479045517,Los Angeles County,0.342298786114531,11.0300637,66,0.06418204756633199,'Substation',' ',34.00301487,-118.2343272
2380,2381,-0.729557786787137,0.9100356921863404,Los Angeles County,0.3423141714915424,1.33870515,66,0.5288660566017492,'Substation',' ',34.00326263,-118.2325784
2381,2382,5.302248966958159,0.71823422133841,San Bernardino County,0.34229980469439664,6.93459947,66,0.080574698048714,'Substation',' ',34.08661106,-117.3265084
2382,2383,7.938452783135617,0.5658485205228351,San Bernardino County,0.28022797392167,9.40220843,66,0.0436264822558512,'Substation',' ',34.5901071,-117.3712162
2383,2384,5.603766189570736,0.8440958417888759,Fresno County,0.4218763111513869,7.52216583,66,0.10759233203696132,'Substation',' ',36.68448148,-119.5536121
2384,2385,0.8986217265091272,0.15913822682714965,San Bernardino County,0.32706812863838863,1.31853132,66,0.10416062391325392,'Substation',' ',34.26865171,-116.8148676
2385,2386,0.5669853700536769,0.15913949431595753,San Bernardino County,0.3270707336390898,0.986898308,66,0.13916452340158383,'Substation',' ',34.25062959,-116.8270485
2386,2387,0.8677373042838038,0.1591544935829831,San Bernardino County,0.3271015608155314,1.28768982,66,0.10667718360868672,'Substation',' ',34.26634071,-116.8310392
2387,2388,1.3584464189560905,0.15914298212536676,San Bernardino County,0.3270779019437724,1.77836856,66,0.07723216433402241,'Substation',' ',34.26538392,-116.8496005
2388,2389,0.2998440726483326,0.15913764655277166,San Bernardino County,0.32706693603206977,0.719752135,66,0.19081297114668946,'Substation',' ',34.22430904,-116.857889
2389,2390,0.8296206472458274,0.15914784890391226,San Bernardino County,0.3270879043686021,1.24955563,66,0.109923600184273,'Substation',' ',34.22675718,-116.8637969
2390,2391,-0.5397655223034564,0.2045614805027536,San Bernardino County,0.42042406751335937,0.0,66,0.0,'Substation',' ',34.26184786,-116.8666181
2391,2392,0.16464851708800715,0.1591488233267471,San Bernardino County,0.32708990704677343,0.584586071,66,0.23496511854885294,'Substation',' ',34.2614109,-116.8821987
2392,2393,0.29184854155107276,0.15913799828503636,San Bernardino County,0.3270676589282329,0.711757532,66,0.19295707357410635,'Substation',' ',34.2526932,-116.8914217
2393,2394,1.8144418691729869,0.15913982512212962,San Bernardino County,0.3270714135269949,2.23435568,66,0.06146819188013001,'Substation',' ',34.24704552,-116.8853968
2394,2395,0.11665726615815603,0.15915663753243917,San Bernardino County,0.32710596715805795,0.536615439,66,0.2559949161160125,'Substation',' ',34.23620135,-116.8896699
2395,2396,-0.5397804462864403,0.20456713642542373,San Bernardino County,0.42043569182312024,0.0,66,0.0,'Substation',' ',34.2453792,-116.9003541
2396,2397,-1.2690699754870727,0.5031576317235212,San Bernardino County,0.2364921723855183,0.279529435,66,1.3101719993853986,'Substation',' ',34.24017994,-116.9104415
2397,2398,0.320926048681748,0.1591273060130366,San Bernardino County,0.32704568368404696,0.740806826,66,0.1853657270213069,'Substation',' ',34.3037656,-116.8201577
2398,2399,-2.3892219453781824,0.9630446406093908,Kern County,0.39747201580085756,0.0,230,0.0,'Substation',' ',35.20709103,-118.2479019
2399,2400,13.11518646237218,0.48073516928263577,Solano County,0.2086302228047478,14.8848655,230,0.02480429076857859,'Substation',' ',38.12482122,-121.8318147
2400,2401,-2.741347720764083,1.2889606368161965,Los Angeles County,0.43979960180171745,0.188108272,66,6.849106450317606,'Substation',' ',33.76483417,-118.0988825
2401,2402,0.0,0.0,Kings County,0.0,0.0,115,0.0,'Substation',' ',36.13838951,-119.577214
2402,2403,5.605371771063962,0.08855010268834818,Mendocino County,0.05834616563019354,6.61420647,115,0.008899274116190166,'Substation',' ',39.14379082,-123.1988789
2403,2404,6.146047550057993,0.44261579452267397,Riverside County,0.21803923461100908,7.40127161,66,0.03697852311287879,'Substation',' ',33.93260512,-116.5043504
2404,2405,-2.2189911587213422,0.084321664031411,Imperial County,0.03800000068810312,0.0,230,0.0,'Substation',' ',33.20491247,-115.5731889
2405,2406,0.0,0.0,Riverside County,0.0,0.0,115,0.0,'Substation',' ',33.91373651,-116.7196241
2406,2407,0.0,0.0,Riverside County,0.0,0.0,115,0.0,'Substation',' ',33.90196491,-116.5557961
2407,2408,1.2836303647093796,0.6974755037749669,,0.3345239303741734,2.90566642,115,0.1867419717176063,'Substation',' ',32.71983423,-114.7107632
2408,2409,0.0,0.0,Santa Clara County,0.0,0.0,66,0.0,'Substation',' ',37.36428512,-121.9442823
2409,2410,-2.2690007468060482,0.7021691058720761,Alameda County,0.2848065568867171,0.0,115,0.0,'AddedNode',' ',37.77204138,-122.2431428
2410,2411,-2.269000746806048,0.702169105872076,Alameda County,0.2848065568867171,0.0,115,0.0,'AddedNode',' ',37.77916592,-122.2914541
2411,2412,-2.2690007468060482,0.7021691058720761,Alameda County,0.2848065568867171,0.0,115,0.0,'AddedNode',' ',37.79654309,-122.2777623
2412,2413,-2.414335645347677,0.949928582489481,Orange County,0.36647872168226664,0.0,66,0.0,'AddedNode',' ',33.81821075,-117.9760117
2413,2414,-2.4065757369153666,0.9455673058408997,Orange County,0.3656444458441023,0.0,66,0.0,'AddedNode',' ',33.81790755,-117.9292006
2414,2415,-2.3524287463777136,0.9242924200449903,Orange County,0.357417592209052,0.0,66,0.0,'AddedNode',' ',33.84716816,-117.9057943
2415,2416,-2.4065833923923257,0.9455703137531846,Orange County,0.3656456089833243,0.0,66,0.0,'AddedNode',' ',33.81318375,-117.8983093
2416,2417,-2.404417650419096,0.9447193724047117,Orange County,0.365316555751591,0.0,66,0.0,'AddedNode',' ',33.82552884,-117.9024028
2417,2418,-2.4065757369153666,0.9455673058408997,Orange County,0.3656444458441023,0.0,66,0.0,'AddedNode',' ',33.81379695,-117.8983158
2418,2419,-2.4218699086198083,0.9562643646784142,Orange County,0.3667367514301305,0.0,66,0.0,'AddedNode',' ',33.86836439,-117.8312141
2419,2420,-2.3524287463777136,0.9242924200449901,Orange County,0.357417592209052,0.0,66,0.0,'AddedNode',' ',33.85793235,-117.8600204
2420,2421,-2.0856891822528167,0.8229323017739297,Orange County,0.3159855509241897,0.0,66,0.0,'AddedNode',' ',33.86519718,-117.8065639
2421,2422,-2.4065757369153666,0.9455673058408997,Orange County,0.3656444458441023,0.0,66,0.0,'AddedNode',' ',33.81746857,-117.9750924
2422,2423,-2.4065757369153666,0.9455673058408997,Orange County,0.3656444458441023,0.0,66,0.0,'AddedNode',' ',33.81780686,-117.9444128
2423,2424,-2.4065757369153666,0.9455673058408997,Orange County,0.3656444458441023,0.0,66,0.0,'AddedNode',' ',33.81782087,-117.9388531
2424,2425,-2.4065757369153666,0.9455673058408997,Orange County,0.3656444458441023,0.0,66,0.0,'AddedNode',' ',33.81788485,-117.9327062
2425,2426,-2.4143436416105737,0.9499317286463518,Orange County,0.36647993545724883,0.0,66,0.0,'AddedNode',' ',33.83716371,-117.9722592
2426,2427,-2.3730982420355913,0.9350537056389616,Orange County,0.35986452504209515,0.0,66,0.0,'AddedNode',' ',33.83773872,-117.9677759
2427,2428,-2.089456067587275,0.8209678649190595,Orange County,0.3174626895091207,0.0,66,0.0,'AddedNode',' ',33.84682466,-117.9236109
2428,2429,-2.089456067587275,0.8209678649190595,Orange County,0.3174626895091207,0.0,66,0.0,'AddedNode',' ',33.85078004,-117.923438
2429,2430,-2.089456067587275,0.8209678649190595,Orange County,0.3174626895091207,0.0,66,0.0,'AddedNode',' ',33.85251418,-117.9199917
2430,2431,-2.089470129381513,0.8209733899364893,Orange County,0.31746482599578213,0.0,66,0.0,'AddedNode',' ',33.82741757,-117.9287582
2431,2432,-2.089470129381513,0.8209733899364893,Orange County,0.31746482599578213,0.0,66,0.0,'AddedNode',' ',33.82939938,-117.9194915
2432,2433,-2.316630921713764,0.9102271022146683,Orange County,0.3519786294700478,0.0,66,0.0,'AddedNode',' ',33.81795501,-117.9060452
2433,2434,-2.316630921713764,0.9102271022146683,Orange County,0.3519786294700478,0.0,66,0.0,'AddedNode',' ',33.81035559,-117.9016493
2434,2435,-2.316630921713764,0.9102271022146683,Orange County,0.3519786294700478,0.0,66,0.0,'AddedNode',' ',33.80718138,-117.9022874
2435,2436,-2.4024207985769723,0.943934789651899,Orange County,0.36501316293745845,0.0,66,0.0,'AddedNode',' ',33.82497397,-117.9023643
2436,2437,-2.316630921713764,0.9102271022146683,Orange County,0.3519786294700478,0.0,66,0.0,'AddedNode',' ',33.81094033,-117.90185
2437,2438,-2.316630921713764,0.9102271022146683,Orange County,0.3519786294700478,0.0,66,0.0,'AddedNode',' ',33.81796374,-117.9039588
2438,2439,-2.316630921713764,0.9102271022146683,Orange County,0.3519786294700478,0.0,66,0.0,'AddedNode',' ',33.80468917,-117.9022983
2439,2440,-2.3524287463777136,0.9242924200449901,Orange County,0.357417592209052,0.0,66,0.0,'AddedNode',' ',33.85919895,-117.8549927
2440,2441,-2.3524287463777136,0.9242924200449901,Orange County,0.357417592209052,0.0,66,0.0,'AddedNode',' ',33.85446865,-117.8749477
2441,2442,-2.3524287463777136,0.9242924200449901,Orange County,0.357417592209052,0.0,66,0.0,'AddedNode',' ',33.85388744,-117.8765408
2442,2443,-2.3524287463777136,0.9242924200449901,Orange County,0.357417592209052,0.0,66,0.0,'AddedNode',' ',33.85282342,-117.8809189
2443,2444,-2.3524287463777136,0.9242924200449901,Orange County,0.357417592209052,0.0,66,0.0,'AddedNode',' ',33.85118011,-117.880653
2444,2445,-2.3524287463777136,0.9242924200449901,Orange County,0.357417592209052,0.0,66,0.0,'AddedNode',' ',33.84715568,-117.8871492
2445,2446,-2.3524287463777136,0.9242924200449903,Orange County,0.357417592209052,0.0,66,0.0,'AddedNode',' ',33.82772189,-117.8993493
2446,2447,-2.406575736915367,0.9455673058408999,Orange County,0.3656444458441024,0.0,66,0.0,'AddedNode',' ',33.81334919,-117.8978326
2447,2448,-2.329440792731455,0.9197023758242243,Orange County,0.3527580176676516,0.0,66,0.0,'AddedNode',' ',33.85762762,-117.7704809
2448,2449,-2.356445470585512,0.9328464031371868,Orange County,0.3561954433079381,0.0,66,0.0,'AddedNode',' ',33.86144081,-117.773605
2449,2450,-2.356445470585512,0.9328464031371868,Orange County,0.3561954433079382,0.0,66,0.0,'AddedNode',' ',33.85969368,-117.7929253
2450,2451,-2.356445470585512,0.9328464031371868,Orange County,0.3561954433079381,0.0,66,0.0,'AddedNode',' ',33.86340338,-117.7747162
2451,2452,-2.356445470585512,0.9328464031371868,Orange County,0.3561954433079382,0.0,66,0.0,'AddedNode',' ',33.8592124,-117.7883836
2452,2453,-2.4077172370035944,0.9578019868262503,Orange County,0.3627218268278891,0.0,66,0.0,'AddedNode',' ',33.85535778,-117.8352074
2453,2454,-2.4077172370035935,0.9578019868262503,Orange County,0.36272182682788906,0.0,66,0.0,'AddedNode',' ',33.85366616,-117.8467354
2454,2455,-2.4065807294673034,0.9456208163757501,Orange County,0.365631663254437,0.0,66,0.0,'AddedNode',' ',33.85049902,-117.8593125
2455,2456,-2.4065757369153666,0.9455673058408997,Orange County,0.3656444458441023,0.0,66,0.0,'AddedNode',' ',33.83836233,-117.8785415
2456,2457,-2.2821842930143257,0.8967011489125821,Orange County,0.34674273747524387,0.0,66,0.0,'AddedNode',' ',33.8579114,-117.7912907
2457,2458,-2.4272271514997112,0.9576438073868314,Orange County,0.3677412775872874,0.0,66,0.0,'AddedNode',' ',33.8577673,-117.8072684
2458,2459,-2.064531553183133,0.8927305904994133,Riverside County,0.43215012635493183,0.0,230,0.0,'AddedNode',' ',33.59107725,-114.9020467
2459,2460,-0.5397386923242189,0.2045513124204143,San Bernardino County,0.42040316960762747,0.0,66,0.0,'AddedNode',' ',34.26510015,-116.8149259
2460,2461,-0.5397969448703691,0.204573389093694,San Bernardino County,0.42044854259160575,0.0,66,0.0,'AddedNode',' ',34.26643367,-116.8312401
2461,2462,-0.5397386923242189,0.2045513124204143,San Bernardino County,0.42040316960762747,0.0,66,0.0,'AddedNode',' ',34.26123927,-116.8263422
2462,2463,-0.5397655223034565,0.20456148050275363,San Bernardino County,0.4204240675133594,0.0,66,0.0,'AddedNode',' ',34.26118322,-116.8312597
2463,2464,-0.5397655223034564,0.2045614805027536,San Bernardino County,0.42042406751335937,0.0,66,0.0,'AddedNode',' ',34.25779169,-116.8662346
2464,2465,-0.5398119653951251,0.2045790816039694,San Bernardino County,0.4204602420978787,0.0,66,0.0,'AddedNode',' ',34.27264762,-116.8401627
2465,2466,-0.5397732802893923,0.20456442064068975,San Bernardino County,0.42043011021869736,0.0,66,0.0,'AddedNode',' ',34.26864519,-116.849682
2466,2467,-0.539792704979197,0.2045717822507603,San Bernardino County,0.42044524013485624,0.0,66,0.0,'AddedNode',' ',34.26532955,-116.8662641
2467,2468,-0.5397749443860217,0.20456505130355382,San Bernardino County,0.4204314063857266,0.0,66,0.0,'AddedNode',' ',34.26109751,-116.88206
2468,2469,-0.5397749443860216,0.2045650513035538,San Bernardino County,0.4204314063857266,0.0,66,0.0,'AddedNode',' ',34.25004665,-116.8833785
2469,2470,-0.5397749443860216,0.2045650513035538,San Bernardino County,0.4204314063857266,0.0,66,0.0,'AddedNode',' ',34.24767747,-116.8857141
2470,2471,-0.5397749443860216,0.2045650513035538,San Bernardino County,0.4204314063857266,0.0,66,0.0,'AddedNode',' ',34.24719681,-116.8857698
2471,2472,-0.5397749443860216,0.2045650513035538,San Bernardino County,0.4204314063857266,0.0,66,0.0,'AddedNode',' ',34.23715608,-116.8896861
2472,2473,-0.5397923278823464,0.2045716393377975,San Bernardino County,0.4204449464136286,0.0,66,0.0,'AddedNode',' ',34.23679325,-116.8745793
2473,2474,-0.5397749443860216,0.2045650513035538,San Bernardino County,0.4204314063857266,0.0,66,0.0,'AddedNode',' ',34.23715814,-116.8886273
2474,2475,-0.5397655223034566,0.20456148050275363,San Bernardino County,0.4204240675133594,0.0,66,0.0,'AddedNode',' ',34.24836087,-116.8663019
2475,2476,-0.5397923278823464,0.2045716393377975,San Bernardino County,0.42044494641362856,0.0,66,0.0,'AddedNode',' ',34.22815222,-116.8619056
2476,2477,-1.9902488195622272,0.6466545678694895,San Bernardino County,0.3039380382935473,0.0,66,0.0,'AddedNode',' ',34.23990546,-116.9097129
2477,2478,-2.2735777231482706,0.585401327447158,Tuolumne County,0.2541505817580221,0.0,115,0.0,'AddedNode',' ',37.80942383,-120.2983713
2478,2479,2.95362855569134,0.4554166896071896,Tuolumne County,0.19771806311188733,4.72237282,115,0.07405444326595298,'AddedNode',' ',37.87759055,-119.9534131
2479,2480,-0.1875799693239657,0.45540326330425346,Tuolumne County,0.1977122341146813,1.58111215,115,0.22116841640396714,'AddedNode',' ',37.87748985,-119.9532383
2480,2481,4.223435040862746,0.13514545949949164,Tuolumne County,0.059463283176357004,5.71279936,115,0.015502468523876298,'AddedNode',' ',37.80942061,-120.2989394
2481,2482,0.8720656872191124,0.13514975184930342,Stanislaus County,0.05946517178743798,2.36147731,115,0.03750538598690675,'AddedNode',' ',37.6912574,-121.0207952
2482,2483,4.710395354528464,0.4554175473157912,Stanislaus County,0.1977184354840188,6.47914295,115,0.05397534983276643,'AddedNode',' ',37.69115509,-121.0208128
2483,2484,0.3041597659927504,0.5656769130818285,Stanislaus County,0.22121433506525418,2.17527627,115,0.1902828615252566,'AddedNode',' ',37.69112818,-121.0212994
2484,2485,0.03801075908967855,0.4554205251876926,Tuolumne County,0.19771972831996,1.80676992,115,0.19356010795144804,'AddedNode',' ',37.89662992,-119.9685839
2485,2486,-1.9145456167042327,0.17372656493618238,Stanislaus County,0.07643876430857707,0.0,115,0.0,'AddedNode',' ',37.71957544,-120.9215648
2486,2487,-1.9144611140503869,0.17371889713466718,Stanislaus County,0.07643539051670478,0.0,115,0.0,'AddedNode',' ',37.71965239,-120.9213782
2487,2488,2.066867373501088,0.5656601531855214,San Joaquin County,0.22120778091882964,3.93792844,115,0.10510431380105094,'AddedNode',' ',37.61726781,-121.356183
2488,2489,-2.405126354412534,0.7271190483447107,San Joaquin County,0.2843481023762195,0.0,115,0.0,'AddedNode',' ',37.62399747,-121.354482
2489,2490,-1.0731806554899488,0.22070931714068684,Imperial County,0.15248089276811097,0.0,115,0.0,'AddedNode',' ',32.79996284,-115.5788951
2490,2491,-1.7042326090913464,0.36819038809711513,Imperial County,0.18334667985135084,0.0,115,0.0,'AddedNode',' ',32.76690154,-115.2721584
2491,2492,-1.202926901698087,0.38480389749242866,Imperial County,0.2552113616483802,0.0,115,0.0,'AddedNode',' ',32.79632423,-115.5356139
2492,2493,-1.3925654039856477,0.052917485351454616,Imperial County,0.03785130575540378,0.0,115,0.0,'AddedNode',' ',33.2344301,-115.5018192
2493,2494,-1.3820258737700688,0.5311325146661756,Imperial County,0.34485954742163544,0.0,115,0.0,'AddedNode',' ',33.18028155,-115.4499616
2494,2495,-2.7008816202879444,1.1620820629937407,Imperial County,0.43047352777958364,0.0,115,0.0,'AddedNode',' ',32.81858516,-115.5779858
2495,2496,1.3421289215583125,0.9040418450025837,Imperial County,0.3348869194969426,3.44328002,115,0.20435399231769535,'AddedNode',' ',32.81826566,-115.5525336
2496,2497,-2.084979295681142,0.8965410971428909,Imperial County,0.4299999784006431,0.0,115,0.0,'AddedNode',' ',32.75011181,-114.714923
2497,2498,-2.0849792956811415,0.8965410971428909,Imperial County,0.429999978400643,0.0,115,0.0,'AddedNode',' ',32.75186664,-115.2725516
2498,2499,-0.943933382943697,0.03586946855186049,Imperial County,0.03800000185745628,0.0,66,0.0,'AddedNode',' ',32.70943655,-115.5167914
2499,2500,-1.3925654039856477,0.052917485351454616,Riverside County,0.03785130575540378,0.0,115,0.0,'AddedNode',' ',33.55500362,-116.0600851
2500,2501,1.458332593138456,0.04116717144073865,Riverside County,0.02944643312015756,2.54167921,115,0.012551030662662738,'AddedNode',' ',33.55580048,-116.060288
2501,2502,3.380670203922148,0.6974605186134764,Imperial County,0.3345167431753513,5.00267141,115,0.10845936429065901,'AddedNode',' ',32.72010691,-114.7218834
2502,2503,0.0,0.0,Imperial County,0.0,0.0,115,0.0,'AddedNode',' ',32.70653301,-115.1263193
2503,2504,-1.5684142395467777,0.5718358280986464,Riverside County,0.33576349972886776,0.0,115,0.0,'AddedNode',' ',33.67147743,-116.1576905
2504,2505,-1.8112396999309568,0.23510031169699308,Riverside County,0.12627265861740428,0.0,230,0.0,'AddedNode',' ',33.82983924,-116.3708015
2505,2506,-2.4133573986183534,0.9908899383080692,Imperial County,0.3758921986328813,0.0,115,0.0,'AddedNode',' ',33.02412101,-115.977033
2506,2507,-1.5314017179828208,0.4018996948548956,Riverside County,0.21838983016273353,0.0,115,0.0,'AddedNode',' ',33.79797319,-116.2868134
2507,2508,-1.5436376696575105,0.40511088704997456,Riverside County,0.22013477231392486,0.0,115,0.0,'AddedNode',' ',33.7426891,-116.2553576
2508,2509,-1.660234305181423,0.5849619576064218,Riverside County,0.30761147654759774,0.0,115,0.0,'AddedNode',' ',33.72633159,-116.2540848
2509,2510,1.649168954111788,0.45507736245371977,Riverside County,0.23930961250981414,2.94076585,115,0.10510580183522152,'AddedNode',' ',33.69967154,-116.2428683
2510,2511,-1.660234305181423,0.5849619576064218,Riverside County,0.3076114765475978,0.0,115,0.0,'AddedNode',' ',33.69984601,-116.2426567
2511,2512,0.8093646296919339,0.45508334316971666,Riverside County,0.23931275756370127,2.1009785,115,0.14712177064684295,'AddedNode',' ',33.68578049,-116.2168422
2512,2513,0.674853905313288,0.2584130535070781,Riverside County,0.14392826028848602,1.85409893,115,0.0915413315388792,'AddedNode',' ',33.68579229,-116.216862
2513,2514,-0.052253233315699976,0.45506336672209025,Riverside County,0.2393022526334735,1.23930394,115,0.24939204258429817,'AddedNode',' ',33.73144574,-116.2341821
2514,2515,-1.660234305181423,0.5849619576064218,Riverside County,0.30761147654759785,0.0,115,0.0,'AddedNode',' ',33.73159988,-116.2341831
2515,2516,-1.5408401247935162,0.4008000543857293,Riverside County,0.218038000362279,0.0,115,0.0,'AddedNode',' ',33.7348028,-116.2428934
2516,2517,-1.4931251230927776,0.3271949546100843,Riverside County,0.18223770027511282,0.0,115,0.0,'AddedNode',' ',33.74385946,-116.2428608
2517,2518,-1.660234305181423,0.5849619576064218,Riverside County,0.30761147654759785,0.0,115,0.0,'AddedNode',' ',33.70959566,-116.233964
2518,2519,-1.660234305181423,0.5849619576064218,Riverside County,0.3076114765475978,0.0,115,0.0,'AddedNode',' ',33.69994323,-116.2340125
2519,2520,-1.4931251230927778,0.3271949546100844,Riverside County,0.18223770027511285,0.0,115,0.0,'AddedNode',' ',33.74373808,-116.1991317
2520,2521,-1.5158313604752778,0.33217067043913967,Riverside County,0.18500902360126287,0.0,115,0.0,'AddedNode',' ',33.67706191,-116.1716014
2521,2522,-1.4931251230927778,0.32719495461008435,Riverside County,0.18223770027511285,0.0,115,0.0,'AddedNode',' ',33.72932785,-116.1991432
2522,2523,-1.5158342531507287,0.3321713043236001,Riverside County,0.1850093766557482,0.0,115,0.0,'AddedNode',' ',33.7293941,-116.1637061
2523,2524,-1.660234305181423,0.5849619576064218,Riverside County,0.3076114765475978,0.0,115,0.0,'AddedNode',' ',33.69966638,-116.2699724
2524,2525,-1.660234305181423,0.5849619576064218,Riverside County,0.3076114765475978,0.0,115,0.0,'AddedNode',' ',33.67108916,-116.2649942
2525,2526,-1.660234305181423,0.5849619576064219,Riverside County,0.3076114765475978,0.0,115,0.0,'AddedNode',' ',33.6996825,-116.2471187
2526,2527,-1.660234305181423,0.5849619576064219,Riverside County,0.3076114765475978,0.0,115,0.0,'AddedNode',' ',33.6712737,-116.2513763
2527,2528,-1.3925654039856477,0.052917485351454616,Riverside County,0.03785130575540378,0.0,115,0.0,'AddedNode',' ',33.63873199,-116.1358341
2528,2529,-1.3925654039856477,0.052917485351454616,Riverside County,0.037851305755403776,0.0,115,0.0,'AddedNode',' ',33.66956062,-116.1571808
2529,2530,-1.3925654039856477,0.052917485351454616,Riverside County,0.03785130575540378,0.0,115,0.0,'AddedNode',' ',33.65677866,-116.1439949
2530,2531,-1.6632149391736417,0.30160743207392654,Riverside County,0.1274780180031678,0.0,115,0.0,'AddedNode',' ',33.65678785,-116.1730042
2531,2532,-2.056947602636065,0.6633966072934974,Riverside County,0.25786513112292986,0.0,115,0.0,'AddedNode',' ',33.52524292,-116.1389426
2532,2533,-1.3925654039856477,0.052917485351454616,Riverside County,0.03785130575540378,0.0,115,0.0,'AddedNode',' ',33.52518812,-116.1131957
2533,2534,-1.3925654039856477,0.052917485351454616,Riverside County,0.03785130575540378,0.0,115,0.0,'AddedNode',' ',33.56943413,-116.1125955
2534,2535,-2.0569520450380088,0.6633980400350871,Riverside County,0.2578656880357838,0.0,115,0.0,'AddedNode',' ',33.62743381,-116.1813332
2535,2536,-2.413357398618353,0.990889938308069,Imperial County,0.3758921986328812,0.0,115,0.0,'AddedNode',' ',33.41208471,-116.0502532
2536,2537,-2.413357398618353,0.990889938308069,Riverside County,0.3758921986328812,0.0,115,0.0,'AddedNode',' ',33.43710288,-116.0715527
2537,2538,-2.2905463177114083,0.9177687989064282,Imperial County,0.3525788348409887,0.0,115,0.0,'AddedNode',' ',32.79662143,-115.6903145
2538,2539,-2.7615627246048877,1.1874719715801016,Imperial County,0.42999967316888654,0.0,115,0.0,'AddedNode',' ',32.81115955,-115.6810845
2539,2540,-0.9439359103344805,0.03586956459271026,Imperial County,0.03800010360282963,0.0,66,0.0,'AddedNode',' ',32.76708087,-115.5403885
2540,2541,-1.2072014474801078,0.3479855727721511,Imperial County,0.2316472002430085,0.0,115,0.0,'AddedNode',' ',32.80010951,-115.5537209
2541,2542,-0.7676494768426216,0.02917068012001962,Imperial County,0.037332771978620935,0.0,115,0.0,'AddedNode',' ',32.7977246,-115.50983
2542,2543,-0.7676494768426216,0.02917068012001962,Imperial County,0.037332771978620935,0.0,115,0.0,'AddedNode',' ',32.81100009,-115.5097465
2543,2544,-0.7676494768426214,0.029170680120019617,Imperial County,0.037332771978620935,0.0,115,0.0,'AddedNode',' ',32.91296016,-115.5356477
2544,2545,-2.7615627246048877,1.1874719715801016,Imperial County,0.42999967316888654,0.0,115,0.0,'AddedNode',' ',32.8038179,-115.6548296
2545,2546,-1.947932816690602,0.7215889060751293,Imperial County,0.29626354712854686,0.0,115,0.0,'AddedNode',' ',32.79965875,-115.6548173
2546,2547,-0.9439326758222761,0.03586944168124649,Imperial County,0.037999973390812555,0.0,66,0.0,'AddedNode',' ',32.76688597,-115.5382905
2547,2548,-0.9439359103344805,0.03586956459271026,Imperial County,0.03800010360282963,0.0,66,0.0,'AddedNode',' ',32.77425337,-115.5432916
2548,2549,-0.9439359103344805,0.03586956459271026,Imperial County,0.038000103602829634,0.0,66,0.0,'AddedNode',' ',32.7815271,-115.5462175
2549,2550,-0.9439359103344805,0.03586956459271026,Imperial County,0.03800010360282963,0.0,66,0.0,'AddedNode',' ',32.75250849,-115.5776647
2550,2551,-0.7946204350239263,0.030195576530909193,Imperial County,0.036602729593556704,0.0,66,0.0,'AddedNode',' ',32.79649393,-115.5948671
2551,2552,-0.9439359103344807,0.03586956459271026,Imperial County,0.038000103602829634,0.0,66,0.0,'AddedNode',' ',32.79172379,-115.5488578
2552,2553,-0.9439359103344805,0.03586956459271026,Imperial County,0.03800010360282963,0.0,66,0.0,'AddedNode',' ',32.78157591,-115.5437454
2553,2554,-0.9439359103344805,0.03586956459271026,Imperial County,0.03800010360282963,0.0,66,0.0,'AddedNode',' ',32.78159516,-115.53553
2554,2555,-1.382051076204078,0.5311422003257608,Imperial County,0.34486583623297484,0.0,115,0.0,'AddedNode',' ',32.79843491,-115.5385224
2555,2556,-1.2629228603568718,0.43381853658957475,Imperial County,0.28524028524614137,0.0,115,0.0,'AddedNode',' ',32.79611757,-115.5382718
2556,2557,-0.9067554497089044,0.03445670708893835,Imperial County,0.0379241598448343,0.0,66,0.0,'AddedNode',' ',32.79622454,-115.5378901
2557,2558,1.809418742382248,0.027813635549474556,Imperial County,0.029557331518486864,2.54135652,66,0.008512826663121004,'AddedNode',' ',32.79828393,-115.5487171
2558,2559,-0.7724891604056101,0.02935458809541318,Imperial County,0.03756813826018068,0.0,66,0.0,'AddedNode',' ',32.84750031,-115.5102118
2559,2560,-0.7676494768426214,0.029170680120019617,Imperial County,0.037332771978620935,0.0,115,0.0,'AddedNode',' ',32.81176788,-115.5357961
2560,2561,-0.7724891604056101,0.02935458809541318,Imperial County,0.03756813826018068,0.0,66,0.0,'AddedNode',' ',32.84759396,-115.5356059
2561,2562,-0.7458649685404093,0.028342868804535556,Imperial County,0.03627333521008706,0.0,66,0.0,'AddedNode',' ',32.84758741,-115.5693576
2562,2563,-0.7344189600736093,0.027907920482797156,Imperial County,0.03571668632664881,0.0,66,0.0,'AddedNode',' ',32.85361028,-115.5693358
2563,2564,-0.7344407271504385,0.027908747631716663,Imperial County,0.03571774491567989,0.0,66,0.0,'AddedNode',' ',32.91264623,-115.570511
2564,2565,-0.7344099319370081,0.027907577413606305,Imperial County,0.035716247265104056,0.0,66,0.0,'AddedNode',' ',32.9125036,-115.5704669
2565,2566,-0.7344407271504385,0.027908747631716663,Imperial County,0.03571774491567989,0.0,66,0.0,'AddedNode',' ',32.95603933,-115.5369316
2566,2567,-0.7733676159447139,0.029387969405899127,Imperial County,0.03761085981646912,0.0,115,0.0,'AddedNode',' ',32.96189199,-115.5350426
2567,2568,-0.7723431088384316,0.0293490381358604,Imperial County,0.03756103539615345,0.0,66,0.0,'AddedNode',' ',32.95629134,-115.5178898
2568,2569,-0.9439359103344805,0.03586956459271026,Imperial County,0.03800010360282963,0.0,66,0.0,'AddedNode',' ',32.77337942,-115.5429353
2569,2570,-0.9439326758222761,0.03586944168124649,Imperial County,0.037999973390812555,0.0,66,0.0,'AddedNode',' ',32.76695835,-115.5692343
2570,2571,-0.7426350863465259,0.02822013328116798,Imperial County,0.03611625771690879,0.0,66,0.0,'AddedNode',' ',32.82564471,-115.5948491
2571,2572,-0.7344797578983506,0.027910230800137322,Imperial County,0.035719643081517184,0.0,66,0.0,'AddedNode',' ',32.85452076,-115.5649616
2572,2573,-0.7343785759507133,0.027906385886127105,Imperial County,0.03571472234269896,0.0,66,0.0,'AddedNode',' ',32.91232648,-115.5514067
2573,2574,0.7378677153532736,0.021954276736575604,Imperial County,0.028097185392658174,1.31561184,66,0.0123387334213396,'AddedNode',' ',32.75249178,-115.63767
2574,2575,-0.9200206480496868,0.03496078462588809,Imperial County,0.03790294309272389,0.0,115,0.0,'AddedNode',' ',32.7811725,-115.3487195
2575,2576,-0.8940946203207899,0.033975595572190015,Imperial County,0.03599363879575623,0.0,115,0.0,'AddedNode',' ',32.67368788,-115.3920299
2576,2577,-0.8940946203207899,0.033975595572190015,Imperial County,0.03599363879575623,0.0,115,0.0,'AddedNode',' ',32.67500123,-115.3730251
2577,2578,-0.9078498937963599,0.03449829596426167,Imperial County,0.036547385942606175,0.0,115,0.0,'AddedNode',' ',32.69430132,-115.2897258
2578,2579,-0.9439350427439495,0.035869531624270076,Imperial County,0.03800006867616808,0.0,66,0.0,'AddedNode',' ',32.68593785,-115.5076148
2579,2580,-0.9142817367605761,0.03474270599690189,Imperial County,0.036806313160356305,0.0,66,0.0,'AddedNode',' ',32.67919961,-115.5055239
2580,2581,-0.8940946203207899,0.033975595572190015,Imperial County,0.03599363879575623,0.0,115,0.0,'AddedNode',' ',32.67302416,-115.3976163
2581,2582,-0.7724891604056101,0.02935458809541318,Imperial County,0.03756813826018068,0.0,66,0.0,'AddedNode',' ',32.95605807,-115.5179859
2582,2583,-0.943942209208928,0.03586980394993927,Imperial County,0.03800035717712315,0.0,66,0.0,'AddedNode',' ',32.69401881,-115.5165367
2583,2584,-0.9439281574313704,0.03586926998239207,Imperial County,0.0379997914935877,0.0,66,0.0,'AddedNode',' ',32.67932689,-115.5232915
2584,2585,-0.9439326758222761,0.03586944168124649,Imperial County,0.037999973390812555,0.0,66,0.0,'AddedNode',' ',32.69376718,-115.5340388
2585,2586,-0.9275489634389122,0.035246860610678665,Imperial County,0.03734041296817096,0.0,66,0.0,'AddedNode',' ',32.79575972,-115.3413999
2586,2587,2.2462519112550376,0.02742000803230856,Imperial County,0.029048670031247135,2.96783107,66,0.00706270484721602,'AddedNode',' ',32.81065196,-115.2804462
2587,2588,-1.8873688477107007,0.44600916568280585,Imperial County,0.21731201091482766,0.0,115,0.0,'AddedNode',' ',32.76529069,-115.2655652
2588,2589,-1.8077234113168574,0.6934975670920752,Imperial County,0.33732713994318797,0.0,115,0.0,'AddedNode',' ',32.78640039,-115.2465444
2589,2590,-1.807720154979692,0.6934963178623049,Imperial County,0.3373265322999523,0.0,115,0.0,'AddedNode',' ',32.76021649,-115.2465053
2590,2591,-1.8077234113168574,0.6934975670920752,Imperial County,0.33732713994318797,0.0,115,0.0,'AddedNode',' ',32.76096191,-115.2465147
2591,2592,-1.8077181279395051,0.6934955402281663,Imperial County,0.33732615404758,0.0,115,0.0,'AddedNode',' ',32.76032856,-115.2444741
2592,2593,-2.413357398618353,0.990889938308069,Imperial County,0.3758921986328812,0.0,115,0.0,'AddedNode',' ',32.85027775,-115.7186513
2593,2594,-2.2905463177114083,0.9177687989064282,Imperial County,0.3525788348409887,0.0,115,0.0,'AddedNode',' ',32.82728787,-115.7701771
2594,2595,-0.7343961019999251,0.027907051875997152,Imperial County,0.0357155746796296,0.0,66,0.0,'AddedNode',' ',32.97851345,-115.5415501
2595,2596,-0.7733697075802983,0.029388048888051337,Imperial County,0.037610961538096885,0.0,115,0.0,'AddedNode',' ',33.00114517,-115.5094312
2596,2597,-0.7732143309996751,0.029382144577987657,Imperial County,0.037603405174639074,0.0,115,0.0,'AddedNode',' ',33.1258874,-115.5018568
2597,2598,-1.813741992582024,0.0689221957181169,Imperial County,0.03799998867684487,0.0,115,0.0,'AddedNode',' ',33.16438131,-115.6141011
2598,2599,-1.813741992582024,0.0689221957181169,Imperial County,0.03799998867684487,0.0,115,0.0,'AddedNode',' ',33.16217182,-115.6141328
2599,2600,-1.813744036771645,0.06892227339732251,Imperial County,0.03800003150497741,0.0,115,0.0,'AddedNode',' ',33.17646954,-115.6069895
2600,2601,-1.9339043696396339,0.0734883660463061,Imperial County,0.037859502026248375,0.0,115,0.0,'AddedNode',' ',33.17654455,-115.5658403
2601,2602,-1.8873372890188387,0.07171881698271587,Imperial County,0.03799999992236807,0.0,115,0.0,'AddedNode',' ',33.17665857,-115.6059038
2602,2603,-1.8316312194741646,0.06960198634001825,Imperial County,0.03800000634717495,0.0,115,0.0,'AddedNode',' ',33.17687487,-115.5450383
2603,2604,-1.7396657866633554,0.0661072998932075,Imperial County,0.03800001695392125,0.0,115,0.0,'AddedNode',' ',33.13303543,-115.545035
2604,2605,-1.7681076822341235,0.06718809192489669,Imperial County,0.0379999815172862,0.0,115,0.0,'AddedNode',' ',33.14740192,-115.6144622
2605,2606,-1.7396657866633554,0.0661072998932075,Imperial County,0.03800001695392125,0.0,115,0.0,'AddedNode',' ',33.13309704,-115.5972197
2606,2607,-0.7665621925002222,0.029129363315008438,Imperial County,0.03727989453956154,0.0,66,0.0,'AddedNode',' ',33.12644162,-115.509471
2607,2608,-0.7665713065077937,0.029129709647296158,Imperial County,0.03728033777723283,0.0,66,0.0,'AddedNode',' ',33.00092953,-115.5439412
2608,2609,-0.766604746191379,0.029130980355272403,Imperial County,0.03728196403520601,0.0,66,0.0,'AddedNode',' ',33.03728453,-115.5440425
2609,2610,-0.7665713065077937,0.029129709647296158,Imperial County,0.03728033777723283,0.0,66,0.0,'AddedNode',' ',32.9863855,-115.5267247
2610,2611,-1.8760891385519416,0.07129138726497378,Imperial County,0.037938929420144485,0.0,115,0.0,'AddedNode',' ',33.19103581,-115.5448337
2611,2612,-1.0286221695063498,0.039087642441241285,Imperial County,0.03770187555896893,0.0,115,0.0,'AddedNode',' ',33.13302181,-115.5018236
2612,2613,-1.3925654039856477,0.052917485351454616,Imperial County,0.03785130575540378,0.0,115,0.0,'AddedNode',' ',33.24190237,-115.501826
2613,2614,-2.0848333990689656,0.8964783615996551,Imperial County,0.4299698891138025,0.0,66,0.0,'AddedNode',' ',32.75291237,-114.6159853
2614,2615,-2.0848333990689656,0.8964783615996551,Imperial County,0.4299698891138025,0.0,66,0.0,'AddedNode',' ',32.77469128,-114.6163901
2615,2616,-2.4133573986183534,0.9908899383080692,Imperial County,0.3758921986328813,0.0,115,0.0,'AddedNode',' ',33.32537658,-115.9992559
2616,2617,-0.943933382943697,0.03586946855186049,Imperial County,0.03800000185745628,0.0,66,0.0,'AddedNode',' ',32.71464196,-115.5168794
2617,2618,-1.3925654039856477,0.052917485351454616,Riverside County,0.03785130575540378,0.0,115,0.0,'AddedNode',' ',33.52294386,-115.9218127
2618,2619,-1.3820258737700684,0.5311325146661755,Riverside County,0.3448595474216354,0.0,115,0.0,'AddedNode',' ',33.58421959,-116.0954576
2619,2620,-1.0611436394970541,0.040323458300888064,Imperial County,0.037757728460422385,0.0,115,0.0,'AddedNode',' ',33.16906599,-115.5019491
2620,2621,-0.7343785759507133,0.027906385886127105,Imperial County,0.03571472234269896,0.0,66,0.0,'AddedNode',' ',32.91251786,-115.5681634
2621,2622,-1.8374528237818992,0.2947247751584881,Imperial County,0.1457307610548495,0.0,230,0.0,'AddedNode',' ',33.19124295,-115.4319016
2622,2623,-2.1445793730965725,0.9244037601729279,Riverside County,0.4305218177164659,0.0,230,0.0,'AddedNode',' ',33.830069,-116.369271
2623,2624,0.7262103719330324,0.923801236268796,Imperial County,0.33452093116776355,2.87458534,230,0.2500104570961446,'AddedNode',' ',32.73431243,-115.7171473
2624,2625,-2.4941939252388563,1.0219838490092221,Los Angeles County,0.39896276046013646,0.0,115,0.0,'AddedNode',' ',34.01279284,-118.3667153
2625,2626,-4.661149668203701,2.0042943573275913,Los Angeles County,0.42943091782835957,0.0,500,0.0,'AddedNode',' ',34.5350775,-117.6871419
2626,2627,-4.508471406338974,1.9348712767489824,Los Angeles County,0.42642623353256004,0.0,230,0.0,'AddedNode',' ',34.1743356,-118.3598441
2627,2628,-4.508471406338974,1.9348712767489824,Los Angeles County,0.42642623353256004,0.0,230,0.0,'AddedNode',' ',34.15221309,-118.3264922
2628,2629,-4.753701455547611,2.062872611856162,Los Angeles County,0.4303501163153874,0.0,230,0.0,'AddedNode',' ',34.17710022,-118.3629079
2629,2630,-4.181405476769655,1.7810249003240992,Los Angeles County,0.4202701602831561,0.0,230,0.0,'AddedNode',' ',34.23015757,-118.5435128
2630,2631,-4.181405476769654,1.781024900324099,Los Angeles County,0.4202701602831561,0.0,230,0.0,'AddedNode',' ',34.23011942,-118.5433101
2631,2632,-4.181405476769655,1.7810249003240992,Los Angeles County,0.4202701602831561,0.0,230,0.0,'AddedNode',' ',34.2300359,-118.5428957
2632,2633,-4.181405476769655,1.7810249003240994,Los Angeles County,0.42027016028315617,0.0,230,0.0,'AddedNode',' ',34.2285077,-118.5437736
2633,2634,-2.8277736521174544,1.1513624337147679,Los Angeles County,0.3937869949627559,0.0,230,0.0,'AddedNode',' ',34.33336914,-118.490631
2634,2635,-2.827773691150807,1.1513624496076722,Los Angeles County,0.3937870003984195,0.0,230,0.0,'AddedNode',' ',34.31939041,-118.4831769
2635,2636,-2.827781976800958,1.1513658232109008,Los Angeles County,0.39378815423238067,0.0,230,0.0,'AddedNode',' ',34.31547475,-118.4801522
2636,2637,0.0500752364064998,0.8957173648243764,Los Angeles County,0.306351709159143,2.24997849,230,0.2995335843069008,'AddedNode',' ',34.58744512,-118.6575222
2637,2638,-2.8277736521174544,1.1513624337147679,Los Angeles County,0.3937869949627559,0.0,230,0.0,'AddedNode',' ',34.49147524,-118.5159143
2638,2639,-2.8277736521174544,1.1513624337147679,Los Angeles County,0.3937869949627559,0.0,230,0.0,'AddedNode',' ',34.5863265,-118.6587921
2639,2640,-2.8277736521174544,1.1513624337147679,Los Angeles County,0.3937869949627559,0.0,230,0.0,'AddedNode',' ',34.49320056,-118.5164543
2640,2641,-2.8277736521174544,1.1513624337147679,Los Angeles County,0.3937869949627559,0.0,230,0.0,'AddedNode',' ',34.38475992,-118.4977954
2641,2642,-2.8277736521174544,1.1513624337147679,Los Angeles County,0.3937869949627559,0.0,230,0.0,'AddedNode',' ',34.38004099,-118.4976634
2642,2643,-2.8277842306685566,1.151366740900505,Los Angeles County,0.3937884680989973,0.0,230,0.0,'AddedNode',' ',34.32643055,-118.4886153
2643,2644,-2.0721738101797214,0.8955350960711291,Los Angeles County,0.30628936991433603,0.127281787,230,5.292743643006335,'AddedNode',' ',34.59009629,-118.4547631
2644,2645,-4.181405476769655,1.7810249003240994,Los Angeles County,0.42027016028315617,0.0,230,0.0,'AddedNode',' ',34.22850349,-118.5428196
2645,2646,-3.6033262749419332,1.5046815514660687,Los Angeles County,0.4033473841757763,0.0,230,0.0,'AddedNode',' ',34.03814473,-118.2283665
2646,2647,-2.9933348195915546,1.2147701382068963,Los Angeles County,0.3877939345707072,0.0,230,0.0,'AddedNode',' ',34.00785463,-118.2040763
2647,2648,-3.7219338073032677,1.5633494030628339,Los Angeles County,0.40666457694600167,0.0,230,0.0,'AddedNode',' ',34.00740101,-118.2013292
2648,2649,-2.3157893788702424,0.890616117111034,Los Angeles County,0.3702455740589544,0.0,230,0.0,'AddedNode',' ',33.76310935,-118.0969225
2649,2650,-3.663725837265796,1.5536873113398268,Los Angeles County,0.37919210439856915,0.0,115,0.0,'AddedNode',' ',33.8472605,-118.2838845
2650,2651,-0.8041446160364187,1.2086830165511067,Los Angeles County,0.2949905384768755,2.04603197,115,0.4109296131228418,'AddedNode',' ',33.94605662,-118.3127945
2651,2652,-4.50847390840702,1.9348723505452115,Los Angeles County,0.4264264701864848,0.0,230,0.0,'AddedNode',' ',34.10903424,-118.2525833
2652,2653,-4.508476823305778,1.9348736015133048,Los Angeles County,0.42642674588731255,0.0,230,0.0,'AddedNode',' ',34.07874152,-118.2258042
2653,2654,-3.8603955028205554,1.6268591697032406,Los Angeles County,0.4099020879273683,0.0,230,0.0,'AddedNode',' ',34.03811246,-118.227519
2654,2655,-4.508476823305778,1.9348736015133048,Los Angeles County,0.42642674588731255,0.0,230,0.0,'AddedNode',' ',34.06619445,-118.2256724
2655,2656,-2.3157893788702424,0.8906161171110341,Los Angeles County,0.3702455740589544,0.0,230,0.0,'AddedNode',' ',34.00612346,-118.1992856
2656,2657,-4.027626923783569,1.7094034139665308,San Bernardino County,0.41502297125207605,0.0,230,0.0,'AddedNode',' ',34.15782344,-117.6676671
2657,2658,-4.027630253366715,1.7094048271065527,San Bernardino County,0.4150233143457927,0.0,230,0.0,'AddedNode',' ',34.5655108,-117.3168518
2658,2659,-4.508471406338974,1.9348712767489824,Los Angeles County,0.42642623353256004,0.0,230,0.0,'AddedNode',' ',34.15546437,-118.2819427
2659,2660,-2.8277736521174544,1.1513624337147679,Kern County,0.3937869949627559,0.0,230,0.0,'AddedNode',' ',35.24286159,-118.0523865
2660,2661,0.7153195642773489,0.89570938124129,Kern County,0.3063489786278171,2.91520321,230,0.23117843231490295,'AddedNode',' ',35.2601553,-118.0135217
2661,2662,-2.8277736521174544,1.1513624337147679,Kern County,0.3937869949627559,0.0,230,0.0,'AddedNode',' ',35.25202204,-118.0474048
2662,2663,-2.8277736521174544,1.1513624337147679,Kern County,0.3937869949627559,0.0,230,0.0,'AddedNode',' ',35.25716382,-118.0303846
2663,2664,7.127862557138707,0.7172762050286449,Los Angeles County,0.26440281277212413,8.85045028,115,0.05146145391048445,'AddedNode',' ',33.946634,-118.312915
2664,2665,1.2292636552946063,0.7172781420313522,Los Angeles County,0.26440352679129914,2.95185603,115,0.15429597326801373,'AddedNode',' ',33.946633,-118.312981
2665,2666,10.805529647148298,1.2087026370595828,Los Angeles County,0.2949953270478089,13.6557525,115,0.06157129917491745,'AddedNode',' ',33.94628,-118.312609
2666,2667,-4.6673260508929015,2.0069502018839476,San Bernardino County,0.42999994690399207,0.0,500,0.0,'AddedNode',' ',35.12382286,-116.4791586
2667,2668,-4.03831110621744,1.7200753850317951,Los Angeles County,0.4058878444848672,0.0,230,0.0,'AddedNode',' ',33.97595747,-118.4331622
2668,2669,0.8435556586916875,0.6096797713632058,Los Angeles County,0.24716883345056914,2.32849747,230,0.15762582522498972,'AddedNode',' ',34.49151186,-118.515701
2669,2670,-1.4014958644296716,0.5891186080741262,Lassen County,0.423938782683094,0.0,66,0.0,'AddedNode',' ',40.41152016,-120.6448174
2670,2671,-1.4014740885461345,0.5891094545842555,Lassen County,0.4239321956914425,0.0,66,0.0,'AddedNode',' ',40.41020102,-120.6411509
2671,2672,-1.40150514752024,0.5891225102200639,Lassen County,0.4239415907271382,0.0,66,0.0,'AddedNode',' ',40.38204549,-120.5745464
2672,2673,-1.089355576533059,0.3975656852906918,Lassen County,0.2945213386082066,0.0,66,0.0,'AddedNode',' ',40.37591454,-120.5306131
2673,2674,-1.4014958644296713,0.5891186080741261,Lassen County,0.42393878268309393,0.0,66,0.0,'AddedNode',' ',40.41537759,-120.7382301
2674,2675,-1.4014958644296716,0.5891186080741262,Lassen County,0.423938782683094,0.0,66,0.0,'AddedNode',' ',40.36028869,-120.8675833
2675,2676,-1.4014958644296716,0.5891186080741262,Lassen County,0.423938782683094,0.0,66,0.0,'AddedNode',' ',40.41308884,-120.7378485
2676,2677,-1.4014958644296716,0.5891186080741262,Lassen County,0.423938782683094,0.0,66,0.0,'AddedNode',' ',40.41770307,-120.6677382
2677,2678,-1.4014958644296716,0.5891186080741262,Lassen County,0.423938782683094,0.0,66,0.0,'AddedNode',' ',40.40874466,-120.6445598
2678,2679,-0.47065010649308436,0.017884704046737206,Lassen County,0.038000025230447786,0.0,66,0.0,'AddedNode',' ',40.35193025,-120.3224325
2679,2680,4.263328519140386,0.1595058780292496,Stanislaus County,0.07018173772669299,6.02115571,115,0.02048898464340809,'AddedNode',' ',37.64689544,-120.7732977
2680,2681,-2.0497207623938545,0.5517180384326292,Stanislaus County,0.2287404445712449,0.0,66,0.0,'AddedNode',' ',37.71124341,-121.0131457
2681,2682,-0.28183274709315054,0.7511717255209863,Stanislaus County,0.3076662583948762,1.42537572,66,0.36849964118274847,'AddedNode',' ',37.67123621,-120.9938958
2682,2683,-2.30770610954249,1.0153906881986954,Stanislaus County,0.4158855335381803,0.0,66,0.0,'AddedNode',' ',37.65290452,-121.0030027
2683,2684,-1.9518231543455378,0.7650748384785075,Stanislaus County,0.31410130740258774,0.0,66,0.0,'AddedNode',' ',37.68947176,-121.0126544
2684,2685,-2.194439081948774,0.9655531960574606,Stanislaus County,0.39547300440012856,0.0,66,0.0,'AddedNode',' ',37.68550371,-121.0032477
2685,2686,-2.1944390819487736,0.9655531960574604,Stanislaus County,0.39547300440012856,0.0,66,0.0,'AddedNode',' ',37.68898242,-120.976602
2686,2687,2.121529699425773,0.75116393905266,Stanislaus County,0.3076630691992573,3.82872047,66,0.13718409486903904,'AddedNode',' ',37.68841151,-120.9764983
2687,2688,-2.1367034883214258,0.8729611049081838,Stanislaus County,0.35807985989002933,0.0,66,0.0,'AddedNode',' ',37.66670542,-120.9768096
2688,2689,18.36100357813252,0.6791245624339924,Stanislaus County,0.27857006090760367,20.023263,66,0.02312588654475854,'AddedNode',' ',37.68849485,-120.9764657
2689,2690,-2.1744693689692993,0.8360853832810257,Stanislaus County,0.34339890881651086,0.0,66,0.0,'AddedNode',' ',37.68011581,-120.9398908
2690,2691,-2.1366667594260527,0.8729460991307035,Stanislaus County,0.3580737046711227,0.0,66,0.0,'AddedNode',' ',37.6670406,-120.9755371
2691,2692,-2.259546751167665,0.2050320932382939,Stanislaus County,0.09021303020924482,0.0,66,0.0,'AddedNode',' ',37.7037335,-121.0685806
2692,2693,-2.259546751167665,0.20503209323829394,Stanislaus County,0.09021303020924482,0.0,66,0.0,'AddedNode',' ',37.68249923,-121.0861361
2693,2694,-2.259546751167665,0.20503209323829394,Stanislaus County,0.09021303020924482,0.0,66,0.0,'AddedNode',' ',37.63847664,-121.0445525
2694,2695,-2.259546751167665,0.205032093238294,Stanislaus County,0.09021303020924483,0.0,66,0.0,'AddedNode',' ',37.64282307,-121.0400549
2695,2696,-2.259546751167665,0.20503209323829394,Stanislaus County,0.09021303020924482,0.0,66,0.0,'AddedNode',' ',37.64308214,-121.04006
2696,2697,-2.259546751167665,0.20503209323829394,Stanislaus County,0.09021303020924482,0.0,66,0.0,'AddedNode',' ',37.66464224,-121.0447794
2697,2698,-2.202604490928167,0.5514974192783282,Stanislaus County,0.22918335130443881,0.0,66,0.0,'AddedNode',' ',37.64022953,-121.0033944
2698,2699,-2.2378075746151014,0.592056398070586,Stanislaus County,0.2455974826056623,0.0,66,0.0,'AddedNode',' ',37.64217306,-121.0057265
2699,2700,-2.2942920347225786,0.789826139159894,Stanislaus County,0.3252340655074067,0.0,66,0.0,'AddedNode',' ',37.64563633,-121.0098008
2700,2701,-2.3077042953094633,1.0153898899361637,Stanislaus County,0.4158852065843854,0.0,66,0.0,'AddedNode',' ',37.65337449,-121.0189399
2701,2702,-2.259546751167665,0.205032093238294,Stanislaus County,0.09021303020924483,0.0,66,0.0,'AddedNode',' ',37.64287138,-121.0399107
2702,2703,-2.259546751167665,0.205032093238294,Stanislaus County,0.09021303020924483,0.0,66,0.0,'AddedNode',' ',37.64249125,-121.01179
2703,2704,-1.9652164715150877,0.49205920392322455,Stanislaus County,0.2044828741771601,0.0,66,0.0,'AddedNode',' ',37.63796826,-120.9300816
2704,2705,-2.16032203568177,0.7443652719685488,Stanislaus County,0.3065075630758237,0.0,66,0.0,'AddedNode',' ',37.67822181,-120.9398381
2705,2706,-2.259542980111358,0.20503175105127447,Stanislaus County,0.09021287964877674,0.0,66,0.0,'AddedNode',' ',37.66708177,-120.9176442
2706,2707,-2.259542980111358,0.20503175105127447,Stanislaus County,0.09021287964877674,0.0,66,0.0,'AddedNode',' ',37.71072504,-120.921637
2707,2708,-2.259542980111358,0.2050317510512744,Stanislaus County,0.09021287964877674,0.0,66,0.0,'AddedNode',' ',37.71087777,-120.7812986
2708,2709,-2.1615198252368746,0.30786050007349447,Stanislaus County,0.13117636721602938,0.0,66,0.0,'AddedNode',' ',37.70018153,-121.0224975
2709,2710,-2.101872353384168,0.437913491686312,Stanislaus County,0.18320871553399443,0.0,66,0.0,'AddedNode',' ',37.70401962,-121.0399195
2710,2711,-1.9518231543455378,0.7650748384785075,Stanislaus County,0.31410130740258774,0.0,66,0.0,'AddedNode',' ',37.70374504,-121.0129124
2711,2712,-2.1944654605890186,0.965564802659168,Stanislaus County,0.395477758252808,0.0,66,0.0,'AddedNode',' ',37.68580045,-121.0036289
2712,2713,-2.3049310616402607,1.0141696671217149,Stanislaus County,0.4153854255423484,0.0,66,0.0,'AddedNode',' ',37.67023187,-121.0033187
2713,2714,-2.194439081948774,0.9655531960574606,Stanislaus County,0.39547300440012856,0.0,66,0.0,'AddedNode',' ',37.6855083,-121.003557
2714,2715,-2.304917819476285,1.0141638405695652,Stanislaus County,0.41538303909270147,0.0,66,0.0,'AddedNode',' ',37.66717123,-121.0030355
2715,2716,-2.194465460589019,0.9655648026591682,Stanislaus County,0.39547775825280806,0.0,66,0.0,'AddedNode',' ',37.68514008,-121.0036249
2716,2717,-2.1294033916340087,0.9369374923189636,Stanislaus County,0.38375253329952463,0.0,66,0.0,'AddedNode',' ',37.67025218,-121.0034315
2717,2718,-1.9652164715150875,0.49205920392322455,Stanislaus County,0.2044828741771601,0.0,66,0.0,'AddedNode',' ',37.62982883,-120.9299303
2718,2719,-1.9651487124394227,0.4920422381195522,Stanislaus County,0.20447582377291995,0.0,66,0.0,'AddedNode',' ',37.62716033,-120.9298977
2719,2720,-1.965247548063445,0.4920669850007128,Stanislaus County,0.20448610772522965,0.0,66,0.0,'AddedNode',' ',37.62758017,-120.934873
2720,2721,-1.9651487124394227,0.4920422381195522,Stanislaus County,0.20447582377291995,0.0,66,0.0,'AddedNode',' ',37.62391489,-120.9298199
2721,2722,-1.9652089167704283,0.4920573123343352,Stanislaus County,0.20448208809790414,0.0,66,0.0,'AddedNode',' ',37.63801025,-120.9198473
2722,2723,-2.259542980111358,0.2050317510512744,Tuolumne County,0.09021287964877671,0.0,66,0.0,'AddedNode',' ',37.70469425,-120.4343295
2723,2724,-2.2594092239413404,0.20501961396780488,Tuolumne County,0.09020753939662206,0.0,66,0.0,'AddedNode',' ',37.69208475,-120.4406031
2724,2725,-2.259542980111358,0.2050317510512744,Stanislaus County,0.09021287964877671,0.0,66,0.0,'AddedNode',' ',37.64482982,-120.6065714
2725,2726,-2.259546751167665,0.20503209323829394,Stanislaus County,0.09021303020924482,0.0,66,0.0,'AddedNode',' ',37.64229124,-121.0422688
2726,2727,-2.259546751167665,0.20503209323829394,Stanislaus County,0.09021303020924482,0.0,66,0.0,'AddedNode',' ',37.63842199,-121.0491511
2727,2728,-1.9461433722889054,0.48728360074789173,Stanislaus County,0.20249829781838916,0.0,115,0.0,'AddedNode',' ',37.63805505,-120.9540704
2728,2729,-2.2595429801113585,0.2050317510512744,Stanislaus County,0.09021287964877672,0.0,66,0.0,'AddedNode',' ',37.64345138,-120.7186834
2729,2730,8.056859827630397,0.15950580557397595,Stanislaus County,0.07018170584675806,9.81468622,66,0.0125696585742658,'AddedNode',' ',37.64341449,-120.7191356
2730,2731,4.701521259297312,0.4272395949636629,Merced County,0.3099143205699301,5.8385685,115,0.060355072147956705,'AddedNode',' ',37.39786867,-120.7270146
2731,2732,-1.4615988645293223,0.5491881819219308,Merced County,0.3983743179979516,0.0,115,0.0,'AddedNode',' ',37.40013529,-120.741738
2732,2733,-2.2859876836596165,0.9829747039736351,San Bernardino County,0.4300000726478222,0.0,230,0.0,'AddedNode','IMPORT',35.2551635,-114.948603
2733,2734,-0.8626943934487485,0.3709585891829619,Plumas County,0.4299998103419422,0.0,66,0.0,'AddedNode','IMPORT',39.75720325,-120.3708729
2734,2735,-0.8627039202989534,0.37096268572854996,Sierra County,0.4300045588876755,0.0,66,0.0,'AddedNode',' ',39.64625218,-120.2176736
2735,2736,-1.0999982083636155,0.47299922959635465,Nevada County,0.4299998754700598,0.0,115,0.0,'AddedNode',' ',39.3379373,-120.3034425
2736,2737,-1.1283127354327849,0.4851744762360975,Nevada County,0.4300006475943867,0.0,115,0.0,'AddedNode',' ',39.33780644,-120.2207608
2737,2738,-1.1283127354327849,0.4851744762360975,Nevada County,0.4300006475943867,0.0,115,0.0,'AddedNode',' ',39.3377893,-120.2659831
2738,2739,-0.8560928010110782,0.3681199044347636,Nevada County,0.43000072696704233,0.0,66,0.0,'AddedNode',' ',39.33762423,-120.2209669
2739,2740,-0.7599496850962125,0.3267783645913714,,0.43000075500001667,0.0,66,0.0,'AddedNode','IMPORT',39.46225623,-120.0028065
2740,2741,-0.7599496850962125,0.3267783645913714,Nevada County,0.43000075500001667,0.0,66,0.0,'AddedNode',' ',39.41750748,-120.0355821
2741,2742,-0.7599496850962129,0.32677836459137155,Placer County,0.43000075500001683,0.0,66,0.0,'AddedNode',' ',39.24332287,-120.0266547
2742,2743,-0.7599496850962126,0.32677836459137144,Placer County,0.4300007550000167,0.0,66,0.0,'AddedNode',' ',39.28523935,-120.103991
2743,2744,-0.7599496850962126,0.32677836459137144,Nevada County,0.4300007550000167,0.0,66,0.0,'AddedNode',' ',39.3295871,-120.1702725
2744,2745,-0.7599496850962125,0.3267783645913714,Nevada County,0.43000075500001667,0.0,66,0.0,'AddedNode',' ',39.33573411,-120.1795485
2745,2746,-0.7599496850962125,0.3267783645913714,Nevada County,0.43000075500001667,0.0,66,0.0,'AddedNode',' ',39.33562735,-120.1829137
2746,2747,-0.7599496850962126,0.32677836459137144,Placer County,0.4300007550000167,0.0,66,0.0,'AddedNode',' ',39.20520494,-120.1967275
2747,2748,-0.7599496850962125,0.3267783645913714,Nevada County,0.43000075500001667,0.0,66,0.0,'AddedNode',' ',39.33080282,-120.1702829
2748,2749,-0.7599496850962129,0.32677836459137155,Placer County,0.43000075500001683,0.0,66,0.0,'AddedNode',' ',39.24336911,-120.0303496
2749,2750,-1.112771214671763,0.47849162230885806,Nevada County,0.4300002237841557,0.0,115,0.0,'AddedNode',' ',39.32841396,-120.3230779
2750,2751,-0.8626943934487485,0.3709585891829619,Sierra County,0.4299998103419422,0.0,66,0.0,'AddedNode',' ',39.66815774,-120.2433421
2751,2752,2.9673966025323093,0.28858773501110685,Sierra County,0.3345189326795245,3.63853087,66,0.061702683544346666,'AddedNode',' ',39.6701742,-120.2398424
2752,2753,-0.7599496850962125,0.3267783645913714,Nevada County,0.43000075500001667,0.0,66,0.0,'AddedNode',' ',39.35193728,-120.086328
2753,2754,-1.0795782012693296,0.4642186265458117,Nevada County,0.42999507679565346,0.0,66,0.0,'AddedNode',' ',39.3375096,-120.2212098
2754,2755,-0.8560928010110782,0.3681199044347636,Nevada County,0.43000072696704233,0.0,66,0.0,'AddedNode',' ',39.32975267,-120.286053
2755,2756,-0.8991452694475371,0.386632465862441,,0.43000003787977353,0.0,115,0.0,'AddedNode','IMPORT',41.99312064,-120.2884206
2756,2757,-0.8991439562170603,0.38663190117333596,Modoc County,0.42999940985094,0.0,115,0.0,'AddedNode',' ',41.56444731,-120.4145079
2757,2758,-0.7922265536458271,0.3406574180677056,,0.43000032076325684,0.0,230,0.0,'AddedNode','IMPORT',42.01270325,-122.356867
2758,2759,0.32015382916732893,0.2650091521480486,,0.3345120768989428,0.936454183,230,0.22014949059618877,'AddedNode',' ',42.01274991,-122.35656
2759,2760,-0.7998392238306703,0.3439308662471882,,0.43000013356333067,0.0,115,0.0,'AddedNode','IMPORT',42.01087353,-122.4010541
2760,2761,5.212882955656797,0.2662356757675771,Siskiyou County,0.3345247356393362,5.83203569,66,0.03551451256234203,'AddedNode',' ',41.98556751,-122.3604245
2761,2762,-0.7958622254224188,0.3422207569316401,Siskiyou County,0.4299998785391641,0.0,115,0.0,'AddedNode',' ',41.86768865,-122.4640308
2762,2763,-0.7958653863151894,0.34222211611553144,Siskiyou County,0.4300015863517277,0.0,66,0.0,'AddedNode',' ',41.61959166,-122.3643914
2763,2764,-0.5721770259971418,0.24603612117877097,Siskiyou County,0.42999677051133756,0.0,66,0.0,'AddedNode',' ',41.72671482,-122.536218
2764,2765,-0.7958622254224187,0.34222075693164,Siskiyou County,0.429999878539164,0.0,115,0.0,'AddedNode',' ',41.54867273,-122.364814
2765,2766,-0.7958653863151894,0.34222211611553144,Siskiyou County,0.4300015863517277,0.0,66,0.0,'AddedNode',' ',41.54867303,-122.3650758
2766,2767,-0.7869980261543668,0.33840915124637766,Siskiyou County,0.429999750916447,0.0,115,0.0,'AddedNode',' ',41.44124848,-122.388032
2767,2768,-0.7939266099142874,0.3413884422631436,Siskiyou County,0.4299980817739811,0.0,66,0.0,'AddedNode',' ',41.26265001,-122.2706003
2768,2769,-0.7939313361743028,0.3413904745549502,Siskiyou County,0.4300006415606354,0.0,66,0.0,'AddedNode',' ',41.29072143,-122.3122865
2769,2770,-0.5721769680849943,0.24603609627654754,Siskiyou County,0.42999672698977826,0.0,66,0.0,'AddedNode',' ',41.60706615,-122.8512787
2770,2771,-0.5721769680849943,0.24603609627654754,Siskiyou County,0.4299967269897783,0.0,66,0.0,'AddedNode',' ',41.67791689,-122.8474489
2771,2772,-0.5721626120253059,0.24602992317088154,Siskiyou County,0.42998593826701803,0.0,66,0.0,'AddedNode',' ',41.72825633,-122.6287452
2772,2773,-0.5721769680849943,0.24603609627654754,Siskiyou County,0.4299967269897783,0.0,66,0.0,'AddedNode',' ',41.74253174,-122.9970352
2773,2774,-0.5721769680849943,0.24603609627654754,Siskiyou County,0.4299967269897783,0.0,66,0.0,'AddedNode',' ',41.78033741,-123.0710337
2774,2775,-0.5721769680849943,0.24603609627654754,Siskiyou County,0.4299967269897783,0.0,66,0.0,'AddedNode',' ',41.85576012,-123.3915031
2775,2776,-0.5721815604903501,0.24603807101085054,,0.43000017822843717,0.0,66,0.0,'AddedNode','IMPORT',42.00595634,-123.5493432
2776,2777,-0.5721913505339823,0.24604228072961237,Siskiyou County,0.43000753554436166,0.0,66,0.0,'AddedNode',' ',41.4931211,-122.9058654
2777,2778,-0.7939266099142874,0.3413884422631436,Siskiyou County,0.4299980817739811,0.0,66,0.0,'AddedNode',' ',41.18511283,-122.2877209
2778,2779,1.8481861802848865,0.2650479320774989,Shasta County,0.3345156326437536,2.46457672,66,0.08366234642856887,'AddedNode',' ',41.17834538,-122.2910775
2779,2780,-0.7923338938142725,0.3407035743401372,Shasta County,0.43000022984919806,0.0,115,0.0,'AddedNode',' ',40.93993872,-122.4313697
2780,2781,-0.8991776976026701,0.3866464099691481,Modoc County,0.43001554606116466,0.0,66,0.0,'AddedNode',' ',41.70490428,-121.2762985
2781,2782,-0.8991452889633619,0.38663247425424563,Modoc County,0.4300000472128654,0.0,66,0.0,'AddedNode',' ',41.44503662,-120.8805518
2782,2783,-0.8991776976026701,0.3866464099691481,Modoc County,0.43001554606116466,0.0,66,0.0,'AddedNode',' ',41.6330759,-121.2267256
2783,2784,-0.8991452889633619,0.38663247425424563,Modoc County,0.4300000472128654,0.0,66,0.0,'AddedNode',' ',41.44825386,-120.8790406
2784,2785,1.7249136942763201,0.2662325502611823,Siskiyou County,0.3345208084451409,2.34405916,66,0.0883582826207461,'AddedNode',' ',41.97933866,-122.3352339
2785,2786,-0.7939266099142874,0.3413884422631436,Siskiyou County,0.4299980817739811,0.0,66,0.0,'AddedNode',' ',41.268138,-122.2389285
2786,2787,-0.8991452694475371,0.386632465862441,Modoc County,0.43000003787977353,0.0,115,0.0,'AddedNode',' ',41.73346438,-120.3750684
2787,2788,1.8403165115070117,0.2662275935519849,Siskiyou County,0.3345145803473133,2.45945045,66,0.08420959634041875,'AddedNode',' ',41.98547672,-122.3604092
2788,2789,4.071851865494294,0.2662299869374536,Siskiyou County,0.33451758763264,4.69099137,66,0.04415123310178183,'AddedNode',' ',41.98554266,-122.3603093
2789,2790,-0.7939266099142874,0.3413884422631436,Siskiyou County,0.429998081773981,0.0,66,0.0,'AddedNode',' ',41.20193517,-122.2814106
2790,2791,-0.7923338938142725,0.3407035743401372,Shasta County,0.43000022984919806,0.0,115,0.0,'AddedNode',' ',40.93062273,-122.4179475
2791,2792,-0.7923338938142725,0.3407035743401372,Shasta County,0.43000022984919806,0.0,66,0.0,'AddedNode',' ',40.93091145,-122.4178535
2792,2793,-1.4014878286609993,0.5891152302397884,Plumas County,0.4239363519417159,0.0,66,0.0,'AddedNode',' ',39.93864882,-120.9107549
2793,2794,-1.4014878286609993,0.5891152302397884,Plumas County,0.4239363519417159,0.0,66,0.0,'AddedNode',' ',39.93402653,-120.9017022
2794,2795,-1.2224143120427011,0.5256381541783615,Nevada County,0.43000091411191704,0.0,66,0.0,'AddedNode',' ',39.33200044,-121.1015688
2795,2796,-1.4937049860618419,0.22655054594814436,Mendocino County,0.13448774998255303,0.0,66,0.0,'AddedNode',' ',38.91231032,-123.6800844
2796,2797,-1.4937137437643737,0.226551874230709,Mendocino County,0.13448853849415304,0.0,66,0.0,'AddedNode',' ',38.78636967,-123.5215198
2797,2798,-1.493705469671327,0.2265506192972954,Sonoma County,0.13448779352498746,0.0,66,0.0,'AddedNode',' ',38.68013442,-123.3130008
2798,2799,-1.493705469671327,0.2265506192972954,Sonoma County,0.13448779352498746,0.0,66,0.0,'AddedNode',' ',38.47368741,-123.1306126
2799,2800,-1.5274637915140044,0.23167075099339124,Sonoma County,0.13752726972020224,0.0,66,0.0,'AddedNode',' ',38.48168228,-122.8348421
2800,2801,-1.5274578831665253,0.23166985487310024,Sonoma County,0.13752673775414073,0.0,66,0.0,'AddedNode',' ',38.48964874,-122.8939877
2801,2802,-1.527451969587844,0.23166895795939152,Sonoma County,0.13752620531708076,0.0,66,0.0,'AddedNode',' ',38.48136401,-122.8513532
2802,2803,-1.296788065307712,0.11382510580685606,Lake County,0.07500000874821133,0.0,66,0.0,'AddedNode',' ',38.93227072,-122.7414789
2803,2804,2.4592919521771823,0.2678298822564454,Lake County,0.15765472640318295,3.70917271,66,0.05312494842311058,'AddedNode',' ',38.91055207,-122.6172742
2804,2805,-2.2608908100719454,0.0,Kern County,0.0,0.0,230,0.0,'AddedNode',' ',35.37031701,-119.8162083
2805,2806,-2.2608908100719445,0.0,Kern County,0.0,0.0,230,0.0,'AddedNode',' ',35.37116439,-119.8234212
2806,2807,3.5728504599930204,0.123711403310269,Kern County,0.11787416390179062,4.99815205,115,0.03361366992225966,'AddedNode',' ',35.2969985,-118.8615942
2807,2808,-1.832130767677814,0.1590228130709045,Kern County,0.15151942852860395,0.0,115,0.0,'AddedNode',' ',35.31792806,-119.0678038
2808,2809,1.0596862050533058,0.5582734450004194,Fresno County,0.3109811070873051,2.4887819,115,0.17856999094545994,'AddedNode',' ',36.60498548,-119.3763897
2809,2810,-1.8969429024588385,0.7499230832144489,Fresno County,0.39312783738247575,0.0,230,0.0,'AddedNode',' ',36.59363708,-119.98869
2810,2811,0.3311095762595815,0.5833961960438998,Fresno County,0.30583041117340326,1.80681995,230,0.24978532607739293,'AddedNode',' ',36.59191044,-120.1761805
2811,2812,4.380150552969059,0.3530293816818758,Fresno County,0.1898395524996168,5.9278737,115,0.04956567641204171,'AddedNode',' ',36.88833103,-119.1595802
2812,2813,-1.9894846340025034,0.45379338776113565,Fresno County,0.2440248266289894,0.0,115,0.0,'AddedNode',' ',36.87331825,-119.2262463
2813,2814,-1.9894846340025034,0.45379338776113565,Fresno County,0.2440248266289894,0.0,115,0.0,'AddedNode',' ',36.84068588,-119.2692109
2814,2815,-2.2447206866259446,0.025773647668450025,Fresno County,0.01436088561822285,0.0,115,0.0,'AddedNode',' ',36.85019375,-119.803341
2815,2816,-2.2447206866259446,0.025773647668450025,Madera County,0.01436088561822285,0.0,230,0.0,'AddedNode',' ',36.84748195,-119.9189911
2816,2817,2.289968430519007,0.5833994360860922,Fresno County,0.30583210968196856,3.765687,115,0.11985120468090649,'AddedNode',' ',36.71798644,-119.8191848
2817,2818,14.893287546569631,0.0,Santa Barbara County,0.0,16.638395,115,0.0,'AddedNode',' ',34.95075936,-120.4442587
2818,2819,-2.1501699605412274,0.0,San Luis Obispo County,0.0,0.0,115,0.0,'AddedNode',' ',35.25589799,-120.628893
2819,2820,-2.243200154469771,0.0,Santa Barbara County,0.0,0.0,115,0.0,'AddedNode',' ',34.93153752,-120.4448995
2820,2821,4.097248343139613,0.0,Santa Barbara County,0.0,5.8423598,115,0.0,'AddedNode',' ',34.95022157,-120.4442914
2821,2822,4.911072475417525,0.04225080154594409,Fresno County,0.021795095521048823,6.65324835,230,0.005707120432531551,'AddedNode',' ',36.5922941,-120.1763871
2822,2823,-2.244720686625945,0.025773647668450025,Fresno County,0.01436088561822285,0.0,230,0.0,'AddedNode',' ',36.42291507,-120.3736961
2823,2824,-2.244720686625945,0.025773647668450025,Fresno County,0.01436088561822285,0.0,230,0.0,'AddedNode',' ',36.41774269,-120.368967
2824,2825,0.45734325626785477,0.04225055755278768,Fresno County,0.021794969657066225,2.19950907,115,0.01726314820237145,'AddedNode',' ',36.72032749,-120.4592153
2825,2826,-2.2394421768147876,0.05431037610304104,Merced County,0.0280160326346163,0.0,230,0.0,'AddedNode',' ',36.92265255,-120.8341398
2826,2827,-2.239442176814787,0.05431037610304104,Merced County,0.0280160326346163,0.0,230,0.0,'AddedNode',' ',36.92180832,-120.8354343
2827,2828,-2.2394421768147876,0.05431037610304104,Merced County,0.0280160326346163,0.0,230,0.0,'AddedNode',' ',36.92169927,-120.8353174
2828,2829,-2.2394461278628293,0.05431047192284265,Fresno County,0.028016082063305286,0.0,115,0.0,'AddedNode',' ',36.72060385,-120.6039039
2829,2830,-2.2394461278628293,0.05431047192284265,Fresno County,0.028016082063305286,0.0,115,0.0,'AddedNode',' ',36.88633605,-120.6543566
2830,2831,5.902434971230369,0.042250681358844716,Fresno County,0.02179503352247801,7.64460589,115,0.004966989027667248,'AddedNode',' ',36.72032757,-120.6034063
2831,2832,5.563243730281747,0.04225111888329391,Fresno County,0.02179525921966751,7.30543269,115,0.00519770171021892,'AddedNode',' ',36.7203186,-120.6032566
2832,2833,2.6291186696571978,0.35303008041090544,Fresno County,0.1898399282371989,4.17684488,115,0.07034501906192633,'AddedNode',' ',36.72028874,-120.4585963
2833,2834,-2.2595467511676652,0.20503209323829402,Stanislaus County,0.09021303020924482,0.0,230,0.0,'AddedNode',' ',37.51076974,-121.2403856
2834,2835,-2.2608908100719445,0.0,San Luis Obispo County,0.0,0.0,230,0.0,'AddedNode',' ',35.33292776,-120.778991
2835,2836,0.6631568075387919,0.5765078872864425,San Luis Obispo County,0.24256201997060942,2.47517885,500,0.17757412837082864,'AddedNode',' ',35.21258755,-120.8552647
2836,2837,-2.2735925815795666,0.5854051531995464,Calaveras County,0.25415224269924236,0.0,230,0.0,'AddedNode',' ',38.30336531,-120.6885548
2837,2838,-1.9182438065114686,0.5959520120902846,Alameda County,0.3274131868886373,0.0,230,0.0,'AddedNode',' ',37.79792317,-121.6190869
2838,2839,-2.0807631250601775,0.5911283896663051,Alameda County,0.2939071793792156,0.0,230,0.0,'AddedNode',' ',37.79109773,-121.6352118
2839,2840,-2.2735925815795666,0.5854051531995463,Alameda County,0.2541522426992424,0.0,230,0.0,'AddedNode',' ',37.66929463,-121.7085506
2840,2841,-2.2735925815795666,0.5854051531995463,Alameda County,0.2541522426992424,0.0,230,0.0,'AddedNode',' ',37.66723473,-121.7137777
2841,2842,-2.2657072711458786,0.37195795888305117,San Joaquin County,0.16215738368721216,0.0,115,0.0,'AddedNode',' ',38.11864526,-121.1386357
2842,2843,-2.646623767934488,0.8113390757264223,Calaveras County,0.2830522640161399,0.0,115,0.0,'AddedNode',' ',37.98517786,-120.6448961
2843,2844,-1.7946130617545923,0.6312392391537198,Tuolumne County,0.22022074509145592,0.264517114,115,1.714305644303139,'AddedNode',' ',38.13828066,-120.3703419
2844,2845,-2.624825529646612,0.7981569394489129,Calaveras County,0.2813614675902316,0.0,115,0.0,'AddedNode',' ',37.98463336,-120.6446592
2845,2846,-2.307403015042678,0.6058890697404185,Stanislaus County,0.256771069042372,0.0,115,0.0,'AddedNode',' ',37.85667733,-120.9111256
2846,2847,-2.6466237679344875,0.8113390757264222,San Joaquin County,0.28305226401613987,0.0,115,0.0,'AddedNode',' ',37.85665683,-120.9448151
2847,2848,-2.2735738203977327,0.5854003225660307,Stanislaus County,0.25415014549129167,0.0,115,0.0,'AddedNode',' ',37.85649091,-120.911108
2848,2849,-2.2043634430024235,0.07218815984517997,San Benito County,0.04275678240191877,0.0,230,0.0,'AddedNode',' ',36.72574528,-121.3287746
2849,2850,-2.2657072711458786,0.37195795888305105,San Joaquin County,0.16215738368721214,0.0,115,0.0,'AddedNode',' ',38.23557486,-121.1375283
2850,2851,-2.2657072711458786,0.37195795888305105,San Joaquin County,0.16215738368721214,0.0,115,0.0,'AddedNode',' ',38.2295072,-121.0218582
2851,2852,-2.262029569862727,0.27240639055553917,San Joaquin County,0.11925106897999559,0.0,115,0.0,'AddedNode',' ',37.94884838,-121.1415259
2852,2853,0.6127966903064653,0.3509478234651553,Sacramento County,0.33969378488929347,1.41040538,115,0.19210272344720267,'AddedNode',' ',38.49775119,-121.4088276
2853,2854,0.27644987765911266,0.4807370177900872,Sacramento County,0.20863102502298791,2.04613572,115,0.180443246089389,'AddedNode',' ',38.23127638,-121.5902876
2854,2855,-2.2747942047945586,0.6179502349708337,Sacramento County,0.26817903794430786,0.0,115,0.0,'AddedNode',' ',38.02839762,-121.7837691
2855,2856,-1.3703446012305998,0.589248178529158,Solano County,0.4299999523501127,0.0,500,0.0,'AddedNode',' ',38.22746271,-121.736692
2856,2857,-1.3703446012305998,0.589248178529158,Solano County,0.4299999523501127,0.0,500,0.0,'AddedNode',' ',38.22430399,-121.7378698
2857,2858,-2.2735925815795657,0.5854051531995463,San Joaquin County,0.2541522426992423,0.0,230,0.0,'AddedNode',' ',38.12185045,-121.0891254
2858,2859,-2.2735925815795666,0.5854051531995463,San Joaquin County,0.25415224269924236,0.0,230,0.0,'AddedNode',' ',38.12169063,-121.0890092
2859,2860,-2.2735925815795657,0.5854051531995462,San Joaquin County,0.2541522426992423,0.0,230,0.0,'AddedNode',' ',38.12163024,-121.0918014
2860,2861,-2.273592581579566,0.5854051531995463,San Joaquin County,0.25415224269924236,0.0,230,0.0,'AddedNode',' ',38.12157422,-121.0889253
2861,2862,-2.210129827729353,0.0,San Luis Obispo County,0.0,0.0,115,0.0,'AddedNode',' ',35.38093375,-120.0401754
2862,2863,-2.247510009211457,0.0,San Luis Obispo County,0.0,0.0,115,0.0,'AddedNode',' ',35.28715441,-120.7053249
2863,2864,-1.7947115931057704,0.789673100966539,Kern County,0.44000000406034107,0.0,115,0.0,'AddedNode',' ',35.39710527,-119.4599187
2864,2865,2.391900195874771,0.11696197712631037,Kern County,0.06517034751151128,4.07738048,115,0.026939682568020228,'AddedNode',' ',35.60151313,-119.579854
2865,2866,-1.8089108668284326,0.7651901115683429,Kern County,0.42624187119134166,0.0,115,0.0,'AddedNode',' ',35.71777839,-119.4547671
2866,2867,-1.8089108668284324,0.7651901115683428,Kern County,0.42624187119134155,0.0,115,0.0,'AddedNode',' ',35.63042117,-119.4554067
2867,2868,-1.808909314463025,0.765189454899913,Kern County,0.4262415054004405,0.0,115,0.0,'AddedNode',' ',35.61575911,-119.4554661
2868,2869,-1.808909314463025,0.765189454899913,Kern County,0.4262415054004405,0.0,115,0.0,'AddedNode',' ',35.6192468,-119.5269121
2869,2870,0.8144439033125463,0.5952665330234449,Kern County,0.33158755851333804,2.22165511,115,0.21002977745636722,'AddedNode',' ',35.60186313,-119.5798515
2870,2871,-1.8349772373475624,0.7202308081078214,Kern County,0.4009771571467083,0.0,115,0.0,'AddedNode',' ',35.60096896,-119.4381967
2871,2872,-1.7947115931057704,0.789673100966539,Kern County,0.44000000406034107,0.0,115,0.0,'AddedNode',' ',35.60090236,-119.446969
2872,2873,-2.166585543046274,0.1503477264698429,Kern County,0.08377263981288512,0.0,230,0.0,'AddedNode',' ',35.02465827,-118.9950541
2873,2874,-1.832130767677814,0.1590228130709045,Kern County,0.15151942852860395,0.0,115,0.0,'AddedNode',' ',35.08955374,-118.9767862
2874,2875,-1.832130767677814,0.1590228130709045,Kern County,0.15151942852860395,0.0,115,0.0,'AddedNode',' ',35.31441307,-118.977625
2875,2876,-1.855158450867415,0.8024235315667154,Kern County,0.433360031223056,0.0,115,0.0,'AddedNode',' ',35.39842947,-119.0249622
2876,2877,-1.855156361687373,0.8024226279203306,Kern County,0.43335954319620956,0.0,115,0.0,'AddedNode',' ',35.40010123,-119.0173061
2877,2878,0.5709934674676267,0.6242315693016336,Kern County,0.33712497418264187,2.01418204,115,0.24155458672229055,'AddedNode',' ',35.41882888,-118.9267955
2878,2879,10.31775352643694,0.061348412817491656,Kern County,0.0341828813160189,12.0193517,230,0.004839323273522364,'AddedNode',' ',35.38730083,-119.0046853
2879,2880,-1.9252826895554187,0.5729490562276327,Kern County,0.3173777907336889,0.0,115,0.0,'AddedNode',' ',35.41941004,-119.0926392
2880,2881,-2.243202367726771,0.0,San Luis Obispo County,0.0,0.0,115,0.0,'AddedNode',' ',35.00796122,-120.446656
2881,2882,-2.2432023677267714,0.0,San Luis Obispo County,0.0,0.0,115,0.0,'AddedNode',' ',35.00778335,-120.4456607
2882,2883,-2.1501699605412274,0.0,San Luis Obispo County,0.0,0.0,115,0.0,'AddedNode',' ',35.09947026,-120.5011561
2883,2884,2.605826882524811,0.37139822536512246,Alameda County,0.18568048485324412,4.24634595,115,0.071735176419101,'AddedNode',' ',37.51012196,-121.9679247
2884,2885,-2.3087726663276964,0.6225523946730654,San Mateo County,0.2630939860892305,0.0,115,0.0,'AddedNode',' ',37.57391668,-122.3032269
2885,2886,-2.1689094574783456,0.49399090683596525,Santa Clara County,0.19006176535605482,0.0,115,0.0,'AddedNode',' ',37.41529853,-122.0693106
2886,2887,-2.3087726663276964,0.6225523946730654,San Mateo County,0.2630939860892305,0.0,115,0.0,'AddedNode',' ',37.58240454,-122.3214763
2887,2888,-2.3087726663276964,0.6225523946730654,San Mateo County,0.2630939860892305,0.0,115,0.0,'AddedNode',' ',37.59097418,-122.3639765
2888,2889,-2.3087687190734942,0.6225513303099119,San Mateo County,0.2630935362836445,0.0,115,0.0,'AddedNode',' ',37.58224275,-122.3214847
2889,2890,-2.78491432773143,0.8890189738943435,San Mateo County,0.2891832230704298,0.0,115,0.0,'AddedNode',' ',37.58199384,-122.3215168
2890,2891,-2.0177275036038496,0.5687637047456489,San Mateo County,0.21429413309232304,0.0,115,0.0,'AddedNode',' ',37.50000346,-122.2115041
2891,2892,-0.8653874305297635,0.020050700041181677,Fresno County,0.011172101580684903,0.880900939,115,0.022147451761945658,'AddedNode',' ',36.89649888,-119.7507191
2892,2893,-2.2447206544338947,0.025773647298824278,Fresno County,0.014360885412270121,0.0,115,0.0,'AddedNode',' ',36.89575429,-119.7501889
2893,2894,-1.3983233026795874,0.02005438348080844,Fresno County,0.011174153965967808,0.348285871,115,0.05603695541547684,'AddedNode',' ',36.89569767,-119.664805
2894,2895,-1.9905780992290178,0.3917996297863507,Merced County,0.21052590567583065,0.0,66,0.0,'AddedNode',' ',37.2878358,-120.4637997
2895,2896,1.0471181243792311,0.30480848626959295,Merced County,0.16378290776991591,2.59572882,66,0.09771281220831138,'AddedNode',' ',37.29317004,-120.4067508
2896,2897,-2.2447382510880036,0.025773849341762557,Merced County,0.014360997989099136,0.0,230,0.0,'AddedNode',' ',37.290313,-120.4080122
2897,2898,0.7203927359842768,0.020050404893163502,Merced County,0.011171937126394846,2.4666554,230,0.007909145593889779,'AddedNode',' ',37.2922908,-120.4076984
2898,2899,1.20866520184006,0.020050707947961186,Merced County,0.011172105986283891,2.95495426,230,0.006602378488407033,'AddedNode',' ',37.29130251,-120.4072963
2899,2900,1.5570769904960902,0.02005098272514455,Merced County,0.011172259090095645,3.30338998,230,0.005906133181144165,'AddedNode',' ',37.29078283,-120.4066646
2900,2901,-2.244738251088003,0.025773849341762557,Madera County,0.014360997989099136,0.0,230,0.0,'AddedNode',' ',36.98372291,-120.0339267
2901,2902,-2.2447206866259446,0.025773647668450025,Madera County,0.01436088561822285,0.0,230,0.0,'AddedNode',' ',36.98388405,-120.0334316
2902,2903,-2.244738251088003,0.025773849341762557,Madera County,0.014360997989099136,0.0,230,0.0,'AddedNode',' ',36.9838274,-120.0336056
2903,2904,4.294884667820463,0.020050650125361995,Madera County,0.011172073767959822,6.04116869,230,0.003229443658458638,'AddedNode',' ',36.98309517,-120.0334476
2904,2905,-0.08479103089884377,0.02005102074623414,Madera County,0.011172280275165205,1.66152527,230,0.011742424575180621,'AddedNode',' ',36.98317409,-120.0338074
2905,2906,-0.2841658449519282,0.3530310645557732,Merced County,0.1898404574555331,1.26356468,115,0.23253409621640136,'AddedNode',' ',37.29288737,-120.4077266
2906,2907,12.425706267165287,0.6242483345427234,Kern County,0.3371340284851594,13.8689336,115,0.03508280151679857,'AddedNode',' ',35.31734676,-119.0669656
2907,2908,-1.855156361687373,0.8024226279203306,Kern County,0.43335954319620956,0.0,115,0.0,'AddedNode',' ',35.330833,-118.95931
2908,2909,-1.9640574093251335,0.4897234888855845,Kern County,0.2722373755756156,0.0,115,0.0,'AddedNode',' ',35.45580114,-119.0207501
2909,2910,-1.9640574093251335,0.4897234888855845,Kern County,0.2722373755756156,0.0,115,0.0,'AddedNode',' ',35.45554965,-119.0204408
2910,2911,-0.15394086071036273,0.3809970216158876,Kern County,0.21179631285986394,1.37406431,115,0.23552453755767938,'AddedNode',' ',35.44097163,-119.0202112
2911,2912,-1.9451678379430473,0.5302678256199047,Kern County,0.29422807207605584,0.0,115,0.0,'AddedNode',' ',35.50149625,-119.0926868
2912,2913,3.440949351626781,0.4125288906322589,Kern County,0.22889863254386278,4.95421848,115,0.06991723024606557,'AddedNode',' ',35.54469777,-119.08129
2913,2914,-1.964057409325134,0.4897234888855846,Kern County,0.2722373755756156,0.0,115,0.0,'AddedNode',' ',35.49929372,-119.0288662
2914,2915,2.455948236764132,0.4125187046062767,Kern County,0.22889298065505853,3.96918,115,0.08726440441324597,'AddedNode',' ',35.50059274,-119.15169
2915,2916,19.17613650682855,0.38098181730823405,Kern County,0.2117878607825039,20.7040807,115,0.01562977061168576,'AddedNode',' ',35.48403553,-119.0294397
2916,2917,-1.989479428681423,0.4537922004484784,Merced County,0.244024188158326,0.0,115,0.0,'AddedNode',' ',37.18553792,-120.4340538
2917,2918,-0.3467268223750628,0.3530269742076155,Merced County,0.18983825789395528,1.20098577,115,0.24464491553219592,'AddedNode',' ',37.29348289,-120.4075668
2918,2919,4.8651113103476575,0.353030000419832,Merced County,0.1898398852224518,6.41283717,115,0.04581748947669309,'AddedNode',' ',37.1207832,-120.4727432
2919,2920,-1.9894835441177436,0.4537931391628361,Madera County,0.2440246929466604,0.0,115,0.0,'AddedNode',' ',37.12713336,-120.201909
2920,2921,-2.432989964257355,0.6819511598335575,Tuolumne County,0.26650094279076353,0.0,115,0.0,'AddedNode',' ',37.96756337,-120.3144959
2921,2922,0.6378659021209443,0.4554131192756302,Calaveras County,0.19771651306100713,2.4065963,115,0.14531195232605262,'AddedNode',' ',38.14452092,-120.3815757
2922,2923,0.5829823213083523,0.4554268174333821,Sacramento County,0.1977224600833291,2.35176592,230,0.14870878156460254,'AddedNode',' ',38.34403687,-121.1238035
2923,2924,-2.2735925815795666,0.5854051531995464,Calaveras County,0.25415224269924236,0.0,230,0.0,'AddedNode',' ',38.22674533,-120.7788853
2924,2925,-2.2735925815795666,0.5854051531995464,Calaveras County,0.25415224269924236,0.0,230,0.0,'AddedNode',' ',38.2180988,-120.7641978
2925,2926,-2.2735925815795666,0.5854051531995463,San Joaquin County,0.25415224269924236,0.0,230,0.0,'AddedNode',' ',38.05344337,-120.9533241
2926,2927,-2.273592581579566,0.5854051531995463,San Joaquin County,0.25415224269924236,0.0,230,0.0,'AddedNode',' ',38.05100133,-120.9573872
2927,2928,-3.110344844405147,1.3685517315382647,San Joaquin County,0.43999999476142176,0.0,115,0.0,'AddedNode',' ',37.65881318,-121.5405324
2928,2929,-2.2659906594396717,0.37953202113509993,Alameda County,0.16542177616469744,0.0,66,0.0,'AddedNode',' ',37.71508327,-121.5867587
2929,2930,-2.2659906594396717,0.37953202113509993,Alameda County,0.16542177616469744,0.0,66,0.0,'AddedNode',' ',37.71509902,-121.5868955
2930,2931,0.0,0.0,Alameda County,0.0,0.0,66,0.0,'AddedNode',' ',37.71865154,-121.5977257
2931,2932,0.0,0.0,Alameda County,0.0,0.0,66,0.0,'AddedNode',' ',37.71289134,-121.5907885
2932,2933,-2.6466040015222396,0.811333016209071,Alameda County,0.2830501500293292,0.0,115,0.0,'AddedNode',' ',37.68010116,-121.6030571
2933,2934,-3.110344844405147,1.3685517315382647,San Joaquin County,0.43999999476142176,0.0,115,0.0,'AddedNode',' ',37.75268387,-121.3514941
2934,2935,-1.1127703465353207,0.47849124901018786,Placer County,0.4299998883163978,0.0,115,0.0,'AddedNode',' ',39.30941047,-120.520918
2935,2936,-1.1127703465353207,0.47849124901018786,Placer County,0.4299998883163978,0.0,115,0.0,'AddedNode',' ',39.30953811,-120.5210685
2936,2937,-1.1127703465353207,0.47849124901018786,Nevada County,0.4299998883163978,0.0,115,0.0,'AddedNode',' ',39.31935108,-120.3782265
2937,2938,2.027486847491551,0.37223731417863315,Nevada County,0.3345139620737352,2.89315502,115,0.10009076189319818,'AddedNode',' ',39.32506375,-120.6430464
2938,2939,-1.4014878286609995,0.5891152302397885,Placer County,0.42393635194171597,0.0,230,0.0,'AddedNode',' ',38.82774276,-121.3490993
2939,2940,-1.4014878286609995,0.5891152302397885,Placer County,0.42393635194171597,0.0,230,0.0,'AddedNode',' ',38.82258514,-121.341893
2940,2941,-1.3703435422234969,0.5892477231561037,Butte County,0.42999962004464487,0.0,230,0.0,'AddedNode',' ',39.45377011,-121.5025472
2941,2942,-1.3703435422234969,0.5892477231561037,Butte County,0.42999962004464487,0.0,230,0.0,'AddedNode',' ',39.4540007,-121.5160706
2942,2943,0.6805998713579651,0.3530260290388939,Fresno County,0.18983774963482297,2.22830832,115,0.1318549530798354,'AddedNode',' ',36.60527343,-119.3762129
2943,2944,-1.9894846340025032,0.45379338776113554,Fresno County,0.2440248266289894,0.0,115,0.0,'AddedNode',' ',36.79926699,-119.4129455
2944,2945,-1.9894654332628996,0.45378900815019346,Fresno County,0.24402247151798578,0.0,115,0.0,'AddedNode',' ',36.82671662,-119.6103286
2945,2946,-1.9894835441177436,0.4537931391628361,Fresno County,0.2440246929466604,0.0,115,0.0,'AddedNode',' ',36.92349299,-119.6019665
2946,2947,1.1141618062116918,0.5834019639632629,Fresno County,0.3058334348563864,2.58988677,115,0.1742647747409802,'AddedNode',' ',36.69310649,-119.7262642
2947,2948,1.9042206513569555,0.3530317154711597,Fresno County,0.1898408074815991,3.45195403,115,0.08511786420510911,'AddedNode',' ',36.69320061,-119.7267278
2948,2949,-1.989463591052829,0.4537885879495373,Fresno County,0.24402224555746044,0.0,115,0.0,'AddedNode',' ',36.69984365,-119.736635
2949,2950,-1.1127703465353205,0.4784912490101878,Nevada County,0.42999988831639774,0.0,115,0.0,'AddedNode',' ',39.32264388,-120.6368168
2950,2951,1.3074542626004677,0.3974295796268311,Placer County,0.33522129039590204,2.22802978,66,0.13850645786680033,'AddedNode',' ',38.76465574,-121.3352144
2951,2952,-1.1833321799486909,0.5108665198531481,Placer County,0.4309023353672749,0.0,66,0.0,'AddedNode',' ',38.78089929,-121.3196787
2952,2953,-1.1752847457918343,0.5074374168194421,Placer County,0.4310576210374855,0.0,66,0.0,'AddedNode',' ',38.78090875,-121.318769
2953,2954,-1.139282532260824,0.4920919358250344,Placer County,0.4314426128147355,0.0,66,0.0,'AddedNode',' ',38.78095261,-121.3143953
2954,2955,-1.1833321799486907,0.5108665198531479,Placer County,0.43090233536727485,0.0,66,0.0,'AddedNode',' ',38.76594016,-121.3296917
2955,2956,-0.9757804590951271,0.3638829974508784,Placer County,0.2766320963864023,0.0,66,0.0,'AddedNode',' ',38.82163413,-121.3076571
2956,2957,-0.9757804590951269,0.3638829974508783,Placer County,0.27663209638640224,0.0,66,0.0,'AddedNode',' ',38.80080835,-121.3088252
2957,2958,-0.9757804590951267,0.3638829974508783,Placer County,0.27663209638640224,0.0,66,0.0,'AddedNode',' ',38.78375309,-121.2878955
2958,2959,-0.9757804590951269,0.3638829974508783,Placer County,0.27663209638640224,0.0,66,0.0,'AddedNode',' ',38.78368043,-121.287979
2959,2960,-1.1577796107755174,0.4999757211615108,Placer County,0.4312204178894017,0.0,66,0.0,'AddedNode',' ',38.77954297,-121.2823198
2960,2961,-0.8028302507492738,0.4527929797242813,Sacramento County,0.20490509359297235,0.911833588,115,0.38531521429259435,'AddedNode',' ',38.60579508,-121.2122449
2961,2962,-1.8355770044957405,0.5302481123839071,Sacramento County,0.31374591078059355,0.0,115,0.0,'AddedNode',' ',38.657073,-121.1346622
2962,2963,1.6562566086293344,0.42278616105917544,Nevada County,0.2790505237545402,2.87529603,115,0.11830906642712397,'AddedNode',' ',39.04377422,-121.0904852
2963,2964,-1.5670150253400266,0.5434707485838643,Placer County,0.35870567914916396,0.0,115,0.0,'AddedNode',' ',38.93684017,-121.0590236
2964,2965,-2.2039583877933517,0.5820014763507227,Sacramento County,0.26337658118178153,0.0,115,0.0,'AddedNode',' ',38.65633803,-121.1342644
2965,2966,-0.9872117308220524,0.42814994151410046,Tehama County,0.4324005465804932,0.0,230,0.0,'AddedNode',' ',39.80136679,-122.2624361
2966,2967,-1.6504122551160654,0.5848210617618098,Sonoma County,0.37426253561938655,0.0,230,0.0,'AddedNode',' ',38.13039768,-122.4901556
2967,2968,-1.1602847415349635,0.04409082017832861,Sonoma County,0.03799992989876346,0.0,230,0.0,'AddedNode',' ',38.80153638,-122.8021351
2968,2969,-1.6369190997600518,0.5314120651446146,Napa County,0.310623448352966,0.0,115,0.0,'AddedNode',' ',38.50023451,-122.4593803
2969,2970,-1.6552936973801546,0.6612067107913854,Napa County,0.3855026941630958,0.0,115,0.0,'AddedNode',' ',38.50629864,-122.4507204
2970,2971,-1.6368807031309143,0.06220146671897474,Sonoma County,0.038000000688103115,0.0,230,0.0,'AddedNode',' ',38.77875202,-122.7656258
2971,2972,-1.6368807031309143,0.06220146671897474,Sonoma County,0.038000000688103115,0.0,230,0.0,'AddedNode',' ',38.77827459,-122.7553637
2972,2973,0.24850322145947934,0.04839022214453978,Sonoma County,0.029562461655410356,1.52193012,230,0.024735454909764372,'AddedNode',' ',38.77858777,-122.7552514
2973,2974,9.679813468123207,0.0483898282113181,Lake County,0.029562220994482493,10.95323,230,0.00343688765171271,'AddedNode',' ',38.77337945,-122.7290821
2974,2975,-1.6368807031309143,0.06220146671897474,Sonoma County,0.038000000688103115,0.0,230,0.0,'AddedNode',' ',38.78174742,-122.7670541
2975,2976,0.06592491284914437,0.04839113941173251,Sonoma County,0.029563022030523578,1.33937595,230,0.028107911797344013,'AddedNode',' ',38.78660806,-122.7821214
2976,2977,-1.6368807031309143,0.06220146671897474,Sonoma County,0.038000000688103115,0.0,230,0.0,'AddedNode',' ',38.77779637,-122.7524068
2977,2978,2.618050458349857,0.048390080142705454,Lake County,0.02956237490392222,3.89147362,230,0.009673819378490219,'AddedNode',' ',38.78868156,-122.744788
2978,2979,-1.6368807031309143,0.06220146671897474,Sonoma County,0.038000000688103115,0.0,230,0.0,'AddedNode',' ',38.76716709,-122.7614309
2979,2980,-0.3015145891571085,0.04838721860997012,Sonoma County,0.029560626741834614,0.971833269,230,0.03873191209663851,'AddedNode',' ',38.76871535,-122.7483962
2980,2981,-1.6368807031309143,0.06220146671897474,Sonoma County,0.038000000688103115,0.0,230,0.0,'AddedNode',' ',38.75431693,-122.7543326
2981,2982,2.724434163120719,0.0885504834497555,Sonoma County,0.058346416516047515,3.7332732,115,0.01576689931061213,'AddedNode',' ',38.79694561,-123.010032
2982,2983,-1.2967915640585443,0.11382541290845147,Sonoma County,0.07500021109919691,0.0,115,0.0,'AddedNode',' ',38.8015249,-122.9880392
2983,2984,-1.2967915640585443,0.11382541290845147,Mendocino County,0.07500021109919691,0.0,115,0.0,'AddedNode',' ',39.17064951,-123.1646753
2984,2985,2.816270864807905,0.08854943878344528,Sonoma County,0.058345728179482005,3.825098,115,0.015388038113011357,'AddedNode',' ',38.79724513,-123.0100346
2985,2986,-1.2967915640585443,0.11382541290845147,Mendocino County,0.07500021109919691,0.0,115,0.0,'AddedNode',' ',39.15627851,-123.1590713
2986,2987,2.8776037036100117,0.40891530534769516,Yuba County,0.33451520536729906,3.82856953,230,0.0830891345238623,'AddedNode',' ',39.27755212,-121.4874494
2987,2988,3.6895660357229465,0.45830349559643446,Butte County,0.3298022220987326,4.77985659,230,0.07522825021280209,'AddedNode',' ',39.72343118,-121.4699282
2988,2989,-1.4014878286609993,0.5891152302397884,Butte County,0.42393635194171597,0.0,230,0.0,'AddedNode',' ',39.7088545,-121.4828673
2989,2990,5.883712876423425,0.4584074226379269,Butte County,0.33451977803863947,6.94977665,115,0.05131379537382255,'AddedNode',' ',39.71248577,-121.8130741
2990,2991,-1.370348155693277,0.5892497069481092,Butte County,0.43000106770371094,0.0,115,0.0,'AddedNode',' ',39.30859774,-121.5690989
2991,2992,-1.3703481556932768,0.5892497069481091,Butte County,0.43000106770371094,0.0,115,0.0,'AddedNode',' ',39.32102955,-121.5673683
2992,2993,1.36303015941466,0.4584046994516961,Butte County,0.33451779081153865,2.4290876,115,0.14681034142317922,'AddedNode',' ',39.3205425,-121.5951725
2993,2994,-1.3703481556932768,0.5892497069481091,Butte County,0.43000106770371094,0.0,115,0.0,'AddedNode',' ',39.32096483,-121.5693059
2994,2995,-1.3703481556932768,0.5892497069481091,Butte County,0.43000106770371094,0.0,115,0.0,'AddedNode',' ',39.32079757,-121.567398
2995,2996,-1.4014878286609993,0.5891152302397884,Butte County,0.4239363519417159,0.0,230,0.0,'AddedNode',' ',39.54590746,-121.536137
2996,2997,1.765026212219023,0.45830349706930834,Butte County,0.3298022231586352,2.85531677,230,0.12593357543479655,'AddedNode',' ',39.5476326,-121.5379794
2997,2998,-1.3703442491474338,0.5892480271333965,Butte County,0.4299998418700593,0.0,115,0.0,'AddedNode',' ',39.71760619,-121.9192
2998,2999,2.8874619791393936,0.4584016766700608,Butte County,0.33451558495667727,3.95351239,115,0.09020092555782833,'AddedNode',' ',39.71193492,-121.8132887
2999,3000,1.0330206489775156,0.2660100128498931,El Dorado County,0.3423083036082544,1.63758886,66,0.12637403916547393,'AddedNode',' ',38.65583464,-121.0589512
3000,3001,0.609568000464471,0.2659977449956327,El Dorado County,0.34229251702813357,1.21410833,66,0.1704375350441204,'AddedNode',' ',38.6575425,-121.046942
3001,3002,-0.7771068818528647,0.3419270280152605,El Dorado County,0.44000020775068693,0.0,66,0.0,'AddedNode',' ',38.65558306,-121.0588098
3002,3003,-1.386144805285697,0.5897494015895717,Sutter County,0.42717280698808385,0.0,115,0.0,'AddedNode',' ',38.93462156,-121.471285
3003,3004,-1.386144805285697,0.5897494015895717,Sutter County,0.42717280698808385,0.0,115,0.0,'AddedNode',' ',38.93327771,-121.475324
3004,3005,-1.3861448052856968,0.5897494015895716,Solano County,0.4271728069880838,0.0,115,0.0,'AddedNode',' ',38.4877884,-121.9968609
3005,3006,6.687583422589424,0.45879494967948686,Yolo County,0.3323186525637818,7.76593337,115,0.04614458873675703,'AddedNode',' ',38.67910021,-121.7598804
3006,3007,-1.386144805285697,0.5897494015895717,Yolo County,0.42717280698808385,0.0,115,0.0,'AddedNode',' ',38.80403712,-121.7552194
3007,3008,-1.3703481556932773,0.5892497069481093,Yuba County,0.430001067703711,0.0,115,0.0,'AddedNode',' ',39.07029215,-121.5445605
3008,3009,0.6362641943167913,0.4584015024437798,Sutter County,0.3345154578162037,1.7023142,115,0.20948553780852272,'AddedNode',' ',39.09604388,-121.6240177
3009,3010,-1.3703481556932773,0.5892497069481093,Yuba County,0.430001067703711,0.0,115,0.0,'AddedNode',' ',39.0704832,-121.5426109
3010,3011,-1.3703481556932773,0.5892497069481093,Yuba County,0.430001067703711,0.0,115,0.0,'AddedNode',' ',39.0702925,-121.5426009
3011,3012,6.048979721168764,0.08855146669705749,Mendocino County,0.05834706438327972,7.05782996,115,0.00834016265222877,'AddedNode',' ',39.19692702,-123.192775
3012,3013,0.24497007263375603,0.514382631166568,Sonoma County,0.2998999963386299,1.53269797,115,0.25196718418390557,'AddedNode',' ',38.27644824,-122.4619808
3013,3014,0.5662740090341043,0.5425291426634034,Sonoma County,0.31631022907860884,1.92446511,115,0.2232359194493531,'AddedNode',' ',38.27633629,-122.4623503
3014,3015,-1.655231410772904,0.6611818304195385,Napa County,0.38548818818452324,0.0,115,0.0,'AddedNode',' ',38.30921493,-122.2917366
3015,3016,6.46446177022867,0.5425458671487139,Sonoma County,0.31631997993872624,7.82269474,115,0.05492176801343314,'AddedNode',' ',38.3787271,-122.7130424
3016,3017,13.930833811563089,0.1883101946010546,Sonoma County,0.11178703747846779,15.1724105,115,0.009147668381546159,'AddedNode',' ',38.378879,-122.7130303
3017,3018,-1.5959604439595276,0.24205965251809386,Sonoma County,0.14369445852568574,0.0,115,0.0,'AddedNode',' ',38.43667846,-122.7153968
3018,3019,0.9540130721554811,0.08855009644831574,Sonoma County,0.05834616151860069,1.9628477,115,0.029987873303554683,'AddedNode',' ',38.83380122,-122.8807326
3019,3020,-1.2967837124721482,0.11382472373828074,Sonoma County,0.0749997570010569,0.0,115,0.0,'AddedNode',' ',38.81000584,-122.8809395
3020,3021,-1.2967837124721484,0.11382472373828077,Sonoma County,0.07499975700105693,0.0,115,0.0,'AddedNode',' ',38.81725174,-122.8107532
3021,3022,-1.2967837124721484,0.11382472373828077,Sonoma County,0.07499975700105693,0.0,115,0.0,'AddedNode',' ',38.80572407,-122.8146205
3022,3023,1.1322396414551146,0.3391441853030456,Mendocino County,0.33823169724039936,1.91022533,115,0.13775307851523325,'AddedNode',' ',39.25031284,-123.1956274
3023,3024,-1.0000616768823698,0.4359528814642211,Lake County,0.43477992371512447,0.0,115,0.0,'AddedNode',' ',39.0289287,-122.6613218
3024,3025,-1.0000616768823698,0.4359528814642211,Lake County,0.43477992371512447,0.0,115,0.0,'AddedNode',' ',39.01190713,-122.6119867
3025,3026,0.3142221652745808,0.33915125435767823,Lake County,0.33823874727531067,1.09222407,115,0.240930773144499,'AddedNode',' ',38.93718014,-122.6088199
3026,3027,0.8672817680633087,0.33915937008402464,Lake County,0.33824684116580145,1.64530229,115,0.15994810528541473,'AddedNode',' ',38.93715975,-122.6087651
3027,3028,0.5398760408544261,0.0885535882377013,Lake County,0.058348462278460356,1.54875045,115,0.03800888025939524,'AddedNode',' ',38.93684329,-122.6089274
3028,3029,1.0702727372543008,0.08855214729410936,Lake County,0.05834751283254303,2.07913073,115,0.028312002621375947,'AddedNode',' ',38.91048231,-122.6174075
3029,3030,-2.2659906594396717,0.37953202113509993,San Joaquin County,0.16542177616469744,0.0,115,0.0,'AddedNode',' ',37.71035615,-121.4764474
3030,3031,-1.3703481556932768,0.5892497069481091,Butte County,0.4300010677037109,0.0,115,0.0,'AddedNode',' ',39.54322366,-121.3090876
3031,3032,0.8927267868697959,0.45839901594598775,Butte County,0.33451364331092215,1.95877101,115,0.18205616439557484,'AddedNode',' ',39.57521443,-121.3057579
3032,3033,-2.2595474436849763,0.20503215607756647,Stanislaus County,0.09021305785819039,0.0,115,0.0,'AddedNode',' ',37.44292877,-121.141303
3033,3034,-2.2595474436849763,0.20503215607756647,San Joaquin County,0.09021305785819039,0.0,115,0.0,'AddedNode',' ',37.69643228,-121.2984312
3034,3035,-2.2584922486967915,0.5815171159336685,San Joaquin County,0.25246426064882765,0.0,230,0.0,'AddedNode',' ',38.08776528,-121.3888667
3035,3036,-2.4329620312834024,0.6819433304038172,Tuolumne County,0.26649788311357503,0.0,115,0.0,'AddedNode',' ',37.94565977,-120.527387
3036,3037,-2.3074030150426785,0.6058890697404186,Calaveras County,0.25677106904237207,0.0,115,0.0,'AddedNode',' ',37.98501611,-120.6448917
3037,3038,-2.624825529646612,0.7981569394489129,Tuolumne County,0.2813614675902316,0.0,115,0.0,'AddedNode',' ',37.94588448,-120.5279932
3038,3039,-0.8892109313606312,0.39125280979867777,Humboldt County,0.4373258809218622,0.0,115,0.0,'AddedNode',' ',40.76004348,-124.0033286
3039,3040,-0.8892109313606313,0.3912528097986778,Humboldt County,0.43732588092186225,0.0,115,0.0,'AddedNode',' ',40.76335409,-124.0577
3040,3041,-0.8892109313606312,0.39125280979867777,Trinity County,0.4373258809218622,0.0,115,0.0,'AddedNode',' ',40.38736017,-123.0438796
3041,3042,-2.405126354412533,0.7271190483447107,Santa Clara County,0.2843481023762195,0.0,115,0.0,'AddedNode',' ',37.39946576,-121.9673911
3042,3043,-2.405126354412533,0.7271190483447106,Santa Clara County,0.28434810237621944,0.0,115,0.0,'AddedNode',' ',37.38345056,-121.9569851
3043,3044,-2.8547308736934363,0.9538927466768153,Santa Clara County,0.24726090996674843,0.0,115,0.0,'AddedNode',' ',37.34798936,-121.9125631
3044,3045,-2.405121926223937,0.7271177096124352,Alameda County,0.2843475788498684,0.0,115,0.0,'AddedNode',' ',37.45729922,-121.9218574
3045,3046,-3.6091949073675598,1.1230867645215636,Santa Clara County,0.22143889131816558,0.0,115,0.0,'AddedNode',' ',37.26933863,-121.7867833
3046,3047,-3.50792211320636,1.091573327966397,Santa Clara County,0.2152253905692947,0.0,115,0.0,'AddedNode',' ',37.27001152,-121.786901
3047,3048,-3.553678868446181,1.1058116297251608,Santa Clara County,0.2180327549291245,0.0,115,0.0,'AddedNode',' ',37.26984328,-121.7866799
3048,3049,-0.42285166546761577,0.8737162293600046,Santa Clara County,0.1722705308868883,2.38495648,115,0.20281401522607048,'AddedNode',' ',37.30323225,-121.8410945
3049,3050,-2.2129200880341835,0.38527601017141405,Santa Clara County,0.16739491901869424,0.0,230,0.0,'AddedNode',' ',37.28054407,-122.0159509
3050,3051,-2.212918403924527,0.38527571696288265,Santa Clara County,0.16739479162530077,0.0,230,0.0,'AddedNode',' ',37.2797773,-122.0142743
3051,3052,-2.2129200880341835,0.38527601017141405,Santa Clara County,0.16739491901869424,0.0,230,0.0,'AddedNode',' ',37.29268301,-122.0429016
3052,3053,-2.2129200880341835,0.38527601017141405,Santa Clara County,0.16739491901869424,0.0,230,0.0,'AddedNode',' ',37.28963385,-122.0357638
3053,3054,-2.2695534192868623,0.3951360426351851,Santa Clara County,0.17167891099385077,0.0,230,0.0,'AddedNode',' ',37.2337413,-121.8994112
3054,3055,-2.2695462957446684,0.3951348024051698,San Benito County,0.17167837213807594,0.0,115,0.0,'AddedNode',' ',36.9523662,-121.4748832
3055,3056,-0.01734348383328599,0.3074006147540872,San Benito County,0.13355957717212463,1.74828162,115,0.13488452867934533,'AddedNode',' ',36.86300458,-121.4062271
3056,3057,-2.265493436566362,0.39568792524049723,Monterey County,0.1726681024922233,0.0,115,0.0,'AddedNode',' ',36.69394401,-121.6825879
3057,3058,-2.2695462957446693,0.39513480240516985,Monterey County,0.17167837213807596,0.0,115,0.0,'AddedNode',' ',36.77803526,-121.6017877
3058,3059,-2.269558183963601,0.3951368721796651,Santa Cruz County,0.17167927141476302,0.0,115,0.0,'AddedNode',' ',37.01310991,-121.9747117
3059,3060,-2.2695534192868623,0.39513604263518515,Santa Cruz County,0.1716789109938508,0.0,115,0.0,'AddedNode',' ',36.99269855,-121.7200603
3060,3061,-3.6091949073675607,1.1230867645215636,Santa Clara County,0.2214388913181656,0.0,115,0.0,'AddedNode',' ',37.15736651,-121.638741
3061,3062,-3.6091949073675607,1.1230867645215636,Santa Clara County,0.2214388913181656,0.0,115,0.0,'AddedNode',' ',37.22434747,-121.7941699
3062,3063,-3.6091949073675607,1.1230867645215636,Santa Clara County,0.22143889131816563,0.0,115,0.0,'AddedNode',' ',37.22610666,-121.8306498
3063,3064,-3.6091949073675607,1.1230867645215636,Santa Clara County,0.22143889131816563,0.0,115,0.0,'AddedNode',' ',37.22246207,-121.8036031
3064,3065,-3.6091949073675607,1.1230867645215636,Santa Clara County,0.22143889131816563,0.0,115,0.0,'AddedNode',' ',37.22118995,-121.7940462
3065,3066,-3.6091949073675607,1.1230867645215636,Santa Clara County,0.22143889131816563,0.0,115,0.0,'AddedNode',' ',37.22171036,-121.7943244
3066,3067,-2.4934651697612633,0.8149577307753634,Contra Costa County,0.3130145380957095,0.0,230,0.0,'AddedNode',' ',37.94497853,-121.7605926
3067,3068,-2.4934651697612633,0.8149577307753634,Contra Costa County,0.3130145380957095,0.0,230,0.0,'AddedNode',' ',38.01168035,-121.7629334
3068,3069,-2.4934651697612633,0.8149577307753634,Contra Costa County,0.31301453809570956,0.0,230,0.0,'AddedNode',' ',37.94155758,-121.7589315
3069,3070,-2.4934651697612633,0.8149577307753634,Contra Costa County,0.31301453809570956,0.0,230,0.0,'AddedNode',' ',37.88823578,-121.7374072
3070,3071,-2.4934651697612633,0.8149577307753634,Contra Costa County,0.31301453809570956,0.0,230,0.0,'AddedNode',' ',37.88375316,-121.7357691
3071,3072,-2.4934651697612633,0.8149577307753634,Contra Costa County,0.31301453809570956,0.0,230,0.0,'AddedNode',' ',37.77540155,-121.7307781
3072,3073,-2.4934651697612633,0.8149577307753634,Alameda County,0.31301453809570956,0.0,230,0.0,'AddedNode',' ',37.76979386,-121.7316049
3073,3074,-2.4934651697612633,0.8149577307753634,Alameda County,0.31301453809570956,0.0,230,0.0,'AddedNode',' ',37.71789605,-121.733373
3074,3075,-2.4934651697612633,0.8149577307753634,Alameda County,0.31301453809570956,0.0,230,0.0,'AddedNode',' ',37.71350924,-121.7333985
3075,3076,-2.1087366423705296,0.4773983199989028,Alameda County,0.23867521563511723,0.0,115,0.0,'AddedNode',' ',37.5411017,-121.8970991
3076,3077,-2.1087403191896277,0.47739915239647424,Alameda County,0.2386756317921533,0.0,115,0.0,'AddedNode',' ',37.59360301,-122.0160764
3077,3078,-2.9003379516513923,1.1225637800928894,Alameda County,0.3717071864445932,0.0,115,0.0,'AddedNode',' ',37.58635204,-121.8700909
3078,3079,-2.9570515082852262,1.0648109481459822,Alameda County,0.28513527550546763,0.0,115,0.0,'AddedNode',' ',37.62342785,-122.1178266
3079,3080,-2.4051282827223694,0.7271196313123418,Santa Clara County,0.2843483303522848,0.0,115,0.0,'AddedNode',' ',37.38503838,-122.0133923
3080,3081,-2.405103659188618,0.7271121871128319,Santa Clara County,0.2843454192141306,0.0,115,0.0,'AddedNode',' ',37.41781732,-122.0025888
3081,3082,-2.4051282827223694,0.7271196313123418,Santa Clara County,0.2843483303522848,0.0,115,0.0,'AddedNode',' ',37.39703526,-122.0093835
3082,3083,1.9856428971837707,0.5656589790685563,Santa Clara County,0.22120732176715177,3.85670008,115,0.10731753563890561,'AddedNode',' ',37.39719857,-122.010111
3083,3084,-2.4051036591886175,0.7271121871128321,Santa Clara County,0.28434541921413065,0.0,115,0.0,'AddedNode',' ',37.41614689,-122.0297077
3084,3085,-2.4051036591886175,0.7271121871128321,Santa Clara County,0.28434541921413065,0.0,115,0.0,'AddedNode',' ',37.42199406,-122.0231959
3085,3086,-2.405126354412534,0.7271190483447107,Santa Clara County,0.2843481023762195,0.0,115,0.0,'AddedNode',' ',37.42512796,-122.0292686
3086,3087,-2.405124287224939,0.7271184233914839,Santa Clara County,0.2843478579812136,0.0,115,0.0,'AddedNode',' ',37.4199462,-122.0366432
3087,3088,-2.8547308736934363,0.9538927466768153,Santa Clara County,0.24726090996674843,0.0,115,0.0,'AddedNode',' ',37.37623652,-121.9319299
3088,3089,-2.405126193854571,0.7271189998047445,Santa Clara County,0.2843480833941184,0.0,115,0.0,'AddedNode',' ',37.40391787,-121.9056657
3089,3090,-2.405121926223937,0.7271177096124352,Santa Clara County,0.2843475788498684,0.0,115,0.0,'AddedNode',' ',37.40638438,-121.8886188
3090,3091,-2.405126354412534,0.7271190483447107,Santa Clara County,0.2843481023762195,0.0,115,0.0,'AddedNode',' ',37.41796331,-122.0675705
3091,3092,-3.7539335396011015,1.301234497080947,Santa Clara County,0.27857994860516216,0.0,115,0.0,'AddedNode',' ',37.42224712,-121.9330931
3092,3093,-3.680996980160142,1.2701892857502763,Santa Clara County,0.27889185964807345,0.0,115,0.0,'AddedNode',' ',37.38820769,-121.9238826
3093,3094,-2.2732184882000444,0.5060800951442508,Santa Clara County,0.21734836809566807,0.0,115,0.0,'AddedNode',' ',37.42376341,-121.933839
3094,3095,-2.2732184882000444,0.5060800951442508,Santa Clara County,0.21734836809566807,0.0,115,0.0,'AddedNode',' ',37.42203022,-121.934887
3095,3096,-2.2732184882000444,0.5060800951442507,Santa Clara County,0.21734836809566802,0.0,115,0.0,'AddedNode',' ',37.4202483,-121.9596943
3096,3097,-2.273218488200045,0.5060800951442508,Santa Clara County,0.21734836809566807,0.0,115,0.0,'AddedNode',' ',37.42025139,-121.960036
3097,3098,-2.8350314634532796,0.8294723508287594,Santa Clara County,0.2516806964796946,0.0,115,0.0,'AddedNode',' ',37.40269828,-121.9637055
3098,3099,-2.2848182247231126,0.5086625111300942,Alameda County,0.21845744925822047,0.0,230,0.0,'AddedNode',' ',37.46157043,-121.9286423
3099,3100,-2.2848182247231126,0.5086625111300942,Alameda County,0.21845744925822047,0.0,230,0.0,'AddedNode',' ',37.45584612,-121.9269753
3100,3101,-2.2848182247231126,0.5086625111300942,Santa Clara County,0.21845744925822047,0.0,230,0.0,'AddedNode',' ',37.44987098,-121.9228801
3101,3102,-2.2848182247231126,0.5086625111300942,Santa Clara County,0.21845744925822047,0.0,230,0.0,'AddedNode',' ',37.4434066,-121.9252743
3102,3103,-2.2848182247231126,0.5086625111300942,Santa Clara County,0.21845744925822047,0.0,230,0.0,'AddedNode',' ',37.43343107,-121.9298651
3103,3104,-2.2848182247231126,0.5086625111300942,Santa Clara County,0.21845744925822047,0.0,230,0.0,'AddedNode',' ',37.43041396,-121.9332163
3104,3105,-2.2704750166227483,0.4019890775924101,Alameda County,0.17450270199157378,0.0,230,0.0,'AddedNode',' ',37.50543808,-121.9663173
3105,3106,-2.2704750166227483,0.4019890775924101,Alameda County,0.17450270199157378,0.0,230,0.0,'AddedNode',' ',37.498804,-121.9579532
3106,3107,-2.2704750166227483,0.4019890775924101,Alameda County,0.17450270199157378,0.0,230,0.0,'AddedNode',' ',37.4936892,-121.956862
3107,3108,-2.2704750166227483,0.4019890775924101,Alameda County,0.17450270199157378,0.0,230,0.0,'AddedNode',' ',37.4914292,-121.9573561
3108,3109,-2.280128083323849,0.47376967088533606,Alameda County,0.20407987391860247,0.0,230,0.0,'AddedNode',' ',37.48951833,-121.9576864
3109,3110,-2.289990174378232,0.5471045776991235,Alameda County,0.2342975002654965,0.0,230,0.0,'AddedNode',' ',37.48959424,-121.957764
3110,3111,-2.1087370315164793,0.4773984080979182,Alameda County,0.2386752596802063,0.0,115,0.0,'AddedNode',' ',37.51733934,-121.9417936
3111,3112,-2.108740118938507,0.477399107061487,Alameda County,0.23867560912693353,0.0,115,0.0,'AddedNode',' ',37.5147983,-121.9404145
3112,3113,-2.1087366423705296,0.4773983199989028,Alameda County,0.23867521563511723,0.0,115,0.0,'AddedNode',' ',37.51745649,-121.9421478
3113,3114,-2.274790955529524,0.6179493523045742,Contra Costa County,0.2681786548833835,0.0,230,0.0,'AddedNode',' ',38.00748433,-121.7793908
3114,3115,-2.2747942047945586,0.6179502349708337,Contra Costa County,0.268179037944308,0.0,115,0.0,'AddedNode',' ',38.01274165,-121.7856678
3115,3116,-2.274791615897206,0.6179495316941486,Solano County,0.26817873273515974,0.0,230,0.0,'AddedNode',' ',38.32252,-121.91972
3116,3117,-2.274798774734447,0.617951476399804,Solano County,0.2681795767016514,0.0,230,0.0,'AddedNode',' ',38.32241517,-121.9216075
3117,3118,-2.274794204794559,0.6179502349708339,Solano County,0.2681790379443081,0.0,230,0.0,'AddedNode',' ',38.32236355,-121.9197087
3118,3119,-2.274794204794559,0.6179502349708339,Solano County,0.2681790379443081,0.0,230,0.0,'AddedNode',' ',38.32221608,-121.9196175
3119,3120,-2.274794204794559,0.6179502349708339,Solano County,0.26817903794430803,0.0,230,0.0,'AddedNode',' ',38.28451195,-121.8819248
3120,3121,-2.274794204794559,0.6179502349708339,Solano County,0.26817903794430803,0.0,230,0.0,'AddedNode',' ',38.28042741,-121.883731
3121,3122,-2.4934659741982848,0.8149579936954867,Contra Costa County,0.3130146390798684,0.0,230,0.0,'AddedNode',' ',37.96179471,-121.8896152
3122,3123,-2.4934651697612633,0.8149577307753635,Contra Costa County,0.31301453809570956,0.0,230,0.0,'AddedNode',' ',37.96199762,-121.8894192
3123,3124,-2.273591861996987,0.5854049679212545,Contra Costa County,0.2541521622611164,0.0,230,0.0,'AddedNode',' ',37.90684126,-122.2054568
3124,3125,-1.9863423734490475,0.7308712299113901,Contra Costa County,0.3759069211123237,0.0,115,0.0,'AddedNode',' ',38.0173758,-121.9661051
3125,3126,-1.9863265355453072,0.7308654023821879,Contra Costa County,0.3759039238558027,0.0,115,0.0,'AddedNode',' ',38.0308548,-122.0338512
3126,3127,1.486033523644231,0.5685802345662557,Contra Costa County,0.2924362550254398,3.03130575,115,0.14907556681483047,'AddedNode',' ',38.02465386,-121.9608382
3127,3128,-1.8351148526881627,0.8074505351827916,Contra Costa County,0.4400040720665044,0.0,115,0.0,'AddedNode',' ',38.01784809,-122.067251
3128,3129,-2.2565634119063978,0.6065331126403877,Contra Costa County,0.2668526585772321,0.0,115,0.0,'AddedNode',' ',37.98441517,-121.9066217
3129,3130,-2.2565634119063978,0.6065331126403877,Contra Costa County,0.2668526585772321,0.0,115,0.0,'AddedNode',' ',37.98257488,-121.9085642
3130,3131,5.460090178390745,0.4807346107630328,Contra Costa County,0.20862998041751127,7.22976716,115,0.05106771294948028,'AddedNode',' ',37.98328899,-121.9066945
3131,3132,-2.256561472784927,0.6065325914312895,Contra Costa County,0.26685242926405744,0.0,115,0.0,'AddedNode',' ',38.02066422,-121.9070631
3132,3133,-2.256561472784927,0.6065325914312895,Contra Costa County,0.26685242926405744,0.0,115,0.0,'AddedNode',' ',37.99214292,-121.9075094
3133,3134,-2.256561472784927,0.6065325914312895,Contra Costa County,0.26685242926405744,0.0,115,0.0,'AddedNode',' ',37.98800268,-121.9093142
3134,3135,-2.274794204794559,0.6179502349708338,Contra Costa County,0.268179037944308,0.0,115,0.0,'AddedNode',' ',37.99898773,-121.7865937
3135,3136,-2.274794204794559,0.6179502349708338,Contra Costa County,0.268179037944308,0.0,115,0.0,'AddedNode',' ',37.98755736,-121.8725168
3136,3137,-2.274794204794559,0.6179502349708338,Contra Costa County,0.268179037944308,0.0,115,0.0,'AddedNode',' ',37.99956877,-121.7878569
3137,3138,-1.8350920551908958,0.807440504283994,Contra Costa County,0.4399986059281776,0.0,115,0.0,'AddedNode',' ',37.99362968,-122.1293923
3138,3139,-1.7254149473460634,0.7546519922937123,Contra Costa County,0.4350159887761761,0.0,115,0.0,'AddedNode',' ',38.02717194,-122.2004944
3139,3140,-1.3573368216395483,0.5774927520306414,Contra Costa County,0.41829495584954,0.0,115,0.0,'AddedNode',' ',38.02911811,-122.2049156
3140,3141,-2.4548879535441004,0.7746827793692211,Contra Costa County,0.3026871232893069,0.0,115,0.0,'AddedNode',' ',37.96152411,-122.2041145
3141,3142,-2.4548879535441,0.7746827793692208,Contra Costa County,0.3026871232893069,0.0,115,0.0,'AddedNode',' ',37.95771841,-122.203709
3142,3143,-2.4548879535441004,0.7746827793692211,Contra Costa County,0.3026871232893069,0.0,115,0.0,'AddedNode',' ',37.95714013,-122.2683513
3143,3144,2.44403725034687,0.6026703807434552,Contra Costa County,0.23547775773128996,4.35383607,115,0.10329170334834935,'AddedNode',' ',37.96608292,-122.2784922
3144,3145,-2.4548879535441,0.7746827793692208,Contra Costa County,0.3026871232893069,0.0,115,0.0,'AddedNode',' ',37.96035379,-122.2770612
3145,3146,0.5697200866014582,0.6026773244097138,Contra Costa County,0.23548047078806741,2.47954091,115,0.1813745055792377,'AddedNode',' ',37.96598968,-122.2786439
3146,3147,-7.183143684726448,3.160583221279637,Contra Costa County,0.4400000068383725,0.0,115,0.0,'AddedNode',' ',37.98253682,-122.3580571
3147,3148,-2.266180674728249,0.5833968544158639,San Mateo County,0.24085049302647354,0.0,115,0.0,'AddedNode',' ',37.4752334,-122.1246132
3148,3149,-2.499827468937826,0.7782315968974757,San Mateo County,0.2636153655257113,0.0,115,0.0,'AddedNode',' ',37.50182361,-122.2416011
3149,3150,3.496388746404833,0.6054329926839281,San Mateo County,0.20508218929168578,5.44115433,115,0.0733000314554246,'AddedNode',' ',37.49975253,-122.2439543
3150,3151,-2.3087687190734942,0.6225513303099119,San Mateo County,0.2630935362836445,0.0,115,0.0,'AddedNode',' ',37.56671706,-122.2797655
3151,3152,-2.30877722655456,0.622553624322132,San Mateo County,0.2630945057455312,0.0,115,0.0,'AddedNode',' ',37.56520202,-122.2795891
3152,3153,-2.308768719073494,0.6225513303099119,San Mateo County,0.2630935362836445,0.0,115,0.0,'AddedNode',' ',37.56652943,-122.2794288
3153,3154,-2.78491112084542,0.8890179501707479,San Mateo County,0.28918289007001285,0.0,115,0.0,'AddedNode',' ',37.59019531,-122.3630635
3154,3155,-2.709713599146864,0.8469339056432545,San Mateo County,0.28506273706481006,0.0,115,0.0,'AddedNode',' ',37.65388992,-122.4019466
3155,3156,-2.709713599146864,0.8469339056432547,San Mateo County,0.2850627370648101,0.0,115,0.0,'AddedNode',' ',37.65347682,-122.4027644
3156,3157,-2.709713599146864,0.8469339056432545,San Mateo County,0.28506273706481006,0.0,115,0.0,'AddedNode',' ',37.64971062,-122.4051769
3157,3158,-2.7097135991468644,0.8469339056432547,San Mateo County,0.2850627370648101,0.0,115,0.0,'AddedNode',' ',37.60718221,-122.3892679
3158,3159,-2.78491112084542,0.8890179501707479,San Mateo County,0.28918289007001285,0.0,115,0.0,'AddedNode',' ',37.60624576,-122.388458
3159,3160,-2.407883000054518,0.6944880266459472,San Mateo County,0.26516453396386186,0.0,115,0.0,'AddedNode',' ',37.62649049,-122.4038336
3160,3161,-2.308779490393888,0.6225542347584107,San Mateo County,0.26309476371918167,0.0,115,0.0,'AddedNode',' ',37.60709052,-122.3887302
3161,3162,-2.3087590543765883,0.6225487242585278,San Mateo County,0.2630924349523309,0.0,115,0.0,'AddedNode',' ',37.60632861,-122.3898478
3162,3163,-2.308779490393888,0.6225542347584107,San Mateo County,0.2630947637191816,0.0,115,0.0,'AddedNode',' ',37.60694789,-122.3885888
3163,3164,-2.616737764345728,0.8121758688349665,San Mateo County,0.27644409823440863,0.0,115,0.0,'AddedNode',' ',37.69264822,-122.4540996
3164,3165,-2.6167419604112045,0.8121771711982261,San Mateo County,0.27644454152588116,0.0,115,0.0,'AddedNode',' ',37.68097309,-122.4296067
3165,3166,-2.6167419604112045,0.8121771711982261,San Mateo County,0.27644454152588116,0.0,115,0.0,'AddedNode',' ',37.68097758,-122.4298206
3166,3167,-2.763864209037339,0.9952457238996207,Alameda County,0.26650708670291723,0.0,115,0.0,'AddedNode',' ',37.73860991,-122.1936175
3167,3168,-2.763875301943828,0.9952497183678412,Alameda County,0.26650815634236685,0.0,115,0.0,'AddedNode',' ',37.76287494,-122.2131445
3168,3169,-2.227976743412735,0.6894737430245653,Alameda County,0.2796571953571516,0.0,115,0.0,'AddedNode',' ',37.70687216,-122.1774512
3169,3170,-2.2279815664473888,0.6894752355696583,Alameda County,0.27965780074782653,0.0,115,0.0,'AddedNode',' ',37.7390726,-122.1937523
3170,3171,-2.227981566447389,0.6894752355696584,Alameda County,0.2796578007478266,0.0,115,0.0,'AddedNode',' ',37.76139755,-122.2110957
3171,3172,-2.1380797171550125,0.6090983033443101,Contra Costa County,0.28749038533036325,0.0,115,0.0,'AddedNode',' ',37.90395329,-122.2068082
3172,3173,-2.138083398968549,0.6090993522230586,Contra Costa County,0.28749088039422066,0.0,115,0.0,'AddedNode',' ',37.87611458,-122.1830226
3173,3174,-2.1380710542980896,0.6090958354609046,Contra Costa County,0.2874892205056588,0.0,115,0.0,'AddedNode',' ',37.85212236,-122.1576759
3174,3175,-2.1380870819202213,0.6091004014260407,Contra Costa County,0.28749137561111415,0.0,115,0.0,'AddedNode',' ',37.87664175,-122.184178
3175,3176,-2.1380797171550125,0.6090983033443101,Contra Costa County,0.28749038533036325,0.0,115,0.0,'AddedNode',' ',37.87684552,-122.1837075
3176,3177,-2.1380797171550125,0.6090983033443101,Contra Costa County,0.28749038533036325,0.0,115,0.0,'AddedNode',' ',37.90445815,-122.2057027
3177,3178,-1.357336821639548,0.5774927520306414,Contra Costa County,0.41829495584953996,0.0,115,0.0,'AddedNode',' ',38.02861503,-122.2037262
3178,3179,-1.5005726514366662,0.6464334171043952,Contra Costa County,0.42480186527729913,0.0,115,0.0,'AddedNode',' ',38.02804312,-122.2036294
3179,3180,-1.6749987446902945,0.7303859841023227,Contra Costa County,0.4327268429805272,0.0,115,0.0,'AddedNode',' ',38.02820793,-122.2027745
3180,3181,-1.357334120073901,0.5774916026220677,Contra Costa County,0.41829412329916266,0.0,115,0.0,'AddedNode',' ',38.02922545,-122.2038323
3181,3182,-1.3861528546645139,0.5897528262796347,Solano County,0.4271752875916475,0.0,115,0.0,'AddedNode',' ',38.06771039,-122.1993636
3182,3183,9.326474978207736,0.46828796062651135,Yolo County,0.2788226820121461,10.70385,115,0.03587899659586569,'AddedNode',' ',38.54521411,-121.7340737
3183,3184,-1.7705102168835622,0.601948347846439,Yolo County,0.35840522689240073,0.0,115,0.0,'AddedNode',' ',38.46350881,-121.6570053
3184,3185,-1.3861448052856968,0.5897494015895716,Solano County,0.4271728069880838,0.0,115,0.0,'AddedNode',' ',38.23088704,-122.0982754
3185,3186,-1.3861444315316813,0.5897492425721254,Solano County,0.4271726918070786,0.0,115,0.0,'AddedNode',' ',38.23089102,-122.1009167
3186,3187,-1.3861444315316813,0.5897492425721254,Solano County,0.4271726918070786,0.0,115,0.0,'AddedNode',' ',38.20572348,-122.149132
3187,3188,-1.386143254545307,0.589748741811305,Solano County,0.4271723290913137,0.0,115,0.0,'AddedNode',' ',38.23083096,-122.0997434
3188,3189,-1.386144805285697,0.5897494015895717,Solano County,0.42717280698808385,0.0,115,0.0,'AddedNode',' ',38.23076465,-122.0996187
3189,3190,-1.3861528546645143,0.5897528262796347,Solano County,0.4271752875916476,0.0,115,0.0,'AddedNode',' ',38.07718608,-122.2218722
3190,3191,1.345162452651311,0.45879550275137454,Solano County,0.33231905316998855,2.4235137,115,0.14786657302725065,'AddedNode',' ',38.090955,-122.2485631
3191,3192,-1.3861448052856968,0.5897494015895716,Solano County,0.4271728069880838,0.0,115,0.0,'AddedNode',' ',38.06727717,-122.1960752
3192,3193,-1.642240121461543,0.5751864649657001,Napa County,0.37149467528654767,0.0,230,0.0,'AddedNode',' ',38.16682751,-122.2537712
3193,3194,-1.6422401214615425,0.5751864649657,Solano County,0.37149467528654756,0.0,230,0.0,'AddedNode',' ',38.1983823,-122.158306
3194,3195,-1.642240121461543,0.5751864649657001,Solano County,0.37149467528654767,0.0,230,0.0,'AddedNode',' ',38.1844664,-122.2100428
3195,3196,0.0,0.0,Napa County,0.0,0.0,115,0.0,'AddedNode',' ',38.50917926,-122.2122949
3196,3197,0.0,0.0,Napa County,0.0,0.0,115,0.0,'AddedNode',' ',38.50896227,-122.2153685
3197,3198,-1.5576443890777354,0.5984981696002585,Marin County,0.3982136290373085,0.0,115,0.0,'AddedNode',' ',37.89851302,-122.5208394
3198,3199,-1.6552832577069916,0.6612025406661896,Napa County,0.3855002628591302,0.0,115,0.0,'AddedNode',' ',38.31837764,-122.2561389
3199,3200,-1.6422386352606266,0.575185944431194,Solano County,0.3714943390898373,0.0,230,0.0,'AddedNode',' ',38.34346654,-122.0475293
3200,3201,-1.642238635260627,0.5751859444311941,Solano County,0.3714943390898373,0.0,230,0.0,'AddedNode',' ',38.33952202,-122.0525975
3201,3202,-1.642238635260627,0.5751859444311941,Solano County,0.3714943390898373,0.0,230,0.0,'AddedNode',' ',38.21186179,-122.1539299
3202,3203,-1.642238635260627,0.5751859444311942,Solano County,0.37149433908983737,0.0,230,0.0,'AddedNode',' ',38.20869625,-122.154966
3203,3204,-1.6422401214615425,0.5751864649657,Solano County,0.37149467528654756,0.0,230,0.0,'AddedNode',' ',38.14218331,-122.2108495
3204,3205,-1.6422358300764495,0.5751849619293359,Solano County,0.371493704523082,0.0,230,0.0,'AddedNode',' ',38.13848423,-122.2102039
3205,3206,-1.6248927912351019,0.5691106485128303,Solano County,0.3675704983496058,0.0,230,0.0,'AddedNode',' ',38.13823487,-122.2101518
3206,3207,-1.6927220110642285,0.5723871185356598,Solano County,0.35765123030829693,0.0,230,0.0,'AddedNode',' ',38.11742623,-122.2065439
3207,3208,-2.273591861996987,0.5854049679212545,Contra Costa County,0.2541521622611164,0.0,230,0.0,'AddedNode',' ',38.00648699,-122.2337436
3208,3209,-2.273591861996987,0.5854049679212545,Contra Costa County,0.2541521622611164,0.0,230,0.0,'AddedNode',' ',38.00266913,-122.2337758
3209,3210,6.846220774274205,0.30437638691934965,Trinity County,0.34021908139090895,7.53798529,66,0.031222067837048912,'AddedNode',' ',40.64683179,-123.49791
3210,3211,5.323910233771076,0.44222938327843725,Butte County,0.32271396105493105,6.35235066,115,0.05224712888525548,'AddedNode',' ',39.67750696,-121.4916068
3211,3212,1.965300222868377,0.44223287956659796,Butte County,0.3227165124480406,2.99374878,115,0.11086345447787938,'AddedNode',' ',39.76888362,-121.8239193
3212,3213,-1.3703467684377746,0.589249110428243,Shasta County,0.43000063239729275,0.0,230,0.0,'AddedNode',' ',40.54849227,-122.1640112
3213,3214,-1.3703467684377746,0.589249110428243,Shasta County,0.43000063239729275,0.0,230,0.0,'AddedNode',' ',40.55198409,-122.1610884
3214,3215,-1.3703467684377746,0.589249110428243,Shasta County,0.43000063239729275,0.0,230,0.0,'AddedNode',' ',40.46999686,-122.2090393
3215,3216,-1.3703467684377746,0.589249110428243,Shasta County,0.43000063239729275,0.0,230,0.0,'AddedNode',' ',40.47412045,-122.2076883
3216,3217,-1.636860884013781,0.06220071359252368,Sonoma County,0.03799954058953683,0.0,230,0.0,'AddedNode',' ',38.78678433,-122.7673699
3217,3218,1.9123425729565502,0.048389808647651085,Sonoma County,0.029562209042684584,3.18575859,230,0.011816648823394133,'AddedNode',' ',38.79002047,-122.7569377
3218,3219,1.4492276317136545,0.04838998919488113,Lake County,0.029562319342251907,2.7226484,230,0.013826710569435524,'AddedNode',' ',38.78790735,-122.7216629
3219,3220,0.33436459252122996,0.04838813514419326,Lake County,0.029561186669163454,1.60773657,230,0.02341328015293682,'AddedNode',' ',38.76262541,-122.6922992
3220,3221,-1.6368807031309145,0.06220146671897475,Sonoma County,0.03800000068810312,0.0,230,0.0,'AddedNode',' ',38.75620374,-122.7242813
3221,3222,-1.6368807031309145,0.06220146671897475,Lake County,0.03800000068810312,0.0,230,0.0,'AddedNode',' ',38.76612016,-122.7121816
3222,3223,-1.6552936973801546,0.6612067107913854,Napa County,0.3855026941630958,0.0,115,0.0,'AddedNode',' ',38.50840815,-122.4475925
3223,3224,-1.6552936973801546,0.6612067107913854,Napa County,0.38550269416309574,0.0,115,0.0,'AddedNode',' ',38.35048083,-122.2823954
3224,3225,-2.265002887615149,0.352780464668712,San Joaquin County,0.15389196624835255,0.0,115,0.0,'AddedNode',' ',37.69632636,-121.4096691
3225,3226,4.563939779106481,0.15950707308291168,San Joaquin County,0.07018226354394635,6.32178014,115,0.019514948755622926,'AddedNode',' ',37.73147077,-121.1153483
3226,3227,0.0,0.0,Calaveras County,0.0,0.0,115,0.0,'AddedNode',' ',38.07293164,-120.5383677
3227,3228,-1.024424686616647,0.45074686211132475,Shasta County,0.4392912739724067,0.0,66,0.0,'AddedNode',' ',40.44688178,-122.3014671
3228,3229,-0.7923328009399362,0.34070310440417256,Shasta County,0.4299996367454327,0.0,115,0.0,'AddedNode',' ',40.61851227,-122.3226675
3229,3230,0.0,0.0,Tuolumne County,0.0,0.0,115,0.0,'AddedNode',' ',38.16849573,-120.0998327
3230,3231,0.0,0.0,Tuolumne County,0.0,0.0,115,0.0,'AddedNode',' ',38.17950067,-120.0601431
3231,3232,0.0,0.0,Tuolumne County,0.0,0.0,115,0.0,'AddedNode',' ',38.18140297,-120.1109185
3232,3233,-0.8991273458912028,0.3866247587332172,Shasta County,0.42999146626163287,0.0,230,0.0,'AddedNode',' ',40.85881067,-121.7513186
3233,3234,0.0,0.0,Plumas County,0.0,0.0,115,0.0,'AddedNode',' ',40.09105641,-121.1462521
3234,3235,-1.9451678379430473,0.5302678256199047,Kern County,0.2942280720760558,0.0,115,0.0,'AddedNode',' ',35.54424508,-119.1148706
3235,3236,-1.6150991856157366,0.5601472540145613,Sacramento County,0.36971263255363007,0.0,115,0.0,'AddedNode',' ',38.68326176,-121.1420373
3236,3237,1.0195526903356285,0.6242625246902556,Kern County,0.3371416920724494,2.46281283,115,0.19757212552249284,'AddedNode',' ',35.39831285,-118.9396589
3237,3238,-1.9640574093251335,0.4897234888855845,Kern County,0.2722373755756156,0.0,115,0.0,'AddedNode',' ',35.44165897,-119.0827031
3238,3239,-2.1872741457817293,0.07885868668950541,Kern County,0.043939476247964286,0.0,115,0.0,'AddedNode',' ',35.44032762,-119.0808889
3239,3240,0.4969329645061764,0.06134728874184792,Kern County,0.03418225498939437,2.19849996,115,0.02645594631782824,'AddedNode',' ',35.44017822,-119.0202881
3240,3241,5.188165899468898,0.3748277704089927,Yolo County,0.32007553118192955,6.14445336,115,0.04981471889504438,'AddedNode',' ',38.55162792,-121.5597685
3241,3242,-0.9872117308220524,0.42814994151410046,Tehama County,0.4324005465804932,0.0,230,0.0,'AddedNode',' ',39.8013884,-122.2652408
3242,3243,-0.9872117308220524,0.42814994151410046,Tehama County,0.4324005465804932,0.0,230,0.0,'AddedNode',' ',39.8012127,-122.2652975
3243,3244,0.626147604804293,0.3828152284408399,Sacramento County,0.33563403575568895,1.51243464,115,0.19668161955129476,'AddedNode',' ',38.68380715,-121.1388359
3244,3245,0.0,0.0,Shasta County,0.0,0.0,230,0.0,'AddedNode',' ',40.92438279,-121.9305373
3245,3246,-2.235087620994669,0.476062146837986,El Dorado County,0.21232491606786835,0.0,115,0.0,'AddedNode',' ',38.66016503,-120.9479772
3246,3247,1.4236062702818595,0.3703541605611976,El Dorado County,0.16517888804820982,3.16240026,115,0.0908209063221342,'AddedNode',' ',38.659482,-120.9472012
3247,3248,-2.1790265491816707,0.5009913081563236,El Dorado County,0.2246888012392676,0.0,115,0.0,'AddedNode',' ',38.69366236,-120.8261642
3248,3249,-2.2039583877933517,0.5820014763507227,Sacramento County,0.26337658118178153,0.0,115,0.0,'AddedNode',' ',38.68363396,-121.139132
3249,3250,-0.6874515113050974,0.4527582022496398,Sacramento County,0.20488935553603368,1.02708063,115,0.3420270767620428,'AddedNode',' ',38.68971851,-121.1256082
3250,3251,-1.3703446012306,0.5892481785291581,Butte County,0.42999995235011274,0.0,230,0.0,'AddedNode',' ',39.54735494,-121.6279773
3251,3252,2.9795430952037605,0.45840831756238304,Butte County,0.33452043110382923,4.04560895,230,0.08815009402515542,'AddedNode',' ',39.51420539,-121.6325075
3252,3253,-0.9757804590951269,0.3638829974508783,Placer County,0.27663209638640224,0.0,66,0.0,'AddedNode',' ',38.76856278,-121.2668155
3253,3254,-0.9757804590951269,0.3638829974508783,Placer County,0.27663209638640224,0.0,66,0.0,'AddedNode',' ',38.7704489,-121.2693834
3254,3255,-1.229234472079287,0.4818124627750141,Yolo County,0.41143264220928266,0.0,115,0.0,'AddedNode',' ',38.58372823,-121.5615811
3255,3256,3.1158784652089966,0.45830366395242245,Butte County,0.3298023432502828,4.20616942,115,0.0854888321913246,'AddedNode',' ',39.67738295,-121.4913389
3256,3257,-1.3703446012306,0.5892481785291581,Butte County,0.42999995235011274,0.0,115,0.0,'AddedNode',' ',39.55245511,-121.6870585
3257,3258,-0.8991273458912028,0.3866247587332172,Shasta County,0.42999146626163287,0.0,230,0.0,'AddedNode',' ',40.96170877,-121.5490612
3258,3259,-0.24730646467888806,0.4583906200019218,Shasta County,0.334507516426394,0.818718233,230,0.4355506689561686,'AddedNode',' ',40.80340449,-121.9366391
3259,3260,-2.2595496597730316,0.20503235716620183,San Joaquin County,0.09021314633612011,0.0,115,0.0,'AddedNode',' ',37.90964695,-121.3101996
3260,3261,-2.2595448005767484,0.2050319162409654,San Joaquin County,0.0902129523313619,0.0,115,0.0,'AddedNode',' ',37.90886744,-121.3092447
3261,3262,-2.259544458873506,0.2050318852346891,San Joaquin County,0.09021293868876527,0.0,115,0.0,'AddedNode',' ',37.90880506,-121.3093655
3262,3263,-2.2595442142352624,0.2050318630361259,San Joaquin County,0.09021292892151558,0.0,115,0.0,'AddedNode',' ',37.90766399,-121.3115748
3263,3264,-2.108738854056419,0.4773988207039725,Alameda County,0.2386754659625388,0.0,115,0.0,'AddedNode',' ',37.67252167,-121.696604
3264,3265,-2.108738854056419,0.47739882070397255,Alameda County,0.2386754659625388,0.0,115,0.0,'AddedNode',' ',37.56611696,-121.8745127
3265,3266,-2.108738854056419,0.47739882070397255,Alameda County,0.2386754659625388,0.0,115,0.0,'AddedNode',' ',37.56367417,-121.8767451
3266,3267,-2.4548879535441,0.7746827793692211,Contra Costa County,0.3026871232893069,0.0,230,0.0,'AddedNode',' ',37.96270655,-121.8912862
3267,3268,-2.677997836206139,0.8548883765392626,San Mateo County,0.27808110215030374,0.0,66,0.0,'AddedNode',' ',37.57657062,-122.3076705
3268,3269,-2.969676709600311,0.9173993387561152,Santa Clara County,0.2588901646312966,0.0,115,0.0,'AddedNode',' ',37.39939072,-121.9675608
3269,3270,-2.34961297028446,0.664772491304754,Contra Costa County,0.27450375509915087,0.0,230,0.0,'AddedNode',' ',37.74259816,-121.9381251
3270,3271,8.660678539868911,0.6054382465879133,San Mateo County,0.20508396898018083,10.605461,66,0.03760738978972474,'AddedNode',' ',37.52325467,-122.2654562
3271,3272,-2.405126354412533,0.7271190483447106,Santa Clara County,0.28434810237621944,0.0,115,0.0,'AddedNode',' ',37.40545775,-122.0688652
3272,3273,-2.231423397089531,0.6746050800903429,Santa Clara County,0.2638119229770306,0.0,115,0.0,'AddedNode',' ',37.40415877,-122.0688397
3273,3274,-2.355907301860527,0.5365815435286209,Santa Clara County,0.2064484062545531,0.0,115,0.0,'AddedNode',' ',37.38522804,-122.0694618
3274,3275,-2.3785578196900103,0.511467416673981,Santa Clara County,0.19601080501867746,0.0,115,0.0,'AddedNode',' ',37.38253748,-122.0686857
3275,3276,1.7577888703204314,0.020050654689415692,Fresno County,0.011172076311016741,3.50407329,115,0.00556769827077439,'AddedNode',' ',36.18594365,-120.1038277
3276,3277,-1.9894835441177439,0.4537931391628361,Madera County,0.2440246929466604,0.0,115,0.0,'AddedNode',' ',37.12188296,-120.2060388
3277,3278,-0.02626669290052508,0.35302636074936555,Madera County,0.18983792801025234,1.52144321,115,0.19311535205286073,'AddedNode',' ',37.12086627,-120.250523
3278,3279,-1.9894835441177439,0.4537931391628361,Madera County,0.2440246929466604,0.0,115,0.0,'AddedNode',' ',37.12484829,-120.2019186
3279,3280,-2.1670234737271734,0.024881536412914036,Fresno County,0.01386380783302583,0.0,115,0.0,'AddedNode',' ',36.78688324,-119.7886108
3280,3281,-2.1670234737271734,0.024881536412914036,Fresno County,0.01386380783302583,0.0,115,0.0,'AddedNode',' ',36.78807686,-119.7885949
3281,3282,2.324008249948017,0.01935677356960452,Fresno County,0.01078545088948393,4.00986004,115,0.004534490358061035,'AddedNode',' ',36.78817813,-119.7880757
3282,3283,12.867360095103837,0.01935665432833379,Fresno County,0.010785384449130903,14.5532015,115,0.0012493778549048516,'AddedNode',' ',36.78778885,-119.788095
3283,3284,-2.214015582368951,0.01161932530347042,Fresno County,0.006474202014033199,0.0,115,0.0,'AddedNode',' ',36.39953637,-120.2827156
3284,3285,-2.2695534192868623,0.39513604263518515,Alameda County,0.1716789109938508,0.0,230,0.0,'AddedNode',' ',37.56084416,-121.8723007
3285,3286,-2.2695534192868623,0.39513604263518515,Alameda County,0.1716789109938508,0.0,230,0.0,'AddedNode',' ',37.56216698,-121.8762654
3286,3287,-0.06861494716858108,0.3073996438400723,Alameda County,0.1335591553289042,1.69700458,230,0.13895934958575945,'AddedNode',' ',37.56468244,-121.874079
3287,3288,-2.4934651697612633,0.8149577307753634,Alameda County,0.31301453809570956,0.0,230,0.0,'AddedNode',' ',37.60981214,-121.8193152
3288,3289,-2.4934651697612633,0.8149577307753634,Alameda County,0.31301453809570956,0.0,230,0.0,'AddedNode',' ',37.60678405,-121.8242914
3289,3290,-2.4934651697612633,0.8149577307753634,Alameda County,0.31301453809570956,0.0,230,0.0,'AddedNode',' ',37.5440676,-121.8950644
3290,3291,-2.4934651697612633,0.8149577307753634,Alameda County,0.31301453809570956,0.0,230,0.0,'AddedNode',' ',37.54192089,-121.8969006
3291,3292,-2.239442176814787,0.054310376103041014,Fresno County,0.028016032634616293,0.0,230,0.0,'AddedNode',' ',36.76973254,-120.6909033
3292,3293,-2.239442176814787,0.05431037610304102,Fresno County,0.0280160326346163,0.0,230,0.0,'AddedNode',' ',36.76485322,-120.6864156
3293,3294,-2.239442176814787,0.05431037610304102,Fresno County,0.0280160326346163,0.0,230,0.0,'AddedNode',' ',36.7723728,-120.6929969
3294,3295,-2.239442176814787,0.05431037610304102,Fresno County,0.0280160326346163,0.0,230,0.0,'AddedNode',' ',36.76746453,-120.6884456
3295,3296,-2.2595467511676652,0.20503209323829402,San Joaquin County,0.09021303020924482,0.0,230,0.0,'AddedNode',' ',37.65682453,-121.4677571
3296,3297,-2.2595467511676652,0.20503209323829402,San Joaquin County,0.09021303020924482,0.0,230,0.0,'AddedNode',' ',37.65396261,-121.46314
3297,3298,-2.2595467511676652,0.20503209323829402,San Joaquin County,0.09021303020924482,0.0,230,0.0,'AddedNode',' ',37.61301448,-121.3951018
3298,3299,-2.2595467511676652,0.20503209323829402,San Joaquin County,0.09021303020924482,0.0,230,0.0,'AddedNode',' ',37.61016408,-121.3900456
3299,3300,-2.259547287904008,0.20503214194194477,Stanislaus County,0.09021305163859203,0.0,230,0.0,'AddedNode',' ',37.50034036,-121.2278177
3300,3301,-2.259547287904008,0.20503214194194477,Stanislaus County,0.09021305163859203,0.0,230,0.0,'AddedNode',' ',37.49613828,-121.2227651
3301,3302,-2.259547287904008,0.20503214194194477,Stanislaus County,0.09021305163859203,0.0,230,0.0,'AddedNode',' ',37.42948355,-121.1840294
3302,3303,-2.259547287904008,0.20503214194194477,Stanislaus County,0.09021305163859203,0.0,230,0.0,'AddedNode',' ',37.42328324,-121.1809468
3303,3304,-2.259547287904008,0.20503214194194477,Merced County,0.09021305163859203,0.0,230,0.0,'AddedNode',' ',37.17191893,-121.0918198
3304,3305,-2.259547287904008,0.20503214194194477,Merced County,0.09021305163859203,0.0,230,0.0,'AddedNode',' ',37.1669096,-121.0902415
3305,3306,-2.2608908100719445,0.0,San Luis Obispo County,0.0,0.0,230,0.0,'AddedNode',' ',35.17132047,-120.5910645
3306,3307,-2.260890810071945,0.0,San Luis Obispo County,0.0,0.0,230,0.0,'AddedNode',' ',35.16857178,-120.5890134
3307,3308,-1.7947115931057698,0.7896731009665388,Kern County,0.44000000406034095,0.0,115,0.0,'AddedNode',' ',35.39384103,-119.4644425
3308,3309,-2.2101317253495916,0.0,Kern County,0.0,0.0,115,0.0,'AddedNode',' ',35.39857635,-119.4506931
3309,3310,-1.8530010781943853,0.7422079097693731,Kern County,0.4069825798278245,0.0,66,0.0,'AddedNode',' ',35.31801585,-119.0964799
3310,3311,-1.8530010781943853,0.7422079097693731,Kern County,0.4069825798278245,0.0,66,0.0,'AddedNode',' ',35.31709708,-119.0963565
3311,3312,-1.8530010781943853,0.7422079097693731,Kern County,0.4069825798278245,0.0,66,0.0,'AddedNode',' ',35.3171098,-119.0964905
3312,3313,0.17546393246821346,0.06134741283904616,Kern County,0.03418232413543425,1.87703437,230,0.030986983064665033,'AddedNode',' ',35.31674191,-119.0684341
3313,3314,4.88866665722847,0.061348949624196084,Kern County,0.03418318042073937,6.59027972,230,0.008826111910619496,'AddedNode',' ',35.31683255,-119.0677556
3314,3315,-2.1873073512005896,0.07885988385801189,Kern County,0.04394014330139065,0.0,230,0.0,'AddedNode',' ',35.31773217,-119.0686358
3315,3316,-1.1392959023022824,0.49209771076618997,Butte County,0.4314476760062239,0.0,230,0.0,'AddedNode',' ',39.54855311,-121.5877912
3316,3317,-1.3703426790197473,0.5892473519784913,Butte County,0.4299993491802426,0.0,230,0.0,'AddedNode',' ',39.54721879,-121.5862049
3317,3318,-1.370348155693277,0.5892497069481092,Yuba County,0.43000106770371094,0.0,115,0.0,'AddedNode',' ',39.18146506,-121.570357
3318,3319,1.785433178704665,0.45840365915699405,Sutter County,0.3345170316633756,2.8514882,115,0.12506226093222206,'AddedNode',' ',39.17047005,-121.6610964
3319,3320,-1.3703481556932768,0.5892497069481091,Yuba County,0.4300010677037109,0.0,115,0.0,'AddedNode',' ',39.18088335,-121.571668
3320,3321,-1.3703481556932768,0.5892497069481091,Yuba County,0.4300010677037109,0.0,115,0.0,'AddedNode',' ',39.18127007,-121.5699986
3321,3322,-1.3703481556932773,0.5892497069481093,Yuba County,0.430001067703711,0.0,115,0.0,'AddedNode',' ',39.0923921,-121.5420475
3322,3323,-1.370348155693277,0.5892497069481092,Yuba County,0.43000106770371094,0.0,115,0.0,'AddedNode',' ',39.09239917,-121.5422771
3323,3324,0.9818897038946968,0.4584059961252805,Yuba County,0.3345187370504916,2.04795016,115,0.17413372862346274,'AddedNode',' ',39.09221241,-121.5430598
3324,3325,0.8898860748837756,0.4584204436999765,Yuba County,0.33452928007235794,1.95598013,115,0.18233297530862505,'AddedNode',' ',39.09218017,-121.5428372
3325,3326,-1.1715293885179527,0.50244940491865,Sutter County,0.4294137994406608,0.0,115,0.0,'AddedNode',' ',38.91754859,-121.5244708
3326,3327,-2.258492248696792,0.5815171159336686,Sacramento County,0.2524642606488277,0.0,230,0.0,'AddedNode',' ',38.23797377,-121.3685335
3327,3328,-2.258492248696792,0.5815171159336686,Sacramento County,0.2524642606488277,0.0,230,0.0,'AddedNode',' ',38.50796394,-121.3502577
3328,3329,-2.2584922486967915,0.5815171159336685,Sacramento County,0.2524642606488277,0.0,230,0.0,'AddedNode',' ',38.23126571,-121.3704467
3329,3330,-2.2584922486967915,0.5815171159336685,San Joaquin County,0.2524642606488277,0.0,230,0.0,'AddedNode',' ',38.16773755,-121.3879442
3330,3331,-2.2584953361185613,0.5815179108837527,San Joaquin County,0.2524646057744994,0.0,230,0.0,'AddedNode',' ',38.16017801,-121.389913
3331,3332,-2.2735925815795666,0.5854051531995463,San Joaquin County,0.25415224269924236,0.0,230,0.0,'AddedNode',' ',37.986922,-121.3808329
3332,3333,-2.2735925815795666,0.5854051531995463,San Joaquin County,0.25415224269924236,0.0,230,0.0,'AddedNode',' ',38.05941689,-121.3776533
3333,3334,-2.2584922486967915,0.5815171159336685,San Joaquin County,0.25246426064882765,0.0,230,0.0,'AddedNode',' ',38.05971096,-121.3776505
3334,3335,-2.2735925815795666,0.5854051531995463,San Joaquin County,0.25415224269924236,0.0,230,0.0,'AddedNode',' ',38.05954398,-121.3776568
3335,3336,-2.203955204878608,0.5820006358352708,Sacramento County,0.26337620081833724,0.0,230,0.0,'AddedNode',' ',38.65535851,-121.1352702
3336,3337,-1.7459030034876455,0.6974005785945713,Sonoma County,0.40660476908549203,0.0,230,0.0,'AddedNode',' ',38.39996782,-122.5920554
3337,3338,-1.6594421302480102,0.27090682907421504,Sonoma County,0.15909577336613193,0.0,230,0.0,'AddedNode',' ',38.42587814,-122.5956368
3338,3339,-1.6594421302480102,0.27090682907421504,Sonoma County,0.15909577336613193,0.0,230,0.0,'AddedNode',' ',38.49900123,-122.7570972
3339,3340,-2.2735925815795666,0.5854051531995466,Contra Costa County,0.2541522426992424,0.0,230,0.0,'AddedNode',' ',37.95566798,-121.8748156
3340,3341,-2.273592581579567,0.5854051531995466,Contra Costa County,0.25415224269924247,0.0,230,0.0,'AddedNode',' ',37.95329733,-121.8708788
3341,3342,-2.2735925815795666,0.5854051531995466,Contra Costa County,0.2541522426992424,0.0,230,0.0,'AddedNode',' ',37.91771297,-121.7969859
3342,3343,-2.2735919653017165,0.5854049945201805,Contra Costa County,0.2541521738089764,0.0,230,0.0,'AddedNode',' ',37.91523395,-121.7903793
3343,3344,-2.2735925815795666,0.5854051531995466,Contra Costa County,0.2541522426992424,0.0,230,0.0,'AddedNode',' ',37.89836097,-121.7441334
3344,3345,-2.273592581579567,0.5854051531995466,Contra Costa County,0.25415224269924247,0.0,230,0.0,'AddedNode',' ',37.8963405,-121.7390114
3345,3346,-2.2735925815795666,0.5854051531995466,Contra Costa County,0.2541522426992424,0.0,230,0.0,'AddedNode',' ',37.822072,-121.6611238
3346,3347,-2.427189694258801,0.7457641907960844,Contra Costa County,0.29527181788058365,0.0,230,0.0,'AddedNode',' ',37.74367294,-121.9402354
3347,3348,-2.4934659741982848,0.8149579936954866,Contra Costa County,0.3130146390798683,0.0,230,0.0,'AddedNode',' ',37.74283133,-121.9369504
3348,3349,-2.298660379425908,0.6115765720988493,Alameda County,0.2608631662116854,0.0,230,0.0,'AddedNode',' ',37.56592306,-121.8748231
3349,3350,-2.298660379425908,0.6115765720988495,Alameda County,0.2608631662116854,0.0,230,0.0,'AddedNode',' ',37.5668144,-121.8774303
3350,3351,-2.4125042921038142,0.7304328636370536,Alameda County,0.2913404954076986,0.0,230,0.0,'AddedNode',' ',37.67556012,-122.0436899
3351,3352,-2.342489787096496,0.6573367397841083,Alameda County,0.2725970058777538,0.0,230,0.0,'AddedNode',' ',37.67957569,-122.0404933
3352,3353,-2.4548879535441,0.774682779369221,Alameda County,0.3026871232893069,0.0,230,0.0,'AddedNode',' ',37.69314489,-122.0426343
3353,3354,-2.4548879535441,0.774682779369221,Alameda County,0.3026871232893069,0.0,230,0.0,'AddedNode',' ',37.69328145,-122.0426631
3354,3355,-2.4548879535441,0.774682779369221,Alameda County,0.3026871232893069,0.0,230,0.0,'AddedNode',' ',37.69341793,-122.0426858
3355,3356,-2.4548879535441004,0.7746827793692211,Alameda County,0.30268712328930697,0.0,230,0.0,'AddedNode',' ',37.69323687,-122.0434698
3356,3357,-2.4934659741982848,0.8149579936954866,Contra Costa County,0.3130146390798683,0.0,230,0.0,'AddedNode',' ',37.74417617,-121.9338329
3357,3358,-2.2735919653017165,0.5854049945201805,Contra Costa County,0.2541521738089764,0.0,230,0.0,'AddedNode',' ',37.9633011,-121.8895832
3358,3359,-2.2735919653017165,0.5854049945201807,Contra Costa County,0.2541521738089765,0.0,230,0.0,'AddedNode',' ',37.74628214,-121.9353366
3359,3360,-2.37855920845834,0.511467715304413,San Mateo County,0.19601091946348762,0.0,230,0.0,'AddedNode',' ',37.38791315,-122.2887846
3360,3361,-2.37855920845834,0.511467715304413,San Mateo County,0.19601091946348762,0.0,230,0.0,'AddedNode',' ',37.45735721,-122.2874557
3361,3362,-2.378556058883117,0.5114670380431376,San Mateo County,0.19601065991513034,0.0,230,0.0,'AddedNode',' ',37.3877832,-122.2887507
3362,3363,-2.378556058883117,0.5114670380431376,San Mateo County,0.19601065991513034,0.0,230,0.0,'AddedNode',' ',37.41469206,-122.208465
3363,3364,-1.386144805285697,0.5897494015895717,Solano County,0.42717280698808385,0.0,115,0.0,'AddedNode',' ',38.21504043,-122.1123652
3364,3365,-1.3861432730616032,0.5897487496892515,Solano County,0.4271723347975417,0.0,115,0.0,'AddedNode',' ',38.21555372,-122.112725
3365,3366,-1.3934266430866273,0.5893346576054739,Solano County,0.42558893055694347,0.0,115,0.0,'AddedNode',' ',38.15266414,-122.3809928
3366,3367,-1.3934266430866273,0.5893346576054739,Solano County,0.42558893055694347,0.0,115,0.0,'AddedNode',' ',38.15267577,-122.3811168
3367,3368,-1.3861432730616035,0.5897487496892516,Solano County,0.4271723347975418,0.0,115,0.0,'AddedNode',' ',38.20502529,-122.1480892
3368,3369,-1.3861433966400067,0.5897488022669397,Solano County,0.42717237288110504,0.0,115,0.0,'AddedNode',' ',38.2050289,-122.1482824
3369,3370,-1.3861432545453067,0.5897487418113049,Solano County,0.42717232909131364,0.0,115,0.0,'AddedNode',' ',38.2364441,-122.0962891
3370,3371,-1.386143254545307,0.589748741811305,Solano County,0.42717232909131375,0.0,115,0.0,'AddedNode',' ',38.2163235,-122.112372
3371,3372,6.609071116350287,0.45879978556149853,Solano County,0.3323221553351074,7.68743243,115,0.04661678125242013,'AddedNode',' ',38.21615487,-122.1122863
3372,3373,-1.386124441159243,0.5897407374649114,Solano County,0.42716653130820814,0.0,115,0.0,'AddedNode',' ',38.08446776,-122.2453654
3373,3374,-2.27357772314827,0.585401327447158,Merced County,0.2541505817580221,0.0,230,0.0,'AddedNode',' ',37.29468429,-120.4078852
3374,3375,1.3141234674097042,0.45541227595350936,Merced County,0.19771614693473175,3.08285059,230,0.11343589364721962,'AddedNode',' ',37.29134993,-120.4066625
3375,3376,-2.244722960368683,0.025773673775325853,Fresno County,0.014360900164780734,0.0,230,0.0,'AddedNode',' ',36.84024885,-119.916173
3376,3377,5.935841468283905,0.02005060729257172,Fresno County,0.011172049901846271,7.68212176,230,0.0025396018406330075,'AddedNode',' ',36.84231054,-119.9189691
3377,3378,-2.244720686625945,0.025773647668450025,Kings County,0.01436088561822285,0.0,230,0.0,'AddedNode',' ',36.24182596,-119.9008321
3378,3379,-2.2447206866259446,0.025773647668450025,Kings County,0.01436088561822285,0.0,230,0.0,'AddedNode',' ',36.24238375,-119.9008426
3379,3380,-2.2447205438641347,0.025773646029273883,Fresno County,0.014360884704886044,0.0,230,0.0,'AddedNode',' ',36.84259299,-119.9187012
3380,3381,-2.2447206866259446,0.025773647668450025,Fresno County,0.01436088561822285,0.0,230,0.0,'AddedNode',' ',36.68470351,-119.8969912
3381,3382,-2.2447206866259446,0.025773647668450025,Fresno County,0.01436088561822285,0.0,230,0.0,'AddedNode',' ',36.69203867,-119.8970319
3382,3383,-2.2447206866259446,0.025773647668450025,Fresno County,0.01436088561822285,0.0,230,0.0,'AddedNode',' ',36.70528121,-119.897072
3383,3384,-2.2447206866259446,0.025773647668450025,Fresno County,0.01436088561822285,0.0,230,0.0,'AddedNode',' ',36.70543598,-119.8950368
3384,3385,-2.2447206866259446,0.025773647668450025,Fresno County,0.01436088561822285,0.0,230,0.0,'AddedNode',' ',36.70547043,-119.885052
3385,3386,0.2922414933947657,0.020050826078811795,Fresno County,0.011172171807919051,2.03854084,230,0.009570549652726338,'AddedNode',' ',36.70577007,-119.8835142
3386,3387,0.05956135785255268,0.020050938320562966,Fresno County,0.011172234348191616,1.80587048,230,0.010803750863138346,'AddedNode',' ',36.70549163,-119.8835287
3387,3388,2.711193456024938,0.020050642223470336,Fresno County,0.011172069365084303,4.45747679,230,0.004376825602777861,'AddedNode',' ',36.79316868,-119.8278673
3388,3389,5.843051731259157,0.020050826332970527,Fresno County,0.011172171949534416,7.5893511,230,0.002570701574596556,'AddedNode',' ',36.79317949,-119.8277178
3389,3390,-2.244720543864134,0.02577364602927388,Fresno County,0.014360884704886041,0.0,230,0.0,'AddedNode',' ',36.79342725,-119.8278667
3390,3391,-2.244720543864134,0.02577364602927388,Fresno County,0.014360884704886041,0.0,230,0.0,'AddedNode',' ',36.84187012,-119.9165261
3391,3392,-2.244720543864134,0.02577364602927388,Fresno County,0.014360884704886041,0.0,230,0.0,'AddedNode',' ',36.8421681,-119.9182001
3392,3393,-1.9894826507820098,0.453792935396573,Fresno County,0.24402458337250538,0.0,115,0.0,'AddedNode',' ',36.82651667,-119.5919522
3393,3394,8.22094641862572,0.3530282832500943,Fresno County,0.18983896182414137,9.76866475,115,0.0300775232586711,'AddedNode',' ',36.82638581,-119.6809444
3394,3395,-2.243208274590459,0.0,San Luis Obispo County,0.0,0.0,115,0.0,'AddedNode',' ',35.00798231,-120.4456973
3395,3396,-2.243202367726771,0.0,San Luis Obispo County,0.0,0.0,115,0.0,'AddedNode',' ',35.00788291,-120.4456796
3396,3397,-1.7459030034876455,0.6974005785945713,Sonoma County,0.40660476908549203,0.0,230,0.0,'AddedNode',' ',38.14904493,-122.5095455
3397,3398,-1.7459030034876455,0.6974005785945713,Sonoma County,0.40660476908549203,0.0,230,0.0,'AddedNode',' ',38.14202896,-122.5116911
3398,3399,-2.0807631250601775,0.5911283896663051,Contra Costa County,0.2939071793792156,0.0,230,0.0,'AddedNode',' ',37.96127671,-121.7491277
3399,3400,-2.0807636782108565,0.5911285468120495,Contra Costa County,0.2939072575115864,0.0,230,0.0,'AddedNode',' ',37.95578681,-121.7465052
3400,3401,-2.080787179847117,0.5911352234415177,Contra Costa County,0.2939105771107954,0.0,230,0.0,'AddedNode',' ',37.91837416,-121.6782176
3401,3402,-2.0807631250601775,0.5911283896663051,Contra Costa County,0.2939071793792156,0.0,230,0.0,'AddedNode',' ',37.91984398,-121.7293462
3402,3403,-2.274794204794559,0.6179502349708339,Contra Costa County,0.26817903794430803,0.0,230,0.0,'AddedNode',' ',38.00726749,-121.7816403
3403,3404,-2.274794204794559,0.6179502349708339,Contra Costa County,0.26817903794430803,0.0,230,0.0,'AddedNode',' ',38.0074717,-121.7816194
3404,3405,-0.9872117308220526,0.42814994151410046,Glenn County,0.4324005465804932,0.0,230,0.0,'AddedNode',' ',39.78181875,-122.2653756
3405,3406,-0.9872117308220524,0.42814994151410046,Glenn County,0.4324005465804932,0.0,230,0.0,'AddedNode',' ',39.7777364,-122.2653344
3406,3407,-0.9872117308220524,0.42814994151410046,Glenn County,0.4324005465804932,0.0,230,0.0,'AddedNode',' ',39.69419596,-122.2648658
3407,3408,-0.9872117308220524,0.42814994151410046,Glenn County,0.4324005465804932,0.0,230,0.0,'AddedNode',' ',39.68971998,-122.2648531
3408,3409,-1.8400331193632138,0.8083748494288432,Colusa County,0.43848601141066956,0.0,230,0.0,'AddedNode',' ',39.00717143,-122.1519894
3409,3410,-1.8400331193632138,0.8083748494288432,Colusa County,0.43848601141066956,0.0,230,0.0,'AddedNode',' ',39.16199926,-122.2463024
3410,3411,-1.8400331193632138,0.8083748494288432,Colusa County,0.43848601141066956,0.0,230,0.0,'AddedNode',' ',39.1659237,-122.2487227
3411,3412,-1.8400331193632142,0.8083748494288434,Colusa County,0.4384860114106696,0.0,230,0.0,'AddedNode',' ',39.00356834,-122.1497877
3412,3413,-1.8400331193632142,0.8083748494288434,Colusa County,0.4384860114106696,0.0,230,0.0,'AddedNode',' ',38.92879195,-122.1045049
3413,3414,-1.8400331193632142,0.8083748494288434,Yolo County,0.4384860114106696,0.0,230,0.0,'AddedNode',' ',38.92437203,-122.1018454
3414,3415,-1.8400331193632142,0.8083748494288434,Yolo County,0.4384860114106696,0.0,230,0.0,'AddedNode',' ',38.76926265,-122.007507
3415,3416,-1.8400331193632142,0.8083748494288434,Yolo County,0.4384860114106696,0.0,230,0.0,'AddedNode',' ',38.76547095,-122.0044519
3416,3417,-0.9872117308220529,0.4281499415141006,Glenn County,0.43240054658049326,0.0,230,0.0,'AddedNode',' ',39.78187231,-122.2651289
3417,3418,-0.9872117308220524,0.42814994151410046,Glenn County,0.4324005465804932,0.0,230,0.0,'AddedNode',' ',39.77773417,-122.2650748
3418,3419,-0.9872117308220524,0.42814994151410046,Glenn County,0.4324005465804932,0.0,230,0.0,'AddedNode',' ',39.69421273,-122.2646331
3419,3420,-0.9872117308220524,0.42814994151410046,Glenn County,0.4324005465804932,0.0,230,0.0,'AddedNode',' ',39.68970886,-122.2645825
3420,3421,-0.9872117308220529,0.42814994151410063,Colusa County,0.4324005465804933,0.0,230,0.0,'AddedNode',' ',39.16600359,-122.2484988
3421,3422,-0.9872117308220529,0.42814994151410063,Colusa County,0.4324005465804933,0.0,230,0.0,'AddedNode',' ',39.1620714,-122.2460738
3422,3423,-0.9872117308220529,0.42814994151410063,Colusa County,0.4324005465804933,0.0,230,0.0,'AddedNode',' ',38.92866728,-122.1041654
3423,3424,-0.9872117308220529,0.4281499415141006,Yolo County,0.4324005465804933,0.0,230,0.0,'AddedNode',' ',38.92441996,-122.1016029
3424,3425,-0.9872117308220529,0.4281499415141006,Yolo County,0.4324005465804933,0.0,230,0.0,'AddedNode',' ',38.76936231,-122.0072799
3425,3426,-0.9872117308220529,0.4281499415141006,Yolo County,0.4324005465804933,0.0,230,0.0,'AddedNode',' ',38.7655723,-122.0042146
3426,3427,0.0,0.0,Fresno County,0.0,0.0,230,0.0,'AddedNode',' ',36.82133462,-119.3286415
3427,3428,-2.4548879535441004,0.7746827793692211,Contra Costa County,0.3026871232893069,0.0,115,0.0,'AddedNode',' ',38.00027237,-122.2335398
3428,3429,-2.273591861996987,0.5854049679212545,Contra Costa County,0.2541521622611165,0.0,115,0.0,'AddedNode',' ',38.03656276,-122.2340239
3429,3430,-1.4014878286609995,0.5891152302397885,Butte County,0.42393635194171597,0.0,230,0.0,'AddedNode',' ',39.53749781,-121.5357711
3430,3431,-2.2595472879040077,0.20503214194194475,San Joaquin County,0.09021305163859203,0.0,115,0.0,'AddedNode',' ',37.69775574,-121.5377893
3431,3432,1.4473023679534975,0.458315508258182,Butte County,0.32981086659430314,2.5376215,230,0.1417071449798977,'AddedNode',' ',39.72361177,-121.4700538
3432,3433,-1.4014878286609995,0.5891152302397885,Sacramento County,0.42393635194171597,0.0,230,0.0,'AddedNode',' ',38.68403132,-121.1401878
3433,3434,-1.7459030034876455,0.6974005785945712,Napa County,0.40660476908549203,0.0,230,0.0,'AddedNode',' ',38.24928147,-122.2605858
3434,3435,-1.7459030034876455,0.6974005785945713,Napa County,0.40660476908549203,0.0,230,0.0,'AddedNode',' ',38.24798067,-122.2737546
3435,3436,-1.7459030034876455,0.6974005785945712,Solano County,0.40660476908549203,0.0,230,0.0,'AddedNode',' ',38.3413346,-122.0507255
3436,3437,-1.7459030034876457,0.6974005785945713,Solano County,0.40660476908549203,0.0,230,0.0,'AddedNode',' ',38.33803847,-122.0549311
3437,3438,-1.7459030034876457,0.6974005785945713,Solano County,0.40660476908549203,0.0,230,0.0,'AddedNode',' ',38.40013889,-122.0080535
3438,3439,-1.7459030034876457,0.6974005785945713,Solano County,0.40660476908549203,0.0,230,0.0,'AddedNode',' ',38.40376055,-122.0031666
3439,3440,-1.3703481556932768,0.5892497069481091,Butte County,0.4300010677037109,0.0,115,0.0,'AddedNode',' ',39.65187057,-121.5074472
3440,3441,-1.3703481556932768,0.5892497069481091,Butte County,0.43000106770371094,0.0,115,0.0,'AddedNode',' ',39.49163364,-121.5399592
3441,3442,-1.3703481556932768,0.5892497069481091,Butte County,0.4300010677037109,0.0,115,0.0,'AddedNode',' ',39.46430814,-121.5422195
3442,3443,2.066107004569507,0.45841085913511176,Butte County,0.3345222857996807,3.13217877,115,0.1138583682432371,'AddedNode',' ',39.67746603,-121.4914712
3443,3444,-1.3703481556932768,0.5892497069481091,Butte County,0.4300010677037109,0.0,115,0.0,'AddedNode',' ',39.67706446,-121.4913398
3444,3445,5.253296286324893,0.45841119378029616,Butte County,0.3345225300047858,6.31936883,115,0.056433687298931445,'AddedNode',' ',39.67732096,-121.4917166
3445,3446,-1.3703481556932768,0.5892497069481091,Butte County,0.4300010677037109,0.0,115,0.0,'AddedNode',' ',39.49187728,-121.5397571
3446,3447,-0.05285431309902211,0.37220732752257946,Nevada County,0.3344870143316799,0.812744123,115,0.3562393480400882,'AddedNode',' ',39.04401659,-121.0905516
3447,3448,-1.1126206576268722,0.47842688277955503,Nevada County,0.42994204510183387,0.0,115,0.0,'AddedNode',' ',39.16067102,-120.956979
3448,3449,-1.1127713044542418,0.47849166091532397,Nevada County,0.4300002584781571,0.0,115,0.0,'AddedNode',' ',39.14116487,-121.0067741
3449,3450,-1.1127713044542418,0.47849166091532397,Nevada County,0.4300002584781571,0.0,115,0.0,'AddedNode',' ',39.16078675,-120.9570681
3450,3451,-1.1127713044542413,0.4784916609153238,Placer County,0.4300002584781569,0.0,115,0.0,'AddedNode',' ',39.16622434,-120.8918833
3451,3452,-1.1127713044542413,0.4784916609153238,Placer County,0.4300002584781569,0.0,115,0.0,'AddedNode',' ',39.21512697,-120.8358828
3452,3453,-1.1127713044542415,0.47849166091532386,Nevada County,0.43000025847815704,0.0,115,0.0,'AddedNode',' ',39.22154161,-120.8409591
3453,3454,4.789895979642604,0.3781046513419201,Sutter County,0.3164959050235152,5.76581637,115,0.05357000420342318,'AddedNode',' ',38.91444883,-121.5238394
3454,3455,-1.2292344720792865,0.48181246277501405,Sacramento County,0.41143264220928255,0.0,115,0.0,'AddedNode',' ',38.55020873,-121.4089587
3455,3456,-1.1538713737889836,0.49474027892348427,Sutter County,0.4293611459479999,0.0,66,0.0,'AddedNode',' ',38.93328834,-121.4749601
3456,3457,-1.1538713737889839,0.49474027892348427,Sutter County,0.4293611459479999,0.0,66,0.0,'AddedNode',' ',38.93432735,-121.4713286
3457,3458,-2.073892492765465,0.5476548465103563,El Dorado County,0.24783349699719687,0.0,115,0.0,'AddedNode',' ',38.73058137,-120.782957
3458,3459,-2.073933564823387,0.5476656924494087,El Dorado County,0.24783840517434652,0.0,115,0.0,'AddedNode',' ',38.75479491,-120.7675519
3459,3460,2.713660138953518,0.4260550477768923,El Dorado County,0.19280521860926914,4.32707116,115,0.07189021236698845,'AddedNode',' ',38.73071987,-120.7835799
3460,3461,-2.074015711379496,0.547687384971916,El Dorado County,0.24784822182026126,0.0,115,0.0,'AddedNode',' ',38.73049695,-120.7829294
3461,3462,-2.073933564823387,0.5476656924494085,El Dorado County,0.24783840517434652,0.0,115,0.0,'AddedNode',' ',38.73434379,-120.7824923
3462,3463,-2.073933564823387,0.5476656924494087,El Dorado County,0.24783840517434652,0.0,115,0.0,'AddedNode',' ',38.76028617,-120.7686245
3463,3464,-2.2659906594396717,0.37953202113509993,San Joaquin County,0.16542177616469744,0.0,115,0.0,'AddedNode',' ',37.69577873,-121.4129468
3464,3465,-2.2595474436849763,0.20503215607756647,San Joaquin County,0.09021305785819038,0.0,115,0.0,'AddedNode',' ',37.72480783,-121.325977
3465,3466,-2.9003379516513927,1.1225637800928894,Alameda County,0.3717071864445933,0.0,115,0.0,'AddedNode',' ',37.68673908,-121.5783441
3466,3467,-3.110344844405147,1.3685517315382647,San Joaquin County,0.43999999476142176,0.0,115,0.0,'AddedNode',' ',37.66912577,-121.5375106
3467,3468,-3.110344844405147,1.3685517315382647,San Joaquin County,0.43999999476142176,0.0,115,0.0,'AddedNode',' ',37.67200858,-121.5427728
3468,3469,-3.1103448444051467,1.3685517315382645,San Joaquin County,0.4399999947614217,0.0,115,0.0,'AddedNode',' ',37.65783068,-121.5377594
3469,3470,-2.2595472879040077,0.20503214194194475,San Joaquin County,0.09021305163859203,0.0,115,0.0,'AddedNode',' ',37.65544144,-121.4659609
3470,3471,-2.2595472879040077,0.20503214194194475,San Joaquin County,0.09021305163859203,0.0,115,0.0,'AddedNode',' ',37.65191038,-121.4602069
3471,3472,-2.2595472879040077,0.20503214194194475,San Joaquin County,0.09021305163859203,0.0,115,0.0,'AddedNode',' ',37.61155816,-121.3929809
3472,3473,-2.2595472879040077,0.20503214194194475,San Joaquin County,0.09021305163859203,0.0,115,0.0,'AddedNode',' ',37.60797687,-121.3866518
3473,3474,-2.2595472879040077,0.20503214194194472,Stanislaus County,0.09021305163859203,0.0,115,0.0,'AddedNode',' ',37.50247735,-121.2307226
3474,3475,-2.2595472879040077,0.20503214194194472,Stanislaus County,0.09021305163859203,0.0,115,0.0,'AddedNode',' ',37.49814183,-121.2254829
3475,3476,-2.2595472879040077,0.20503214194194472,Stanislaus County,0.09021305163859203,0.0,115,0.0,'AddedNode',' ',37.42647496,-121.1827679
3476,3477,-2.2595472879040077,0.20503214194194472,Stanislaus County,0.09021305163859203,0.0,115,0.0,'AddedNode',' ',37.42015172,-121.1796038
3477,3478,-2.2595472879040077,0.20503214194194472,Merced County,0.09021305163859203,0.0,115,0.0,'AddedNode',' ',37.17500503,-121.0932355
3478,3479,-2.2595472879040077,0.20503214194194472,Merced County,0.09021305163859203,0.0,115,0.0,'AddedNode',' ',37.16937814,-121.091508
3479,3480,-1.2217472643598017,0.5375687963183128,Monterey County,0.4269730327739412,0.0,115,0.0,'AddedNode',' ',36.71983719,-121.6038844
3480,3481,-1.732514631387946,0.4681369359450838,Monterey County,0.3025253307590034,0.0,115,0.0,'AddedNode',' ',36.72003947,-121.6056682
3481,3482,-2.2695462957446693,0.39513480240516985,San Benito County,0.17167837213807596,0.0,115,0.0,'AddedNode',' ',36.86782773,-121.56397
3482,3483,2.414037328380959,0.3073956106485673,San Benito County,0.1335574029857851,4.17963369,115,0.056418452493378735,'AddedNode',' ',36.86280192,-121.4062874
3483,3484,-2.268931584106714,0.3834383170531674,Santa Clara County,0.16666603918916315,0.0,115,0.0,'AddedNode',' ',37.0683881,-121.215659
3484,3485,-2.2595554429891234,0.2050328819373314,Merced County,0.09021337723262522,0.0,115,0.0,'AddedNode',' ',37.18810678,-121.1040683
3485,3486,-2.2039583877933517,0.5820014763507227,Sacramento County,0.26337658118178153,0.0,115,0.0,'AddedNode',' ',38.65554131,-121.1344613
3486,3487,-2.4051282827223694,0.7271196313123418,Santa Clara County,0.2843483303522848,0.0,115,0.0,'AddedNode',' ',37.37231604,-122.0677472
3487,3488,-2.503703539376937,0.7603442428921957,Santa Clara County,0.2799028446328976,0.0,115,0.0,'AddedNode',' ',37.4177051,-122.0027695
3488,3489,-2.503703539376937,0.7603442428921957,Santa Clara County,0.2799028446328976,0.0,115,0.0,'AddedNode',' ',37.42113162,-121.978397
3489,3490,-2.1689094574783456,0.49399090683596525,Santa Clara County,0.1900617653560548,0.0,115,0.0,'AddedNode',' ',37.37247786,-122.0678181
3490,3491,-1.595956350220734,0.2420590316198794,Sonoma County,0.14369408994037294,0.0,115,0.0,'AddedNode',' ',38.49699625,-122.6678181
3491,3492,-1.0000188201574125,0.4359341991037553,Lake County,0.43476129162068633,0.0,115,0.0,'AddedNode',' ',39.11364706,-122.8130955
3492,3493,0.0,0.0,Alameda County,0.0,0.0,66,0.0,'AddedNode',' ',37.71520958,-121.5878556
3493,3494,-2.2695534192868623,0.39513604263518515,Santa Cruz County,0.1716789109938508,0.0,115,0.0,'AddedNode',' ',36.98722054,-121.7333155
3494,3495,-0.861895673669819,0.3792340964147203,Humboldt County,0.4238918702603385,0.0,66,0.0,'AddedNode',' ',41.1627409,-124.1022604
3495,3496,-0.861895673669819,0.3792340964147203,Humboldt County,0.4238918702603385,0.0,66,0.0,'AddedNode',' ',41.08035132,-124.1129818
3496,3497,1.7575164054359558,0.30437314800817944,Humboldt County,0.34021546107267664,2.44927356,66,0.09608827822823071,'AddedNode',' ',40.94803844,-123.6400168
3497,3498,-1.415030493700438,0.18150771727429396,Humboldt County,0.11071776986156294,0.0,66,0.0,'AddedNode',' ',40.26724311,-123.7680669
3498,3499,1.0584857812353345,0.14120202205423688,Humboldt County,0.08613172605858362,2.15929389,66,0.04390995728107473,'AddedNode',' ',40.47943768,-123.7806216
3499,3500,-1.415030493700438,0.18150771727429396,Mendocino County,0.11071776986156294,0.0,66,0.0,'AddedNode',' ',39.6845655,-123.4764164
3500,3501,-1.415030493700438,0.18150771727429396,Humboldt County,0.11071776986156294,0.0,66,0.0,'AddedNode',' ',40.19908782,-123.7078042
3501,3502,-0.8892109313606313,0.3912528097986778,Humboldt County,0.43732588092186225,0.0,66,0.0,'AddedNode',' ',40.84926339,-124.0784657
3502,3503,-0.8618956736698191,0.37923409641472045,Humboldt County,0.4238918702603386,0.0,66,0.0,'AddedNode',' ',40.88907595,-124.0472885
3503,3504,-0.8892109313606313,0.3912528097986778,Humboldt County,0.43732588092186225,0.0,66,0.0,'AddedNode',' ',40.86485524,-124.1505503
3504,3505,-0.8946500065797791,0.3936460028951028,Humboldt County,0.4400008911783988,0.0,66,0.0,'AddedNode',' ',40.78041252,-124.1314993
3505,3506,-0.8946464820738697,0.39364445211250265,Humboldt County,0.4399991577790474,0.0,66,0.0,'AddedNode',' ',40.77195293,-124.1716006
3506,3507,-0.8946482476446251,0.393645228963635,Humboldt County,0.4400000261104621,0.0,66,0.0,'AddedNode',' ',40.62938488,-124.1876902
3507,3508,5.763716969572154,0.30624014098825253,Humboldt County,0.3423023070434583,6.45971729,66,0.036881260384916646,'AddedNode',' ',40.60264812,-124.2104017
3508,3509,-0.8946185448475585,0.3936321597329257,Humboldt County,0.4399854178758634,0.0,66,0.0,'AddedNode',' ',40.49538302,-124.0985163
3509,3510,-1.415030493700438,0.18150771727429396,Humboldt County,0.11071776986156294,0.0,66,0.0,'AddedNode',' ',40.05933212,-123.6402082
3510,3511,-1.3703467684377746,0.589249110428243,Shasta County,0.43000063239729275,0.0,66,0.0,'AddedNode',' ',40.70849716,-121.9722811
3511,3512,0.2468944840856766,0.458402895743159,Shasta County,0.33451647456718997,1.31294773,66,0.27161201118354433,'AddedNode',' ',40.68145777,-122.0038833
3512,3513,1.147174679758434,0.2762686461868195,Shasta County,0.33614994064582404,1.78507259,66,0.12012359938023452,'AddedNode',' ',40.67787224,-121.8731632
3513,3514,-0.8199712499391516,0.3551231999600342,Shasta County,0.4320962376157467,0.0,66,0.0,'AddedNode',' ',40.5637338,-122.2344445
3514,3515,-0.8199544726905137,0.35511593386354207,Shasta County,0.43208739659111983,0.0,66,0.0,'AddedNode',' ',40.57124168,-122.3529029
3515,3516,-0.8199712499391516,0.3551231999600342,Shasta County,0.4320962376157467,0.0,66,0.0,'AddedNode',' ',40.57113847,-122.0208083
3516,3517,-0.8199596366024671,0.3551181703138291,Shasta County,0.4320901177925359,0.0,66,0.0,'AddedNode',' ',40.55504875,-122.2385504
3517,3518,-0.7923338938142725,0.3407035743401372,Shasta County,0.43000022984919806,0.0,66,0.0,'AddedNode',' ',40.73991545,-122.3097952
3518,3519,-0.8892128000671823,0.39125363202956015,Shasta County,0.4373267999768466,0.0,66,0.0,'AddedNode',' ',40.67693361,-122.350259
3519,3520,-0.8199596366024671,0.3551181703138291,Shasta County,0.4320901177925359,0.0,66,0.0,'AddedNode',' ',40.59060493,-122.3083702
3520,3521,-0.8199572653034328,0.3551171433225763,Shasta County,0.4320888682006861,0.0,66,0.0,'AddedNode',' ',40.57852161,-122.3526314
3521,3522,-1.024424686616647,0.45074686211132475,Shasta County,0.43929127397240675,0.0,66,0.0,'AddedNode',' ',40.40464388,-122.1218563
3522,3523,-1.024446686030095,0.450756541853242,Shasta County,0.43930070770676166,0.0,66,0.0,'AddedNode',' ',40.4496494,-122.3051645
3523,3524,-1.024446686030095,0.450756541853242,Shasta County,0.43930070770676166,0.0,66,0.0,'AddedNode',' ',40.46144152,-122.3281623
3524,3525,-1.024424686616647,0.45074686211132475,Shasta County,0.4392912739724067,0.0,66,0.0,'AddedNode',' ',40.405703,-122.2822838
3525,3526,-1.024424686616647,0.45074686211132475,Tehama County,0.4392912739724067,0.0,66,0.0,'AddedNode',' ',40.18640918,-122.2469965
3526,3527,-1.0244300308183831,0.45074921356008846,Tehama County,0.4392935656598483,0.0,66,0.0,'AddedNode',' ',40.06980839,-122.2334114
3527,3528,-1.0244275664888645,0.45074812925510016,Tehama County,0.43929250891212634,0.0,66,0.0,'AddedNode',' ',40.03324699,-122.0962837
3528,3529,-1.0244300308183836,0.45074921356008857,Tehama County,0.4392935656598483,0.0,66,0.0,'AddedNode',' ',40.02813343,-122.1263703
3529,3530,-1.0244246866166473,0.4507468621113248,Tehama County,0.4392912739724069,0.0,66,0.0,'AddedNode',' ',40.0452775,-122.0912297
3530,3531,-1.0244246866166473,0.4507468621113248,Tehama County,0.4392912739724069,0.0,66,0.0,'AddedNode',' ',40.12786411,-122.0950446
3531,3532,-1.024424686616647,0.45074686211132475,Tehama County,0.43929127397240675,0.0,66,0.0,'AddedNode',' ',40.24793375,-122.1488166
3532,3533,-1.0731329176359339,0.4721784837598111,Tehama County,0.43999920214600835,0.0,66,0.0,'AddedNode',' ',40.13871307,-122.2092184
3533,3534,-1.4014876129585656,0.5891151395692978,Lassen County,0.42393628669384076,0.0,66,0.0,'AddedNode',' ',40.29857966,-121.0180069
3534,3535,-1.4014951940584592,0.5891183262836723,Plumas County,0.4239385799023631,0.0,66,0.0,'AddedNode',' ',40.26869579,-121.0878894
3535,3536,-2.4934651697612633,0.8149577307753635,Contra Costa County,0.31301453809570956,0.0,230,0.0,'AddedNode',' ',37.94577067,-121.7609596
3536,3537,-1.4150222815322202,0.18150666388928638,Mendocino County,0.11071712730795366,0.0,66,0.0,'AddedNode',' ',39.43452687,-123.7993515
3537,3538,-1.832136151547246,0.15902328037273547,Kern County,0.15151987378111215,0.0,66,0.0,'AddedNode',' ',35.10821122,-119.4033777
3538,3539,-1.832136151547246,0.15902328037273547,Kern County,0.15151987378111215,0.0,66,0.0,'AddedNode',' ',35.10826545,-119.3978766
3539,3540,-1.832130767677814,0.1590228130709045,Kern County,0.15151942852860395,0.0,66,0.0,'AddedNode',' ',35.09389609,-119.2788147
3540,3541,7.522020355866195,0.5699750796495583,Kern County,0.31351933026811013,8.96024885,66,0.050323650805004484,'AddedNode',' ',35.10898164,-119.1095693
3541,3542,-0.33133472522053525,0.1457872790970355,Kern County,0.4400041448991114,0.0,66,0.0,'AddedNode',' ',35.10816186,-119.4816642
3542,3543,-1.0583227109030267,0.4656619927973317,Kern County,0.43999800976124215,0.0,66,0.0,'AddedNode',' ',35.09120938,-119.4458795
3543,3544,-1.90714391136439,0.12929998831795533,Kern County,0.12355693387911104,0.0,66,0.0,'AddedNode',' ',35.12230782,-119.4474111
3544,3545,-1.0583227109030267,0.4656619927973317,Kern County,0.4399980097612421,0.0,66,0.0,'AddedNode',' ',35.08992753,-119.4425081
3545,3546,-1.0583344014596598,0.46566713664225035,Kern County,0.44000287011394806,0.0,66,0.0,'AddedNode',' ',35.08965515,-119.4415011
3546,3547,-2.166565072483312,0.15034630593853227,Kern County,0.08377184830335836,0.0,230,0.0,'AddedNode',' ',35.16207381,-119.3311099
3547,3548,-2.166551145701695,0.15034533950544599,Kern County,0.08377130981399944,0.0,230,0.0,'AddedNode',' ',35.16124925,-119.330389
3548,3549,-2.1664522775503423,0.15033847866312947,Kern County,0.08376748700346753,0.0,230,0.0,'AddedNode',' ',35.16102003,-119.334161
3549,3550,-1.832130767677814,0.15902281307090452,Kern County,0.15151942852860398,0.0,66,0.0,'AddedNode',' ',35.10813566,-119.3454292
3550,3551,-1.0583227109030267,0.4656619927973317,Kern County,0.4399980097612421,0.0,66,0.0,'AddedNode',' ',35.09411516,-119.4287035
3551,3552,-2.2432001544697715,0.0,Kern County,0.0,0.0,115,0.0,'AddedNode',' ',35.18391305,-119.5711052
3552,3553,-0.4845384777326751,0.10059202615792168,Kern County,0.09612407925511159,0.999169856,66,0.14273859104811626,'AddedNode',' ',35.23269236,-119.5805375
3553,3554,-1.0841215366587498,0.4770134761298499,Kern County,0.44000056793926146,0.0,115,0.0,'AddedNode',' ',35.27249464,-119.4749415
3554,3555,-1.832130767677814,0.1590228130709045,Kern County,0.15151942852860395,0.0,66,0.0,'AddedNode',' ',35.09500755,-119.0565071
3555,3556,-1.4150164149876565,0.18150591138033584,Mendocino County,0.11071666828552722,0.0,66,0.0,'AddedNode',' ',39.31159801,-123.7867792
3556,3557,-1.4150164149876565,0.18150591138033584,Mendocino County,0.11071666828552722,0.0,66,0.0,'AddedNode',' ',39.12965653,-123.7113586
3557,3558,4.376013123050784,0.08855101449246697,Mendocino County,0.05834676642310648,5.38485821,66,0.010931178937267588,'AddedNode',' ',39.2502358,-123.1957514
3558,3559,-1.2967840516271958,0.11382475350749306,Mendocino County,0.07499977661615996,0.0,66,0.0,'AddedNode',' ',39.19521262,-123.1587877
3559,3560,-1.2967840516271958,0.11382475350749306,Mendocino County,0.07499977661615996,0.0,66,0.0,'AddedNode',' ',39.23928811,-123.1713813
3560,3561,3.880712486489057,0.1412043610477687,Mendocino County,0.08613315281966819,4.98153883,66,0.0190338060003729,'AddedNode',' ',39.39157482,-123.3400078
3561,3562,-1.4150222815322202,0.18150666388928638,Mendocino County,0.11071712730795366,0.0,66,0.0,'AddedNode',' ',39.3913492,-123.3405158
3562,3563,0.7096622106357702,0.1411992450587793,Mendocino County,0.08613003212100011,1.81044867,66,0.05236866124649814,'AddedNode',' ',39.25077658,-123.1964213
3563,3564,4.041655957153793,0.14120417625191528,Mendocino County,0.08613304009617037,5.14248086,66,0.018438064832333706,'AddedNode',' ',39.25068706,-123.1963897
3564,3565,-1.4150304937004385,0.18150771727429402,Mendocino County,0.11071776986156297,0.0,66,0.0,'AddedNode',' ',39.39095537,-123.3018924
3565,3566,0.9735394857054414,0.14120305149891488,Mendocino County,0.08613235400884739,2.07435562,66,0.04570859695586324,'AddedNode',' ',39.25050161,-123.195649
3566,3567,3.9905544931663055,0.08855046676857245,Mendocino County,0.058346405524721305,4.99939334,66,0.01177385263837851,'AddedNode',' ',39.25040512,-123.1956574
3567,3568,-1.2967840516271958,0.11382475350749306,Mendocino County,0.07499977661615996,0.0,66,0.0,'AddedNode',' ',39.16367631,-123.1623331
3568,3569,-1.2967840516271958,0.11382475350749305,Lake County,0.07499977661615995,0.0,66,0.0,'AddedNode',' ',39.14570886,-122.9184161
3569,3570,-1.2967840516271958,0.11382475350749305,Lake County,0.07499977661615995,0.0,66,0.0,'AddedNode',' ',39.00762407,-122.8942518
3570,3571,-1.2967840516271958,0.11382475350749305,Lake County,0.07499977661615995,0.0,66,0.0,'AddedNode',' ',38.99748889,-122.8942112
3571,3572,-1.0244300308183831,0.45074921356008846,Tehama County,0.4392935656598483,0.0,66,0.0,'AddedNode',' ',39.9324277,-122.1880936
3572,3573,-1.0244246866166473,0.4507468621113248,Tehama County,0.4392912739724069,0.0,66,0.0,'AddedNode',' ',39.94143709,-122.0431071
3573,3574,-1.0244246866166473,0.4507468621113248,Glenn County,0.4392912739724069,0.0,66,0.0,'AddedNode',' ',39.7481362,-122.0070587
3574,3575,-1.024287547387326,0.45066358807849516,Glenn County,0.439265877873888,0.0,66,0.0,'AddedNode',' ',39.74674236,-122.0112458
3575,3576,-0.9924972553489033,0.4313598058130631,Glenn County,0.4333787995189362,0.0,66,0.0,'AddedNode',' ',39.75605862,-122.0252172
3576,3577,-1.0241231288242718,0.45056374941901534,Glenn County,0.43923543005785215,0.0,66,0.0,'AddedNode',' ',39.74687586,-122.0113298
3577,3578,-0.9925024304274048,0.431362055009064,Glenn County,0.4333810592423726,0.0,66,0.0,'AddedNode',' ',39.58278092,-122.0102094
3578,3579,-0.992502430427405,0.4313620550090641,Colusa County,0.43338105924237263,0.0,66,0.0,'AddedNode',' ',39.40237998,-122.0135881
3579,3580,-1.0000616768823698,0.4359528814642211,Glenn County,0.4347799237151244,0.0,66,0.0,'AddedNode',' ',39.5533301,-122.1859235
3580,3581,-0.9924972553489033,0.4313598058130631,Glenn County,0.4333787995189362,0.0,66,0.0,'AddedNode',' ',39.76862104,-122.1382261
3581,3582,-0.9924972553489033,0.4313598058130631,Glenn County,0.4333787995189362,0.0,66,0.0,'AddedNode',' ',39.76193573,-122.1969886
3582,3583,-1.321990817177139,0.5684560513861697,Butte County,0.41482703539166,0.0,115,0.0,'AddedNode',' ',39.73009031,-121.7968591
3583,3584,-1.321990817177139,0.5684560513861697,Butte County,0.41482703539166005,0.0,115,0.0,'AddedNode',' ',39.73919049,-121.7918662
3584,3585,4.483453570073859,0.44223214546824047,Butte County,0.3227159767446303,5.51190042,115,0.06021448219557144,'AddedNode',' ',39.71235847,-121.8132623
3585,3586,-1.370348389810768,0.5892498076186303,Butte County,0.43000114116735644,0.0,115,0.0,'AddedNode',' ',39.70701218,-121.8283286
3586,3587,1.9548283012521077,0.4422394936615936,Butte County,0.32272133904002104,2.98329224,115,0.11125536245389554,'AddedNode',' ',39.7123161,-121.8133451
3587,3588,-1.3703442491474338,0.5892480271333965,Butte County,0.4299998418700593,0.0,115,0.0,'AddedNode',' ',39.70967191,-121.8559547
3588,3589,-1.321990817177139,0.5684560513861697,Butte County,0.41482703539166,0.0,115,0.0,'AddedNode',' ',39.71113,-121.8330371
3589,3590,-1.321990817177139,0.5684560513861697,Butte County,0.41482703539166,0.0,115,0.0,'AddedNode',' ',39.71793606,-121.8204316
3590,3591,0.8748331240765923,0.45840219484706535,Butte County,0.33451596309291154,1.94088474,115,0.18373645567813232,'AddedNode',' ',39.78848994,-121.6574472
3591,3592,-1.0000616768823698,0.4359528814642211,Glenn County,0.4347799237151244,0.0,66,0.0,'AddedNode',' ',39.72505815,-122.1783411
3592,3593,0.0,0.0,Glenn County,0.0,0.0,66,0.0,'AddedNode',' ',39.5929137,-122.5429104
3593,3594,1.0607685242415168,0.4584110011761477,Butte County,0.33452238945318513,2.12684062,66,0.16767828367058957,'AddedNode',' ',39.87085665,-121.6323352
3594,3595,-1.3703920239510259,0.5892685702989412,Butte County,0.4300148331089417,0.0,66,0.0,'AddedNode',' ',39.78872599,-121.6571486
3595,3596,0.7499147263064938,0.45840800748820754,Butte County,0.3345202048292551,1.81597986,66,0.19637900988862228,'AddedNode',' ',39.78891555,-121.6573911
3596,3597,-1.3703405276850422,0.5892464269045681,Butte County,0.42999867411367926,0.0,66,0.0,'AddedNode',' ',39.78927093,-121.656724
3597,3598,-1.3703195701060462,0.5892374151455999,Butte County,0.429992097842308,0.0,66,0.0,'AddedNode',' ',39.72074973,-121.6485308
3598,3599,-1.370364245213473,0.5892566254417934,Butte County,0.43000611642861664,0.0,66,0.0,'AddedNode',' ',39.65458077,-121.635987
3599,3600,-1.3703519013547627,0.589251317582548,Butte County,0.43000224305351636,0.0,66,0.0,'AddedNode',' ',39.4817767,-121.5748859
3600,3601,1.6968702661475275,0.4584041547565633,Butte County,0.33451739332387614,2.76292644,66,0.12907123666092032,'AddedNode',' ',39.49216245,-121.5628267
3601,3602,-1.3703520932642757,0.5892514001036386,Butte County,0.43000230327273514,0.0,66,0.0,'AddedNode',' ',39.49665325,-121.5612014
3602,3603,0.47014387679041714,0.4584118815801206,Butte County,0.3345230319221485,1.53621802,66,0.2321456655223172,'AddedNode',' ',39.69877845,-121.5709572
3603,3604,-1.370364245213473,0.5892566254417934,Butte County,0.43000611642861664,0.0,66,0.0,'AddedNode',' ',39.58528102,-121.6183969
3604,3605,-1.3703446012306,0.5892481785291581,Butte County,0.42999995235011274,0.0,66,0.0,'AddedNode',' ',39.54736946,-121.5925833
3605,3606,-1.1230376136216798,0.4824350414887343,Butte County,0.42101928172787834,0.0,66,0.0,'AddedNode',' ',39.36470401,-121.6849287
3606,3607,-1.1230376136216798,0.4824350414887343,Sutter County,0.42101928172787834,0.0,66,0.0,'AddedNode',' ',39.27630921,-121.6600226
3607,3608,-1.098512515936568,0.47185922554425697,Sutter County,0.4113420427582424,0.0,66,0.0,'AddedNode',' ',39.17031713,-121.6618782
3608,3609,-1.145814465429428,0.4922569495616647,Sutter County,0.43000642627131586,0.0,66,0.0,'AddedNode',' ',39.14750508,-121.6586928
3609,3610,-1.1230376136216798,0.4824350414887343,Sutter County,0.42101928172787834,0.0,66,0.0,'AddedNode',' ',39.17062519,-121.6618589
3610,3611,-1.1230376136216798,0.4824350414887343,Sutter County,0.42101928172787834,0.0,66,0.0,'AddedNode',' ',39.25018033,-121.6601956
3611,3612,-1.3703420909834867,0.5892470991228992,Butte County,0.42999916466055044,0.0,66,0.0,'AddedNode',' ',39.38751976,-121.4033237
3612,3613,-1.0000616768823698,0.4359528814642211,Colusa County,0.43477992371512447,0.0,66,0.0,'AddedNode',' ',39.27646236,-122.1536116
3613,3614,-1.0000616768823698,0.4359528814642211,Colusa County,0.43477992371512447,0.0,66,0.0,'AddedNode',' ',39.17421072,-122.160006
3614,3615,-0.9930932510995332,0.4317208679129715,Colusa County,0.43349039263333056,0.0,66,0.0,'AddedNode',' ',39.27800051,-122.0355783
3615,3616,-0.9930932510995332,0.4317208679129715,Colusa County,0.43349039263333056,0.0,66,0.0,'AddedNode',' ',39.21368174,-122.0024832
3616,3617,-0.9930890394838661,0.43171903702511766,Colusa County,0.4334885542410876,0.0,66,0.0,'AddedNode',' ',39.19116817,-121.9902497
3617,3618,-0.9930932510995332,0.4317208679129715,Colusa County,0.43349039263333056,0.0,66,0.0,'AddedNode',' ',39.21708328,-122.0259839
3618,3619,-0.9979938145472091,0.4346965611311872,Colusa County,0.4343979598558774,0.0,66,0.0,'AddedNode',' ',39.14486914,-122.132805
3619,3620,-0.9930771323341978,0.4317138607086104,Colusa County,0.4334833567080473,0.0,66,0.0,'AddedNode',' ',39.18795889,-122.0313769
3620,3621,-0.9979938145472091,0.43469656113118726,Colusa County,0.43439795985587737,0.0,66,0.0,'AddedNode',' ',39.11943583,-122.1328876
3621,3622,-0.9930890394838656,0.4317190370251176,Sutter County,0.43348855424108756,0.0,66,0.0,'AddedNode',' ',39.14524772,-121.9104949
3622,3623,-1.1458008600901248,0.49225110452913523,Sutter County,0.4300013203981501,0.0,66,0.0,'AddedNode',' ',39.14781207,-121.6596256
3623,3624,-0.9980123334801241,0.4347097471304223,Colusa County,0.43439856153214634,0.0,66,0.0,'AddedNode',' ',39.11213837,-122.1328755
3624,3625,-0.9984647624793919,0.4350318892573778,Colusa County,0.4344132608559929,0.0,66,0.0,'AddedNode',' ',39.11963176,-122.217383
3625,3626,-0.9930890394838656,0.4317190370251176,Colusa County,0.43348855424108756,0.0,66,0.0,'AddedNode',' ',39.15104066,-121.9550379
3626,3627,-0.9954479321028864,0.4331513765871356,Colusa County,0.4339254336809087,0.0,66,0.0,'AddedNode',' ',39.01266917,-121.8854867
3627,3628,0.49091469828214207,0.33696047216661473,Colusa County,0.33756263265345615,1.26530126,66,0.20659425128916592,'AddedNode',' ',39.00584269,-121.8670286
3628,3629,-0.9954610304466863,0.4331570760973409,Colusa County,0.4339311433763438,0.0,66,0.0,'AddedNode',' ',39.00500782,-121.866914
3629,3630,-1.1458008600901248,0.4922511045291352,Sutter County,0.43000132039815003,0.0,66,0.0,'AddedNode',' ',39.14856559,-121.6888976
3630,3631,-1.0989028915561245,0.47180504609687535,Sutter County,0.4088303089276103,0.0,66,0.0,'AddedNode',' ',39.14356927,-121.6479679
3631,3632,-1.0278083658804245,0.4408098566441686,Sutter County,0.37673412192241085,0.0,66,0.0,'AddedNode',' ',39.14016252,-121.6383318
3632,3633,-1.171523770722775,0.5024469955400448,Yuba County,0.42941174028721973,0.0,66,0.0,'AddedNode',' ',39.16391801,-121.5597194
3633,3634,-1.171523770722775,0.5024469955400448,Yuba County,0.42941174028721973,0.0,66,0.0,'AddedNode',' ',39.14012365,-121.5827927
3634,3635,0.8249081812206525,0.40892983177511943,Yuba County,0.33452708878371695,1.77590779,66,0.17913944200864668,'AddedNode',' ',39.20915509,-121.3033291
3635,3636,0.3212616216257683,0.39089402891697567,Yuba County,0.33407401519976526,1.23268442,66,0.24700780577520862,'AddedNode',' ',39.20891481,-121.3032249
3636,3637,0.5026529023995097,0.3908684842950343,Yuba County,0.33405218372169854,1.41401614,66,0.21530368082228607,'AddedNode',' ',39.20892538,-121.3030703
3637,3638,-1.1715293885179527,0.50244940491865,Yuba County,0.4294137994406608,0.0,66,0.0,'AddedNode',' ',39.11340634,-121.3317359
3638,3639,-1.1715293885179527,0.50244940491865,Yuba County,0.4294137994406608,0.0,66,0.0,'AddedNode',' ',39.09754397,-121.3361612
3639,3640,-1.1715293885179527,0.50244940491865,Yuba County,0.42941379944066094,0.0,66,0.0,'AddedNode',' ',39.11358863,-121.3317795
3640,3641,-1.1715293885179527,0.50244940491865,Yuba County,0.42941379944066094,0.0,66,0.0,'AddedNode',' ',39.09772684,-121.3363355
3641,3642,-1.1715293885179527,0.50244940491865,Yuba County,0.4294137994406608,0.0,66,0.0,'AddedNode',' ',39.01298354,-121.4183804
3642,3643,-1.1715293885179527,0.50244940491865,Sutter County,0.4294137994406608,0.0,66,0.0,'AddedNode',' ',38.92475985,-121.5434641
3643,3644,-1.1715293885179527,0.50244940491865,Yuba County,0.4294137994406608,0.0,66,0.0,'AddedNode',' ',39.09743233,-121.3367713
3644,3645,-1.171529388517953,0.5024494049186501,Yuba County,0.42941379944066094,0.0,66,0.0,'AddedNode',' ',39.11368599,-121.3318233
3645,3646,-1.2224143120427011,0.5256381541783615,Nevada County,0.43000091411191704,0.0,66,0.0,'AddedNode',' ',39.32023931,-121.1225988
3646,3647,1.0324500739487825,0.3629587757020234,Placer County,0.33452607873475326,1.87654025,66,0.15047381834359339,'AddedNode',' ',39.13427348,-120.9532698
3647,3648,-1.0849847181243202,0.4665434287934576,Nevada County,0.4299963363384023,0.0,66,0.0,'AddedNode',' ',39.13289048,-120.9653677
3648,3649,-1.084993112590224,0.46654703841379624,Placer County,0.4299996631959367,0.0,66,0.0,'AddedNode',' ',39.11521967,-120.9526614
3649,3650,-1.1290647225654438,0.4674741760633433,Placer County,0.41721048978428343,0.0,66,0.0,'AddedNode',' ',39.03552032,-120.9881863
3650,3651,-2.176909903093769,0.5822462593267882,Placer County,0.26879434947915004,0.0,66,0.0,'AddedNode',' ',39.00676162,-120.7437223
3651,3652,1.2456279970770823,0.45295650724877357,Placer County,0.20910765463578204,2.93914769,66,0.12048660646468608,'AddedNode',' ',39.00400575,-120.7468835
3652,3653,-2.176909903093769,0.5822462593267882,Placer County,0.26879434947915,0.0,66,0.0,'AddedNode',' ',39.01938803,-120.830237
3653,3654,-1.084993112590224,0.4665470384137963,Placer County,0.42999966319593674,0.0,66,0.0,'AddedNode',' ',39.11591063,-120.9523666
3654,3655,-1.084993112590224,0.4665470384137963,Placer County,0.42999966319593674,0.0,66,0.0,'AddedNode',' ',39.21473999,-120.8095751
3655,3656,-1.033430335872328,0.444375044425101,Placer County,0.42999855821385713,0.0,66,0.0,'AddedNode',' ',39.30558816,-120.5497747
3656,3657,-1.033430335872328,0.4443750444251011,Placer County,0.42999855821385713,0.0,66,0.0,'AddedNode',' ',39.31417396,-120.4971121
3657,3658,-1.020909497666248,0.4389910839964867,Nevada County,0.4299983483071711,0.0,66,0.0,'AddedNode',' ',39.31759893,-120.3286258
3658,3659,1.0704272947358469,0.39088691240895923,Yuba County,0.3340679331411218,1.9818335,66,0.15363126480836492,'AddedNode',' ',39.20903334,-121.3035396
3659,3660,-1.2967837124721484,0.11382472373828077,Lake County,0.07499975700105693,0.0,66,0.0,'AddedNode',' ',38.93185937,-122.7406789
3660,3661,-1.1837861693103044,0.056095695589604824,Sonoma County,0.04436958538693166,0.0,66,0.0,'AddedNode',' ',38.68977655,-122.8803493
3661,3662,-1.2967840516271956,0.11382475350749303,Mendocino County,0.07499977661615995,0.0,66,0.0,'AddedNode',' ',39.10238846,-123.156215
3662,3663,-1.5274576579341508,0.23166982071205922,Sonoma County,0.1375267174750391,0.0,66,0.0,'AddedNode',' ',38.49664426,-122.7727955
3663,3664,-1.2967840516271956,0.11382475350749305,Sonoma County,0.07499977661615995,0.0,66,0.0,'AddedNode',' ',38.7996382,-122.9877873
3664,3665,-1.5274496032947193,0.23166859906322107,Sonoma County,0.1375259922646768,0.0,66,0.0,'AddedNode',' ',38.60697451,-122.8419709
3665,3666,-1.5274576579341508,0.23166982071205922,Sonoma County,0.1375267174750391,0.0,66,0.0,'AddedNode',' ',38.60964233,-122.8557584
3666,3667,-1.1837861693103044,0.056095695589604824,Sonoma County,0.04436958538693167,0.0,66,0.0,'AddedNode',' ',38.71186637,-122.9066155
3667,3668,-1.6066064588544886,0.3442706162282091,Napa County,0.2026506129668709,0.0,66,0.0,'AddedNode',' ',38.59225135,-122.5781585
3668,3669,-1.606606458854489,0.3442706162282092,Napa County,0.20265061296687095,0.0,66,0.0,'AddedNode',' ',38.50023505,-122.4596742
3669,3670,-1.606606458854489,0.3442706162282092,Napa County,0.20265061296687095,0.0,66,0.0,'AddedNode',' ',38.49954256,-122.4675312
3670,3671,-1.5126796421991449,0.6040569631462697,Sonoma County,0.352562301973787,0.0,66,0.0,'AddedNode',' ',38.2606122,-122.6625276
3671,3672,-1.7459030034876455,0.6974005785945713,Sonoma County,0.40660476908549203,0.0,115,0.0,'AddedNode',' ',38.3143967,-122.6942899
3672,3673,-1.5959563502207341,0.24205903161987938,Sonoma County,0.14369408994037294,0.0,115,0.0,'AddedNode',' ',38.40178336,-122.7132959
3673,3674,2.361816077531061,0.18831194700349588,Sonoma County,0.11178807776137858,3.60340432,115,0.03851767680534144,'AddedNode',' ',38.41865473,-122.7475471
3674,3675,13.472761960520069,0.46992923397093467,Sonoma County,0.2742776635346104,14.6495589,66,0.022032684889593226,'AddedNode',' ',38.30151628,-122.7477593
3675,3676,-1.5126796421991449,0.6040569631462697,Sonoma County,0.35256230197378696,0.0,66,0.0,'AddedNode',' ',38.31109076,-122.7358589
3676,3677,-1.512679642199145,0.6040569631462697,Sonoma County,0.352562301973787,0.0,66,0.0,'AddedNode',' ',38.30915534,-122.7319788
3677,3678,5.67123168473411,0.18343855450807667,Sonoma County,0.10856923430281915,6.74711761,66,0.017312298058977778,'AddedNode',' ',38.36726204,-122.7690314
3678,3679,-1.5893039971193679,0.27097633778733116,Sonoma County,0.16037900858217502,0.0,66,0.0,'AddedNode',' ',38.38733217,-122.741686
3679,3680,-1.6354971497133457,0.6527682920453285,Sonoma County,0.3816860310406075,0.0,66,0.0,'AddedNode',' ',38.23957691,-122.6362276
3680,3681,-1.6272611192460265,0.6482125230633804,Sonoma County,0.3816613599098154,0.0,66,0.0,'AddedNode',' ',38.2373855,-122.6336902
3681,3682,-1.6272516563899515,0.6482087535750426,Sonoma County,0.38165914047098315,0.0,66,0.0,'AddedNode',' ',38.23334597,-122.610157
3682,3683,-1.6552832577069916,0.6612025406661896,Napa County,0.3855002628591302,0.0,115,0.0,'AddedNode',' ',38.29767402,-122.2753288
3683,3684,-1.655231410772904,0.6611818304195385,Napa County,0.38548818818452324,0.0,115,0.0,'AddedNode',' ',38.30143153,-122.2824726
3684,3685,-1.6552934801274712,0.6612066240098475,Napa County,0.38550264356694164,0.0,66,0.0,'AddedNode',' ',38.26282033,-122.2694642
3685,3686,-1.7197111874864044,0.6869382633358087,Napa County,0.4005049357752564,0.0,66,0.0,'AddedNode',' ',38.25024053,-122.2647463
3686,3687,-1.7197111874864044,0.6869382633358087,Napa County,0.4005049357752564,0.0,66,0.0,'AddedNode',' ',38.2578759,-122.2646262
3687,3688,-1.7197111874864044,0.6869382633358087,Solano County,0.40050493577525637,0.0,66,0.0,'AddedNode',' ',38.21994567,-122.1345357
3688,3689,-1.7197111874864044,0.6869382633358087,Solano County,0.40050493577525637,0.0,66,0.0,'AddedNode',' ',38.2161916,-122.1124575
3689,3690,-1.7197111874864044,0.6869382633358087,Solano County,0.40050493577525637,0.0,66,0.0,'AddedNode',' ',38.2196769,-122.1350108
3690,3691,-1.7197111874864044,0.6869382633358087,Solano County,0.40050493577525637,0.0,66,0.0,'AddedNode',' ',38.22182214,-122.1572355
3691,3692,-1.7197111874864044,0.6869382633358087,Napa County,0.40050493577525637,0.0,66,0.0,'AddedNode',' ',38.25125108,-122.2366631
3692,3693,-1.7197111874864044,0.6869382633358087,Napa County,0.4005049357752564,0.0,66,0.0,'AddedNode',' ',38.24848802,-122.2647873
3693,3694,-1.719711187486404,0.6869382633358085,Solano County,0.4005049357752563,0.0,66,0.0,'AddedNode',' ',38.26047844,-122.2009355
3694,3695,-1.394744774272454,0.5359067835475833,Marin County,0.35656814998236275,0.0,66,0.0,'AddedNode',' ',38.04833268,-122.743046
3695,3696,-1.3887021757995903,0.5335850186113777,Marin County,0.35502335254106804,0.0,66,0.0,'AddedNode',' ',38.11973984,-122.6144695
3696,3697,-1.3200297050880456,0.507198798296276,Marin County,0.3374671542401233,0.0,66,0.0,'AddedNode',' ',37.94273727,-122.7027151
3697,3698,-1.491222156697058,0.572976564810775,Marin County,0.38123270682519195,0.0,66,0.0,'AddedNode',' ',38.12146539,-122.6300201
3698,3699,-1.4911963203521275,0.5729666376378859,Marin County,0.3812261017330747,0.0,66,0.0,'AddedNode',' ',38.10792708,-122.5655032
3699,3700,-1.2262087527700611,0.4711497047893084,Marin County,0.31348171689366855,0.0,66,0.0,'AddedNode',' ',37.91951493,-122.5134737
3700,3701,-1.2262087527700611,0.4711497047893084,Marin County,0.3134817168936686,0.0,66,0.0,'AddedNode',' ',37.9203564,-122.5129791
3701,3702,-1.3610649648769422,0.5229658938188086,Marin County,0.3479578669044564,0.0,66,0.0,'AddedNode',' ',37.93814237,-122.5160187
3702,3703,-1.3642001092684515,0.5241705193372568,Marin County,0.3487593702735521,0.0,66,0.0,'AddedNode',' ',37.95743015,-122.5078023
3703,3704,-0.09350427299074338,0.4587790594145139,Solano County,0.3323071427783136,0.984808326,66,0.3638586000261652,'AddedNode',' ',38.3019882,-121.9484938
3704,3705,-1.6236702989704654,0.5799287177308612,Solano County,0.3632010264898362,0.0,66,0.0,'AddedNode',' ',38.30195163,-121.9485833
3705,3706,-1.386152232759148,0.5897525616836732,Solano County,0.4271750959370239,0.0,66,0.0,'AddedNode',' ',38.38587956,-121.8776708
3706,3707,-1.386144805285697,0.5897494015895717,Solano County,0.42717280698808385,0.0,66,0.0,'AddedNode',' ',38.38587663,-121.8778593
3707,3708,-1.3006466749330057,0.5533733526946408,Solano County,0.4008245667496012,0.0,66,0.0,'AddedNode',' ',38.45154744,-121.8193606
3708,3709,2.7039472221950263,0.4304973643318153,Solano County,0.3118218806613963,3.71578663,66,0.0849116751004243,'AddedNode',' ',38.47691348,-121.7975866
3709,3710,-1.300646674933006,0.5533733526946409,Solano County,0.40082456674960126,0.0,66,0.0,'AddedNode',' ',38.47675972,-121.7967776
3710,3711,-1.3006466749330057,0.5533733526946408,Solano County,0.4008245667496012,0.0,66,0.0,'AddedNode',' ',38.52892734,-121.7503997
3711,3712,-1.3861522327591478,0.5897525616836731,Solano County,0.42717509593702385,0.0,66,0.0,'AddedNode',' ',38.40240434,-121.8631494
3712,3713,-1.3861522327591478,0.5897525616836731,Solano County,0.42717509593702385,0.0,66,0.0,'AddedNode',' ',38.38721271,-121.7758575
3713,3714,-1.3861522327591478,0.5897525616836731,Solano County,0.42717509593702385,0.0,66,0.0,'AddedNode',' ',38.38714234,-121.7581266
3714,3715,-1.386144805285697,0.5897494015895717,Solano County,0.42717280698808385,0.0,66,0.0,'AddedNode',' ',38.51772109,-121.9509504
3715,3716,-1.3861448052856973,0.5897494015895718,Yolo County,0.4271728069880839,0.0,66,0.0,'AddedNode',' ',38.65946298,-121.7936121
3716,3717,-0.3577904337294675,0.45880854028930557,Yolo County,0.3323284966415024,0.720591457,66,0.49733733181289275,'AddedNode',' ',38.61926401,-121.7944613
3717,3718,9.477522087025664,0.36591527851294914,Yolo County,0.2987966693604534,10.3890464,115,0.026216114383492136,'AddedNode',' ',38.67790965,-121.7574937
3718,3719,-1.1716943879412172,0.47035594354754307,Yolo County,0.38408013438806377,0.0,115,0.0,'AddedNode',' ',38.67745413,-121.7577418
3719,3720,-2.0673072596047457,0.5615861883844722,Solano County,0.24371807825409594,0.0,66,0.0,'AddedNode',' ',38.28537306,-121.9698141
3720,3721,33.217140963813236,0.4368872394028492,Solano County,0.1896010275952571,34.8254073,66,0.00875593348732694,'AddedNode',' ',38.24676682,-122.0392314
3721,3722,-2.067299934468559,0.5615841985035335,Solano County,0.2437172146823623,0.0,66,0.0,'AddedNode',' ',38.28488125,-121.9697862
3722,3723,-0.9980235849015682,0.43471464797423626,Colusa County,0.43440345886770665,0.0,66,0.0,'AddedNode',' ',38.96933705,-122.0609569
3723,3724,-0.9980072730621183,0.4347075429361874,Colusa County,0.43439635891577694,0.0,66,0.0,'AddedNode',' ',38.96949422,-122.0432257
3724,3725,-0.9954610304466861,0.4331570760973409,Yolo County,0.4339311433763438,0.0,66,0.0,'AddedNode',' ',38.86183344,-121.7936028
3725,3726,-1.004842950988165,0.4368849832302117,Yolo County,0.43373142566365863,0.0,66,0.0,'AddedNode',' ',38.85671191,-121.7868207
3726,3727,-1.2424601429922335,0.5313021999448895,Yolo County,0.4286731476840143,0.0,66,0.0,'AddedNode',' ',38.80945394,-121.7450299
3727,3728,-1.242456422639551,0.5313006090435024,Yolo County,0.4286718640892817,0.0,66,0.0,'AddedNode',' ',38.7384134,-121.6773738
3728,3729,-1.1715293885179527,0.50244940491865,Sutter County,0.4294137994406608,0.0,66,0.0,'AddedNode',' ',39.06915449,-121.6896374
3729,3730,-1.2424601429922335,0.5313021999448895,Yolo County,0.4286731476840143,0.0,66,0.0,'AddedNode',' ',38.74906676,-121.6925761
3730,3731,2.8427644816844295,0.41005142647036497,Sutter County,0.3341883730843208,3.79806715,66,0.08405618750776724,'AddedNode',' ',38.90997717,-121.5431217
3731,3732,-1.1715293885179527,0.50244940491865,Sutter County,0.42941379944066077,0.0,66,0.0,'AddedNode',' ',38.89582078,-121.5436387
3732,3733,-1.1715293885179527,0.50244940491865,Sutter County,0.42941379944066077,0.0,66,0.0,'AddedNode',' ',38.78508519,-121.6170576
3733,3734,-1.1715293885179527,0.50244940491865,Sutter County,0.4294137994406608,0.0,66,0.0,'AddedNode',' ',38.91011527,-121.5434489
3734,3735,-1.4014878286609995,0.5891152302397885,Plumas County,0.42393635194171597,0.0,66,0.0,'AddedNode',' ',40.02697804,-120.9648706
3735,3736,-1.2279770138547788,0.5270933944859829,Sutter County,0.4295765667321566,0.0,66,0.0,'AddedNode',' ',38.80899533,-121.516866
3736,3737,-1.2279770138547788,0.527093394485983,Sutter County,0.42957656673215666,0.0,66,0.0,'AddedNode',' ',38.77536698,-121.4976542
3737,3738,1.8409983540409103,0.3908775630507921,Placer County,0.3340599427974701,2.75238276,66,0.11061580058770598,'AddedNode',' ',39.0486215,-121.3167683
3738,3739,-1.1715293885179527,0.5024494049186499,Placer County,0.42941379944066077,0.0,66,0.0,'AddedNode',' ',39.02722572,-121.2937669
3739,3740,-0.9971526121016692,0.427662115414259,Placer County,0.3654975248435226,0.0,66,0.0,'AddedNode',' ',38.83271571,-121.307755
3740,3741,3.03688724826314,0.33270632482406826,Placer County,0.2843444248158145,3.81263747,66,0.057855028792052454,'AddedNode',' ',38.83198553,-121.3130192
3741,3742,0.3437167756863152,0.3974392617429593,Placer County,0.33522945700359447,1.26431472,66,0.24409393018132533,'AddedNode',' ',38.79268337,-121.3814569
3742,3743,-1.1833321799486907,0.5108665198531479,Placer County,0.43090233536727485,0.0,66,0.0,'AddedNode',' ',38.79183033,-121.3626832
3743,3744,-1.1833321799486907,0.5108665198531479,Placer County,0.43090233536727485,0.0,66,0.0,'AddedNode',' ',38.79504244,-121.3040785
3744,3745,-1.1833321799486907,0.5108665198531479,Placer County,0.43090233536727485,0.0,66,0.0,'AddedNode',' ',38.79510466,-121.3284321
3745,3746,-1.1833321799486907,0.5108665198531479,Placer County,0.43090233536727485,0.0,66,0.0,'AddedNode',' ',38.78169915,-121.3288581
3746,3747,-1.139282532260824,0.4920919358250344,Placer County,0.4314426128147355,0.0,66,0.0,'AddedNode',' ',38.781065,-121.3083899
3747,3748,-1.0618214530321466,0.4396329979690898,Placer County,0.39236284654826203,0.0,66,0.0,'AddedNode',' ',38.91802899,-121.0653183
3748,3749,-1.0618214530321461,0.4396329979690896,Placer County,0.3923628465482619,0.0,66,0.0,'AddedNode',' ',38.90215494,-121.084879
3749,3750,-1.3226870818763348,0.49324961937549394,Placer County,0.37497953244726,0.0,66,0.0,'AddedNode',' ',38.90058203,-121.0864181
3750,3751,-1.3226838172478528,0.4932484019471406,Placer County,0.3749786069306517,0.0,66,0.0,'AddedNode',' ',38.89039123,-121.0972754
3751,3752,0.34388246862031857,0.3837390606291249,Placer County,0.2917271253420232,1.3729085,66,0.21865609109165327,'AddedNode',' ',38.88984094,-121.0985154
3752,3753,-0.7196809274967951,0.4260823705290685,El Dorado County,0.19281758313642083,0.893833561,115,0.34806699770758587,'AddedNode',' ',38.77183255,-120.8131352
3753,3754,0.3710005185924041,0.4260447570257193,El Dorado County,0.19280056167458454,1.98437257,115,0.1567543526876413,'AddedNode',' ',38.78340124,-120.77851
3754,3755,-1.0618214530321464,0.4396329979690897,Placer County,0.3923628465482619,0.0,66,0.0,'AddedNode',' ',38.91259618,-121.0745771
3755,3756,-1.5669880374372775,0.5434613886635875,Placer County,0.3586995013437009,0.0,115,0.0,'AddedNode',' ',38.88368684,-121.0979645
3756,3757,2.384439289364547,0.42279316655011034,Placer County,0.2790551475717191,3.60349891,115,0.0944040419690734,'AddedNode',' ',38.8352068,-121.0929651
3757,3758,-1.322683817247853,0.4932484019471406,Placer County,0.3749786069306518,0.0,66,0.0,'AddedNode',' ',38.84479345,-121.1668587
3758,3759,-1.262064901295266,0.4706427096180429,Placer County,0.35779324761715847,0.0,66,0.0,'AddedNode',' ',38.78812742,-121.231935
3759,3760,-2.258492248696792,0.5815171159336686,Sacramento County,0.2524642606488277,0.0,230,0.0,'AddedNode',' ',38.5216105,-121.2528766
3760,3761,-2.258492248696792,0.5815171159336686,Sacramento County,0.2524642606488277,0.0,230,0.0,'AddedNode',' ',38.52020196,-121.2619768
3761,3762,5.308039528701677,0.4554141088801282,El Dorado County,0.19771694269542553,7.07677377,66,0.049416406118944996,'AddedNode',' ',38.65760275,-121.0469193
3762,3763,-2.2735735977260196,0.5854002652324656,El Dorado County,0.25415012060006187,0.0,66,0.0,'AddedNode',' ',38.65637669,-120.990711
3763,3764,-2.273573597726019,0.5854002652324656,El Dorado County,0.25415012060006187,0.0,66,0.0,'AddedNode',' ',38.66009413,-120.9468641
3764,3765,-2.2735735977260196,0.5854002652324656,Amador County,0.2541501206000619,0.0,66,0.0,'AddedNode',' ',38.48074539,-120.8451101
3765,3766,-2.2735735977260196,0.5854002652324656,Amador County,0.2541501206000619,0.0,66,0.0,'AddedNode',' ',38.4085851,-120.8222305
3766,3767,-2.2735735977260196,0.5854002652324656,Amador County,0.2541501206000619,0.0,66,0.0,'AddedNode',' ',38.3689943,-120.7969735
3767,3768,-2.2735925815795666,0.5854051531995464,Amador County,0.25415224269924236,0.0,66,0.0,'AddedNode',' ',38.36175335,-120.789842
3768,3769,-2.273552065637918,0.5853947211453516,Calaveras County,0.25414771364794336,0.0,66,0.0,'AddedNode',' ',38.21580687,-120.7640974
3769,3770,-2.2735925815795666,0.5854051531995464,Calaveras County,0.25415224269924236,0.0,66,0.0,'AddedNode',' ',38.21590341,-120.7640211
3770,3771,-2.273573690051145,0.5854002890043606,Calaveras County,0.2541501309205731,0.0,66,0.0,'AddedNode',' ',38.21516244,-120.7577231
3771,3772,-2.2735925815795666,0.5854051531995464,Amador County,0.25415224269924236,0.0,66,0.0,'AddedNode',' ',38.3649349,-120.7940564
3772,3773,-2.2735925815795666,0.5854051531995464,Amador County,0.25415224269924236,0.0,66,0.0,'AddedNode',' ',38.35940176,-120.7891802
3773,3774,-2.2735925815795666,0.5854051531995464,Amador County,0.25415224269924236,0.0,66,0.0,'AddedNode',' ',38.35122755,-120.7852991
3774,3775,3.1031306236667042,0.4554114375316901,Calaveras County,0.19771578293591055,4.87185449,66,0.0717805970493011,'AddedNode',' ',38.14969112,-120.8147331
3775,3776,-2.2735456346180904,0.5853930652848524,Calaveras County,0.25414699476008046,0.0,66,0.0,'AddedNode',' ',38.15918189,-120.8473756
3776,3777,-2.2735970909288494,0.5854063142678617,Calaveras County,0.2541527467742657,0.0,66,0.0,'AddedNode',' ',38.22525477,-120.7772625
3777,3778,-2.2735925815795666,0.5854051531995464,Calaveras County,0.25415224269924236,0.0,66,0.0,'AddedNode',' ',38.25537481,-120.8506948
3778,3779,4.071654793748701,0.4554245793017945,Amador County,0.19772148840387033,5.8404297,66,0.05987997888501645,'AddedNode',' ',38.36970343,-120.9491302
3779,3780,-2.2736209578583075,0.5854124595304776,Amador County,0.2541554147252861,0.0,66,0.0,'AddedNode',' ',38.34051915,-120.9348792
3780,3781,-2.273616844591249,0.5854114004455072,Amador County,0.2541549549260872,0.0,66,0.0,'AddedNode',' ',38.34109765,-120.9170415
3781,3782,-2.2736168445912495,0.5854114004455072,Amador County,0.2541549549260872,0.0,66,0.0,'AddedNode',' ',38.37261448,-120.9552106
3782,3783,-2.2735735977260196,0.5854002652324656,Amador County,0.2541501206000619,0.0,66,0.0,'AddedNode',' ',38.37659763,-120.8044954
3783,3784,-2.2735925815795666,0.5854051531995466,Amador County,0.2541522426992424,0.0,66,0.0,'AddedNode',' ',38.39243311,-120.6298755
3784,3785,-2.273592992425893,0.5854052589843552,Amador County,0.25415228862546335,0.0,66,0.0,'AddedNode',' ',38.33161273,-120.6740506
3785,3786,-2.2735767478060764,0.5854010763158205,Amador County,0.2541504727299544,0.0,66,0.0,'AddedNode',' ',38.33145526,-120.6738554
3786,3787,-2.2735831493924032,0.585402724597775,Amador County,0.25415118832761024,0.0,66,0.0,'AddedNode',' ',38.36722626,-120.7956631
3787,3788,-2.307403015042678,0.6058890697404185,Calaveras County,0.25677106904237207,0.0,115,0.0,'AddedNode',' ',38.07911272,-120.4266044
3788,3789,-2.2735738203977327,0.5854003225660307,Calaveras County,0.25415014549129167,0.0,115,0.0,'AddedNode',' ',37.87994027,-120.6087111
3789,3790,-2.4329899642573545,0.6819511598335575,Tuolumne County,0.2665009427907635,0.0,115,0.0,'AddedNode',' ',37.90797674,-120.4839492
3790,3791,-2.432989964257355,0.6819511598335575,Tuolumne County,0.2665009427907635,0.0,115,0.0,'AddedNode',' ',38.05372577,-120.2171726
3791,3792,-2.432989964257355,0.6819511598335575,Tuolumne County,0.2665009427907635,0.0,115,0.0,'AddedNode',' ',37.97459396,-120.3156182
3792,3793,-2.4329899642573545,0.6819511598335575,Tuolumne County,0.2665009427907635,0.0,115,0.0,'AddedNode',' ',37.97396145,-120.3199136
3793,3794,-2.4329899642573545,0.6819511598335575,Tuolumne County,0.2665009427907635,0.0,115,0.0,'AddedNode',' ',37.89954764,-120.476781
3794,3795,-2.4329899642573545,0.6819511598335575,Tuolumne County,0.2665009427907635,0.0,115,0.0,'AddedNode',' ',37.95656944,-120.3768284
3795,3796,-2.4329899642573545,0.6819511598335575,Tuolumne County,0.2665009427907635,0.0,115,0.0,'AddedNode',' ',37.91884879,-120.4884965
3796,3797,-2.4329899642573545,0.6819511598335575,Tuolumne County,0.2665009427907635,0.0,115,0.0,'AddedNode',' ',37.95914991,-120.3956509
3797,3798,-2.3074030150426785,0.6058890697404186,Calaveras County,0.25677106904237207,0.0,115,0.0,'AddedNode',' ',38.1025887,-120.4531029
3798,3799,-2.432989964257355,0.6819511598335575,Tuolumne County,0.2665009427907635,0.0,115,0.0,'AddedNode',' ',38.01366861,-120.2603312
3799,3800,-2.3139396623082553,0.6098480085977637,Tuolumne County,0.2572774970831004,0.0,115,0.0,'AddedNode',' ',37.98117995,-120.2782502
3800,3801,0.951065555520592,0.4744323188790532,Tuolumne County,0.2001494762886757,2.75119894,115,0.1309595423707581,'AddedNode',' ',38.03260603,-120.3264936
3801,3802,0.3620199672516966,0.5305248830318877,Tuolumne County,0.2073247907320302,2.254768,115,0.1740372356703678,'AddedNode',' ',37.96647674,-120.3180742
3802,3803,-2.432989964257355,0.6819511598335576,Tuolumne County,0.26650094279076353,0.0,115,0.0,'AddedNode',' ',37.96030044,-120.3772843
3803,3804,-2.4329899642573545,0.6819511598335575,Tuolumne County,0.2665009427907635,0.0,115,0.0,'AddedNode',' ',37.97183138,-120.3291682
3804,3805,-1.770510216883563,0.6019483478464391,Solano County,0.35840522689240084,0.0,115,0.0,'AddedNode',' ',38.29562594,-121.8073636
3805,3806,-1.9182365671179964,0.5959497629856132,Alameda County,0.32741195124128114,0.0,66,0.0,'AddedNode',' ',37.79467886,-121.5602302
3806,3807,-1.9182365671179964,0.5959497629856132,Contra Costa County,0.32741195124128114,0.0,66,0.0,'AddedNode',' ',37.81624969,-121.5848033
3807,3808,-1.918236567117996,0.5959497629856132,Contra Costa County,0.32741195124128114,0.0,66,0.0,'AddedNode',' ',37.92552036,-121.6410619
3808,3809,-2.2735925815795666,0.5854051531995464,Alameda County,0.2541522426992424,0.0,230,0.0,'AddedNode',' ',37.78055569,-121.6265182
3809,3810,-2.2735925815795666,0.5854051531995463,San Joaquin County,0.25415224269924236,0.0,66,0.0,'AddedNode',' ',38.18985975,-121.1817944
3810,3811,-2.2328416892996623,0.5749126038609301,San Joaquin County,0.24959692757865137,0.0,66,0.0,'AddedNode',' ',38.18954819,-121.4088497
3811,3812,-2.2328416892996623,0.5749126038609303,San Joaquin County,0.2495969275786514,0.0,66,0.0,'AddedNode',' ',38.13789373,-121.3864196
3812,3813,-2.2652742252287803,0.583263340847873,San Joaquin County,0.25322238000561287,0.0,66,0.0,'AddedNode',' ',38.18939072,-121.2609938
3813,3814,-2.265274225228781,0.5832633408478731,San Joaquin County,0.25322238000561287,0.0,66,0.0,'AddedNode',' ',38.15032183,-121.2609512
3814,3815,-2.2734092450772527,0.585357947673766,San Joaquin County,0.254131748533485,0.0,66,0.0,'AddedNode',' ',38.14910461,-121.2608928
3815,3816,-2.2693103809831277,0.5843025711817744,San Joaquin County,0.25367355936165126,0.0,66,0.0,'AddedNode',' ',38.13733194,-121.261022
3816,3817,-2.2736139509350957,0.5854106553862394,San Joaquin County,0.2541546314603937,0.0,66,0.0,'AddedNode',' ',38.14642472,-121.2434056
3817,3818,-2.2551492866484306,0.5806563692783899,San Joaquin County,0.2520905695536275,0.0,66,0.0,'AddedNode',' ',38.13042357,-121.2516097
3818,3819,-2.2736139509350957,0.5854106553862394,San Joaquin County,0.2541546314603937,0.0,66,0.0,'AddedNode',' ',38.145728,-121.1772653
3819,3820,-2.2735925815795666,0.5854051531995463,San Joaquin County,0.25415224269924236,0.0,66,0.0,'AddedNode',' ',38.15421159,-121.1784278
3820,3821,-2.2735925815795666,0.5854051531995463,San Joaquin County,0.25415224269924236,0.0,66,0.0,'AddedNode',' ',38.11729058,-121.1620564
3821,3822,-2.2671456558776693,0.5837451972519583,San Joaquin County,0.2534315768073286,0.0,66,0.0,'AddedNode',' ',38.10191625,-121.2607145
3822,3823,-2.273574501563554,0.5854004979527667,San Joaquin County,0.25415022163502227,0.0,66,0.0,'AddedNode',' ',38.10163901,-121.180787
3823,3824,-2.2737017228045158,0.5854332549078427,Calaveras County,0.25416444298847474,0.0,66,0.0,'AddedNode',' ',38.1065095,-120.926447
3824,3825,-2.273603075067645,0.5854078550653276,San Joaquin County,0.25415341570778865,0.0,66,0.0,'AddedNode',' ',38.11679885,-121.161797
3825,3826,-2.2735769956563687,0.585401140132372,San Joaquin County,0.25415050043575715,0.0,66,0.0,'AddedNode',' ',38.10170024,-121.1622606
3826,3827,-2.273605206607774,0.5854084038947818,San Joaquin County,0.2541536539807794,0.0,66,0.0,'AddedNode',' ',38.10164875,-121.177994
3827,3828,-2.2674048715365425,0.5838119401608348,San Joaquin County,0.25346055308108106,0.0,66,0.0,'AddedNode',' ',38.0519167,-121.2101815
3828,3829,-2.2735925815795666,0.5854051531995464,Amador County,0.25415224269924236,0.0,66,0.0,'AddedNode',' ',38.28725603,-120.9093185
3829,3830,-2.232824421060725,0.574908157630703,San Joaquin County,0.2495949972584661,0.0,66,0.0,'AddedNode',' ',38.07765394,-121.2874746
3830,3831,-2.2328244210607244,0.574908157630703,San Joaquin County,0.24959499725846604,0.0,66,0.0,'AddedNode',' ',38.0369608,-121.2948316
3831,3832,-2.2328244210607244,0.574908157630703,San Joaquin County,0.24959499725846604,0.0,66,0.0,'AddedNode',' ',38.03705187,-121.278967
3832,3833,-2.2674048715365425,0.5838119401608348,San Joaquin County,0.25346055308108106,0.0,66,0.0,'AddedNode',' ',38.05705455,-121.2101547
3833,3834,-2.2328416892996623,0.5749126038609303,San Joaquin County,0.2495969275786514,0.0,66,0.0,'AddedNode',' ',38.11247381,-121.370713
3834,3835,-2.2328222536803475,0.5749075995730932,San Joaquin County,0.24959475497909375,0.0,66,0.0,'AddedNode',' ',38.02078905,-121.3199474
3835,3836,-2.2328222536803475,0.5749075995730932,San Joaquin County,0.24959475497909375,0.0,66,0.0,'AddedNode',' ',38.00849977,-121.3532978
3836,3837,-2.2328222536803475,0.5749075995730931,San Joaquin County,0.24959475497909372,0.0,66,0.0,'AddedNode',' ',38.0094549,-121.3536486
3837,3838,-2.2328222536803475,0.5749075995730931,San Joaquin County,0.24959475497909372,0.0,66,0.0,'AddedNode',' ',37.98038192,-121.317004
3838,3839,-2.232811292977346,0.5749047774087037,San Joaquin County,0.24959352974319526,0.0,66,0.0,'AddedNode',' ',38.02114894,-121.2946069
3839,3840,-2.232831334253993,0.5749099376413332,San Joaquin County,0.24959577004581046,0.0,66,0.0,'AddedNode',' ',37.99344298,-121.2870478
3840,3841,-2.2409576093929355,0.5770022928773577,San Joaquin County,0.25050416105134343,0.0,66,0.0,'AddedNode',' ',38.00520328,-121.2376713
3841,3842,-2.1649784592151686,0.40691549459236515,San Joaquin County,0.17873946914026032,0.0,66,0.0,'AddedNode',' ',38.01735662,-121.0952347
3842,3843,-2.042729713295885,0.2061312642341187,San Joaquin County,0.09390688584732983,0.0,66,0.0,'AddedNode',' ',37.9630378,-121.2617891
3843,3844,-2.2328678104283846,0.5749193295353037,San Joaquin County,0.2495998475140437,0.0,66,0.0,'AddedNode',' ',37.96941492,-121.2800316
3844,3845,-2.0427297132958846,0.20613126423411868,San Joaquin County,0.09390688584732983,0.0,66,0.0,'AddedNode',' ',37.94955667,-121.2710715
3845,3846,-2.232831334253993,0.5749099376413332,San Joaquin County,0.24959577004581046,0.0,66,0.0,'AddedNode',' ',37.98962876,-121.2857083
3846,3847,-2.2328116023031703,0.5749048570539899,San Joaquin County,0.24959356432100513,0.0,66,0.0,'AddedNode',' ',37.9700942,-121.277987
3847,3848,-2.2328313342539925,0.5749099376413332,San Joaquin County,0.24959577004581043,0.0,66,0.0,'AddedNode',' ',37.98384261,-121.2835622
3848,3849,-2.2328084777262958,0.5749040525372003,San Joaquin County,0.24959321504197127,0.0,66,0.0,'AddedNode',' ',37.97788184,-121.2810738
3849,3850,-2.2328222536803475,0.5749075995730932,San Joaquin County,0.24959475497909378,0.0,66,0.0,'AddedNode',' ',37.9930269,-121.3471896
3850,3851,-2.2328222536803475,0.5749075995730931,San Joaquin County,0.24959475497909372,0.0,66,0.0,'AddedNode',' ',37.96344041,-121.323493
3851,3852,-2.2328119006752627,0.5749049338789064,San Joaquin County,0.24959359767435835,0.0,66,0.0,'AddedNode',' ',37.96973999,-121.2801305
3852,3853,-2.2328222536803475,0.5749075995730931,San Joaquin County,0.24959475497909375,0.0,66,0.0,'AddedNode',' ',37.96784636,-121.2912935
3853,3854,-2.2328222536803475,0.5749075995730932,San Joaquin County,0.24959475497909378,0.0,66,0.0,'AddedNode',' ',37.96089598,-121.3333634
3854,3855,-2.2328222536803475,0.5749075995730933,San Joaquin County,0.24959475497909378,0.0,66,0.0,'AddedNode',' ',37.95598827,-121.3331514
3855,3856,-2.2328222536803475,0.5749075995730933,San Joaquin County,0.24959475497909378,0.0,66,0.0,'AddedNode',' ',37.94536849,-121.3212184
3856,3857,-2.2328222536803475,0.5749075995730933,San Joaquin County,0.24959475497909378,0.0,66,0.0,'AddedNode',' ',37.94838339,-121.3307719
3857,3858,-2.2328222536803475,0.5749075995730931,San Joaquin County,0.24959475497909375,0.0,66,0.0,'AddedNode',' ',37.94353109,-121.3199449
3858,3859,-2.2507603813880364,0.32653557914112036,San Joaquin County,0.14256965445017702,0.0,66,0.0,'AddedNode',' ',37.9130502,-121.2635125
3859,3860,-2.0427297132958846,0.20613126423411868,San Joaquin County,0.09390688584732983,0.0,66,0.0,'AddedNode',' ',37.94731875,-121.2843248
3860,3861,-2.1122363569728,0.20577855778494492,San Joaquin County,0.09272251879305583,0.0,66,0.0,'AddedNode',' ',37.94792467,-121.260884
3861,3862,-2.2328232006014703,0.5749078433865669,San Joaquin County,0.24959486083012836,0.0,66,0.0,'AddedNode',' ',37.97149051,-121.2703226
3862,3863,-2.051278384422474,0.2060878846191824,San Joaquin County,0.09376121970802925,0.0,66,0.0,'AddedNode',' ',37.94532743,-121.2725823
3863,3864,-2.259535777686432,0.20503109750061954,San Joaquin County,0.0902125920899656,0.0,66,0.0,'AddedNode',' ',37.92186711,-121.2419834
3864,3865,-2.042729713295885,0.2061312642341187,San Joaquin County,0.09390688584732983,0.0,66,0.0,'AddedNode',' ',37.98838182,-121.1946176
3865,3866,-2.2430129545438757,0.2051187095535807,San Joaquin County,0.09049637507971672,0.0,66,0.0,'AddedNode',' ',37.96890756,-121.1860944
3866,3867,-2.259535777686432,0.20503109750061954,San Joaquin County,0.0902125920899656,0.0,66,0.0,'AddedNode',' ',37.90779662,-121.2711917
3867,3868,-2.2291020513140487,0.2933297907939663,San Joaquin County,0.12582471714140264,0.0,66,0.0,'AddedNode',' ',37.88178133,-121.2763956
3868,3869,-2.2291020513140487,0.2933297907939663,San Joaquin County,0.12582471714140264,0.0,66,0.0,'AddedNode',' ',37.88235347,-121.290373
3869,3870,-2.54174406246259,0.6470583884215798,San Joaquin County,0.23080189743298848,0.0,66,0.0,'AddedNode',' ',37.80749176,-121.291142
3870,3871,-2.306455351285974,0.5218555207292729,San Joaquin County,0.19046882604051785,0.0,66,0.0,'AddedNode',' ',37.82659185,-121.2536626
3871,3872,-2.3204947994176846,0.5633324213056238,San Joaquin County,0.20220158487872153,0.0,66,0.0,'AddedNode',' ',37.81204978,-121.2529713
3872,3873,8.122729765516146,0.3225498032800763,San Joaquin County,0.1218496230203928,9.96854501,66,0.022562158417304648,'AddedNode',' ',37.81911271,-121.1448224
3873,3874,-2.3726441109439533,0.41461131796676853,San Joaquin County,0.15662769680988226,0.0,66,0.0,'AddedNode',' ',37.77573174,-121.2340697
3874,3875,-2.3799829794356757,0.39368209402489474,San Joaquin County,0.1502141745330782,0.0,66,0.0,'AddedNode',' ',37.75512795,-121.2521377
3875,3876,-2.3799829794356757,0.39368209402489474,San Joaquin County,0.1502141745330782,0.0,66,0.0,'AddedNode',' ',37.75383954,-121.2521303
3876,3877,-2.54174406246259,0.6470583884215798,San Joaquin County,0.23080189743298848,0.0,66,0.0,'AddedNode',' ',37.80675707,-121.2914204
3877,3878,-2.646619929672338,0.8113378990831447,San Joaquin County,0.2830518535200185,0.0,115,0.0,'AddedNode',' ',37.7532267,-121.3514431
3878,3879,0.9313381592659224,0.3225492556681866,San Joaquin County,0.12184941614907664,2.77715027,66,0.08098630111716719,'AddedNode',' ',37.73149045,-121.1153874
3879,3880,-2.3726441109439533,0.4146113179667686,San Joaquin County,0.1566276968098823,0.0,66,0.0,'AddedNode',' ',37.73295119,-121.1140329
3880,3881,-2.54174406246259,0.6470583884215798,San Joaquin County,0.23080189743298848,0.0,66,0.0,'AddedNode',' ',37.75193151,-121.2993572
3881,3882,-2.6466639197649124,0.811351384521265,San Joaquin County,0.2830565581914752,0.0,115,0.0,'AddedNode',' ',37.75020825,-121.4166636
3882,3883,-2.646604001522239,0.811333016209071,San Joaquin County,0.28305015002932915,0.0,115,0.0,'AddedNode',' ',37.73862185,-121.3981752
3883,3884,-3.1103448444051467,1.3685517315382645,San Joaquin County,0.4399999947614217,0.0,115,0.0,'AddedNode',' ',37.71011233,-121.4892785
3884,3885,-2.64660400152224,0.8113330162090712,San Joaquin County,0.2830501500293292,0.0,115,0.0,'AddedNode',' ',37.73228876,-121.4165899
3885,3886,-2.2595467511676652,0.20503209323829402,San Joaquin County,0.09021303020924482,0.0,115,0.0,'AddedNode',' ',37.72354185,-121.5494892
3886,3887,-2.78491182822791,0.8890181759861162,San Mateo County,0.2891829635240313,0.0,230,0.0,'AddedNode',' ',37.7058344,-122.4114328
3887,3888,-2.5573592173855455,0.7937461187756969,San Francisco County,0.2701710780286636,0.0,115,0.0,'AddedNode',' ',37.75630895,-122.387248
3888,3889,-2.564570380100103,0.7959842996216366,San Francisco County,0.2709328981089978,0.0,115,0.0,'AddedNode',' ',37.78335642,-122.4169284
3889,3890,-2.566762785677064,0.7966647724334591,San Francisco County,0.27116451382186935,0.0,115,0.0,'AddedNode',' ',37.78328263,-122.4174899
3890,3891,-2.5677004759597475,0.7969558101638782,San Francisco County,0.2712635756950733,0.0,115,0.0,'AddedNode',' ',37.77530582,-122.4158685
3891,3892,-2.5616068007684527,0.7950644720212788,San Francisco County,0.2706198120875221,0.0,115,0.0,'AddedNode',' ',37.78348627,-122.4158896
3892,3893,-2.5642221772953095,0.7958762253929664,San Francisco County,0.27089611237842687,0.0,115,0.0,'AddedNode',' ',37.77883976,-122.4150253
3893,3894,-2.5661064888784204,0.7964610728385229,San Francisco County,0.27109517963823543,0.0,115,0.0,'AddedNode',' ',37.77865569,-122.416612
3894,3895,-2.557359217385545,0.7937461187756967,San Francisco County,0.2701710780286636,0.0,115,0.0,'AddedNode',' ',37.77762261,-122.4134348
3895,3896,-2.557359217385545,0.7937461187756967,San Francisco County,0.2701710780286636,0.0,115,0.0,'AddedNode',' ',37.77183602,-122.4016933
3896,3897,-2.5677004759597475,0.7969558101638782,San Francisco County,0.2712635756950733,0.0,115,0.0,'AddedNode',' ',37.76443813,-122.4073527
3897,3898,-2.5573592173855455,0.7937461187756969,San Francisco County,0.27017107802866364,0.0,115,0.0,'AddedNode',' ',37.75417276,-122.3877038
3898,3899,11.989171817303212,0.6095877090645294,San Francisco County,0.2074882189849517,13.9531937,115,0.029205600613731043,'AddedNode',' ',37.75001758,-122.392469
3899,3900,-2.557366042124129,0.7937482370192842,San Francisco County,0.2701717990251384,0.0,115,0.0,'AddedNode',' ',37.74975708,-122.3962621
3900,3901,-2.5661064888784204,0.7964610728385229,San Francisco County,0.27109517963823543,0.0,115,0.0,'AddedNode',' ',37.76588543,-122.4055728
3901,3902,-2.557377469374764,0.7937517837779006,San Francisco County,0.2701730062519534,0.0,115,0.0,'AddedNode',' ',37.75794759,-122.3872043
3902,3903,-2.524608956352151,0.7835811828498304,San Francisco County,0.26671119125602705,0.0,115,0.0,'AddedNode',' ',37.74996379,-122.3932525
3903,3904,-2.6167376952196104,0.8121758473797922,San Francisco County,0.27644409093161065,0.0,115,0.0,'AddedNode',' ',37.72013269,-122.4017059
3904,3905,-2.6029510798195568,0.807896795617939,San Francisco County,0.2749876100744526,0.0,115,0.0,'AddedNode',' ',37.73761609,-122.3875638
3905,3906,-2.6167419604112045,0.8121771711982261,San Francisco County,0.27644454152588116,0.0,115,0.0,'AddedNode',' ',37.71509191,-122.3994422
3906,3907,-2.6167419604112045,0.8121771711982261,San Francisco County,0.27644454152588116,0.0,115,0.0,'AddedNode',' ',37.71792749,-122.3999929
3907,3908,-2.6167419604112045,0.8121771711982261,San Francisco County,0.27644454152588116,0.0,115,0.0,'AddedNode',' ',37.7111776,-122.4034698
3908,3909,-2.3785605604907527,0.5114680060354263,San Mateo County,0.19601103088098576,0.0,66,0.0,'AddedNode',' ',37.62214712,-122.446174
3909,3910,-2.3785605604907527,0.5114680060354263,San Mateo County,0.1960110308809858,0.0,66,0.0,'AddedNode',' ',37.55275422,-122.3767687
3910,3911,-2.37855920845834,0.511467715304413,San Mateo County,0.19601091946348762,0.0,66,0.0,'AddedNode',' ',37.51150109,-122.3396267
3911,3912,-2.3785605604907527,0.5114680060354263,San Mateo County,0.1960110308809858,0.0,66,0.0,'AddedNode',' ',37.61571627,-122.439922
3912,3913,-2.2609601021194634,0.4861800764568726,San Mateo County,0.18631988092234153,0.0,66,0.0,'AddedNode',' ',37.59484423,-122.4886772
3913,3914,-2.2609601021194634,0.48618007645687267,San Mateo County,0.18631988092234153,0.0,66,0.0,'AddedNode',' ',37.47974614,-122.4182807
3914,3915,-2.378554252114735,0.5114666495290768,San Mateo County,0.19601051102401565,0.0,66,0.0,'AddedNode',' ',37.52510483,-122.3566876
3915,3916,-2.1862779515691213,0.4701209811944254,San Mateo County,0.18016551783361645,0.0,66,0.0,'AddedNode',' ',37.45792354,-122.2239537
3916,3917,-2.2100898916597758,0.47524132402710456,San Mateo County,0.1821277982993627,0.0,66,0.0,'AddedNode',' ',37.4557328,-122.1790955
3917,3918,-2.2100898916597758,0.47524132402710456,San Mateo County,0.1821277982993627,0.0,66,0.0,'AddedNode',' ',37.45703086,-122.1867142
3918,3919,-2.21010125431574,0.475243767368294,San Mateo County,0.1821287346664858,0.0,66,0.0,'AddedNode',' ',37.43298358,-122.2029706
3919,3920,-2.210101381599426,0.475243794738433,San Mateo County,0.1821287451556055,0.0,66,0.0,'AddedNode',' ',37.43651622,-122.2036632
3920,3921,-2.21010125431574,0.475243767368294,San Mateo County,0.1821287346664858,0.0,66,0.0,'AddedNode',' ',37.43440393,-122.2017565
3921,3922,-2.2100490517209805,0.47523254210983534,San Mateo County,0.1821244327855149,0.0,66,0.0,'AddedNode',' ',37.43254808,-122.1970544
3922,3923,-2.210091495229368,0.47524166884680574,San Mateo County,0.18212793044539008,0.0,66,0.0,'AddedNode',' ',37.43269318,-122.2034127
3923,3924,-2.2194090943031233,0.47724525618380753,Santa Clara County,0.1828957697134412,0.0,66,0.0,'AddedNode',' ',37.42855877,-122.1835878
3924,3925,-2.219424589421373,0.4772485881390105,San Mateo County,0.18289704662610523,0.0,66,0.0,'AddedNode',' ',37.42433144,-122.1919409
3925,3926,-1.4838522208944354,0.6392304036144969,Contra Costa County,0.42006842562958957,0.0,66,0.0,'AddedNode',' ',38.00451476,-122.2355969
3926,3927,-1.4838522208944351,0.6392304036144968,Contra Costa County,0.42006842562958946,0.0,66,0.0,'AddedNode',' ',38.00491523,-122.234494
3927,3928,-1.4838522208944354,0.6392304036144969,Contra Costa County,0.42006842562958957,0.0,66,0.0,'AddedNode',' ',38.00449799,-122.2346841
3928,3929,-1.4838522208944354,0.6392304036144969,Contra Costa County,0.4200684256295895,0.0,66,0.0,'AddedNode',' ',38.01139592,-122.2655591
3929,3930,-0.5638608836508775,0.4972962555441672,Contra Costa County,0.32679680746835926,0.590518115,66,0.6388413188097171,'AddedNode',' ',38.01534433,-122.2872298
3930,3931,-1.4838522208944354,0.6392304036144969,Contra Costa County,0.4200684256295895,0.0,66,0.0,'AddedNode',' ',38.01513054,-122.2877265
3931,3932,-1.4838522208944354,0.6392304036144969,Contra Costa County,0.4200684256295895,0.0,66,0.0,'AddedNode',' ',38.01210872,-122.265074
3932,3933,-7.058715987003438,3.0953178950622213,Contra Costa County,0.4352898784473301,0.0,115,0.0,'AddedNode',' ',37.98166437,-122.3410159
3933,3934,-1.5005748497880211,0.6464343641347021,Contra Costa County,0.42480248761554806,0.0,115,0.0,'AddedNode',' ',38.00237317,-122.1992296
3934,3935,-1.4838522208944354,0.6392304036144969,Contra Costa County,0.4200684256295895,0.0,66,0.0,'AddedNode',' ',38.03136465,-122.1745848
3935,3936,0.6033550724499797,0.49730758918506546,Contra Costa County,0.32680425533795665,1.75776038,66,0.214627984101035,'AddedNode',' ',38.03353888,-122.115295
3936,3937,-1.4838522208944354,0.6392304036144969,Contra Costa County,0.4200684256295895,0.0,66,0.0,'AddedNode',' ',38.02638322,-122.1018098
3937,3938,-1.9667083546947142,0.6990595998131575,Contra Costa County,0.35511896148492833,0.0,66,0.0,'AddedNode',' ',38.03284051,-122.0743758
3938,3939,-2.371736529418599,0.7492453765595783,Contra Costa County,0.30063821438378974,0.0,66,0.0,'AddedNode',' ',38.04130968,-121.987931
3939,3940,-2.371736529418599,0.7492453765595783,Contra Costa County,0.30063821438378974,0.0,66,0.0,'AddedNode',' ',38.02725063,-121.9602985
3940,3941,-2.371736529418599,0.7492453765595783,Contra Costa County,0.3006382143837898,0.0,66,0.0,'AddedNode',' ',38.02688151,-121.9466659
3941,3942,-2.371736529418599,0.7492453765595783,Contra Costa County,0.30063821438378974,0.0,66,0.0,'AddedNode',' ',38.01953431,-121.926452
3942,3943,-2.371736529418599,0.7492453765595783,Contra Costa County,0.30063821438378974,0.0,66,0.0,'AddedNode',' ',38.02026822,-121.9055978
3943,3944,-2.9358648255479984,1.2917805232411192,Contra Costa County,0.4399988217352461,0.0,66,0.0,'AddedNode',' ',38.030044,-121.869559
3944,3945,-2.5967560454821568,0.9461264284239546,Contra Costa County,0.3518605874175345,0.0,66,0.0,'AddedNode',' ',38.01406621,-121.8754576
3945,3946,-2.2747942047945586,0.6179502349708337,Contra Costa County,0.268179037944308,0.0,115,0.0,'AddedNode',' ',38.01363335,-121.7854998
3946,3947,-2.274794204794559,0.6179502349708338,Contra Costa County,0.26817903794430803,0.0,115,0.0,'AddedNode',' ',38.01263361,-121.8540194
3947,3948,-2.035783339320718,0.5783289091333356,Contra Costa County,0.2775076557062739,0.0,66,0.0,'AddedNode',' ',38.00492194,-121.7898222
3948,3949,-2.0736928272109147,0.5633208345315114,Contra Costa County,0.24447088278196993,0.0,66,0.0,'AddedNode',' ',38.00472618,-121.7821661
3949,3950,-2.0736916024064365,0.5633205018120886,Contra Costa County,0.24447073838785907,0.0,66,0.0,'AddedNode',' ',38.00437075,-121.7877368
3950,3951,-1.9988690850235364,0.5929559321718199,Contra Costa County,0.30969631645838747,0.0,66,0.0,'AddedNode',' ',38.00501646,-121.7821569
3951,3952,-1.9972264668579602,0.5936065164422601,Contra Costa County,0.3111282213468941,0.0,66,0.0,'AddedNode',' ',37.92553047,-121.6778019
3952,3953,-2.080763125060177,0.5911283896663051,Contra Costa County,0.2939071793792156,0.0,66,0.0,'AddedNode',' ',37.91887703,-121.6780513
3953,3954,-2.080763125060177,0.591128389666305,Contra Costa County,0.2939071793792156,0.0,66,0.0,'AddedNode',' ',37.90439719,-121.722621
3954,3955,-2.2690036339464394,0.702169999331803,Alameda County,0.2848069192825935,0.0,115,0.0,'AddedNode',' ',37.79755685,-122.2804428
3955,3956,-2.2690036339464394,0.702169999331803,Alameda County,0.2848069192825935,0.0,115,0.0,'AddedNode',' ',37.79807992,-122.281161
3956,3957,-2.4595795103494473,0.7604343586985512,Alameda County,0.2844263339544929,0.0,115,0.0,'AddedNode',' ',37.55049501,-122.0709505
3957,3958,-2.227296743537164,0.6764952762972887,Alameda County,0.26939810136707226,0.0,66,0.0,'AddedNode',' ',37.70849172,-121.9065009
3958,3959,-2.1250771032413405,0.6195458422806264,Alameda County,0.27709708894611074,0.0,66,0.0,'AddedNode',' ',37.70405202,-121.9010975
3959,3960,-2.0314657543692034,0.5673842881323239,Alameda County,0.2841539448252634,0.0,66,0.0,'AddedNode',' ',37.67227276,-121.8583781
3960,3961,-2.031465754369203,0.5673842881323239,Alameda County,0.28415394482526335,0.0,66,0.0,'AddedNode',' ',37.70213753,-121.8988652
3961,3962,-2.031459638462296,0.5673825799718593,Alameda County,0.2841530893547391,0.0,66,0.0,'AddedNode',' ',37.67149995,-121.8541416
3962,3963,-2.0511912908973184,0.6465700766140462,Alameda County,0.32408369714945934,0.0,66,0.0,'AddedNode',' ',37.67352887,-121.8355468
3963,3964,-2.5922437389130275,0.7775833846380712,Alameda County,0.2785653465605845,0.0,115,0.0,'AddedNode',' ',37.59938583,-121.8388085
3964,3965,-2.108738854056419,0.47739882070397255,Alameda County,0.2386754659625388,0.0,66,0.0,'AddedNode',' ',37.6621662,-121.8297316
3965,3966,-2.1087388540564196,0.4773988207039726,Alameda County,0.23867546596253886,0.0,66,0.0,'AddedNode',' ',37.64531572,-121.7883341
3966,3967,-2.1087388540564196,0.4773988207039726,Alameda County,0.23867546596253886,0.0,66,0.0,'AddedNode',' ',37.64506474,-121.7829493
3967,3968,-2.051200119452906,0.6465728595236108,Alameda County,0.3240850920417582,0.0,66,0.0,'AddedNode',' ',37.68022393,-121.7803261
3968,3969,-2.051200119452906,0.6465728595236108,Alameda County,0.3240850920417582,0.0,66,0.0,'AddedNode',' ',37.70472123,-121.7327427
3969,3970,-1.9182438065114686,0.5959520120902847,Alameda County,0.3274131868886372,0.0,66,0.0,'AddedNode',' ',37.71155199,-121.7165807
3970,3971,-1.9182273750317393,0.5959469072264645,Alameda County,0.32741038230085484,0.0,66,0.0,'AddedNode',' ',37.73034257,-121.6890512
3971,3972,-1.9182602795188348,0.5959571298557387,Alameda County,0.32741599856451553,0.0,66,0.0,'AddedNode',' ',37.73038145,-121.6891773
3972,3973,-1.918243806511469,0.5959520120902848,Alameda County,0.3274131868886373,0.0,66,0.0,'AddedNode',' ',37.75208203,-121.677594
3973,3974,-1.9182438065114678,0.5959520120902846,Alameda County,0.32741318688863713,0.0,66,0.0,'AddedNode',' ',37.80259011,-121.6043914
3974,3975,-1.9182438065114684,0.5959520120902847,Alameda County,0.3274131868886372,0.0,66,0.0,'AddedNode',' ',37.77930874,-121.6337793
3975,3976,-1.9182438065114684,0.5959520120902847,Alameda County,0.3274131868886372,0.0,66,0.0,'AddedNode',' ',37.74444073,-121.6604902
3976,3977,2.2689177705037475,0.4636165991881034,Alameda County,0.2547087435819457,3.7612018,66,0.10105753704052614,'AddedNode',' ',37.75530193,-121.660036
3977,3978,-3.1103448444051467,1.3685517315382645,San Joaquin County,0.4399999947614217,0.0,115,0.0,'AddedNode',' ',37.67273803,-121.5436273
3978,3979,-3.1103448444051467,1.3685517315382645,Alameda County,0.4399999947614217,0.0,115,0.0,'AddedNode',' ',37.69079308,-121.56299
3979,3980,-2.2659906594396717,0.37953202113509993,Alameda County,0.16542177616469744,0.0,115,0.0,'AddedNode',' ',37.69965636,-121.6105275
3980,3981,-2.1380797171550125,0.6090983033443101,Contra Costa County,0.28749038533036325,0.0,115,0.0,'AddedNode',' ',37.88787119,-122.1940329
3981,3982,-2.3182334979857906,0.498495722343385,Santa Clara County,0.19103963351232714,0.0,66,0.0,'AddedNode',' ',37.36178924,-122.0989505
3982,3983,-2.3785578196900103,0.511467416673981,Santa Clara County,0.1960108050186775,0.0,115,0.0,'AddedNode',' ',37.33553146,-122.0650496
3983,3984,-2.378557819690011,0.5114674166739811,Santa Clara County,0.1960108050186775,0.0,115,0.0,'AddedNode',' ',37.33399821,-122.0435624
3984,3985,-1.9273782413165654,0.3355623200859897,Santa Clara County,0.14579528938624553,0.0,66,0.0,'AddedNode',' ',37.31323273,-122.0877978
3985,3986,-1.9273570179453128,0.3355586250335371,Santa Clara County,0.1457936839579559,0.0,66,0.0,'AddedNode',' ',37.30802267,-122.0916685
3986,3987,-1.9273570179453128,0.3355586250335371,Santa Cruz County,0.1457936839579559,0.0,66,0.0,'AddedNode',' ',37.13089932,-122.1717704
3987,3988,-1.9273570179453128,0.3355586250335371,Santa Cruz County,0.1457936839579559,0.0,66,0.0,'AddedNode',' ',37.0954124,-122.1445632
3988,3989,-1.9733937691521959,0.3435737611978071,Santa Clara County,0.1492761044402092,0.0,66,0.0,'AddedNode',' ',37.28137004,-122.0146385
3989,3990,-1.9733937691521959,0.343573761197807,Santa Clara County,0.1492761044402092,0.0,66,0.0,'AddedNode',' ',37.22737032,-121.9765385
3990,3991,-2.1966184826377377,0.4274080877549504,Santa Clara County,0.16147343951778764,0.0,66,0.0,'AddedNode',' ',37.24357139,-121.9130015
3991,3992,-2.2443940209926403,0.4550737992293395,Santa Clara County,0.1632628191386913,0.0,66,0.0,'AddedNode',' ',37.25969619,-121.8898437
3992,3993,-2.854739928081577,0.9538957721512138,Santa Clara County,0.24726169420748775,0.0,115,0.0,'AddedNode',' ',37.34088526,-121.9030956
3993,3994,-3.188145689747185,0.9920672946236347,Santa Clara County,0.19560579714253376,0.0,115,0.0,'AddedNode',' ',37.31280311,-121.9151041
3994,3995,-3.188145689747185,0.9920672946236347,Santa Clara County,0.19560579714253376,0.0,115,0.0,'AddedNode',' ',37.3153746,-121.9037454
3995,3996,-2.7164219191175025,0.8573816220792443,Santa Clara County,0.18063767099241365,0.0,115,0.0,'AddedNode',' ',37.33639171,-121.8779471
3996,3997,-2.7164219191175025,0.8573816220792443,Santa Clara County,0.18063767099241365,0.0,115,0.0,'AddedNode',' ',37.33736986,-121.8786689
3997,3998,-3.50792211320636,1.091573327966397,Santa Clara County,0.2152253905692947,0.0,115,0.0,'AddedNode',' ',37.32108512,-121.8046437
3998,3999,-2.8696222601631307,0.9005659266740335,Santa Clara County,0.18648282138912267,0.0,115,0.0,'AddedNode',' ',37.30661415,-121.8644345
3999,4000,-3.150353983809127,0.9796993109470966,Santa Clara County,0.19719407159274058,0.0,115,0.0,'AddedNode',' ',37.36080569,-121.863695
4000,4001,-3.150353983809127,0.9796993109470966,Santa Clara County,0.19719407159274055,0.0,115,0.0,'AddedNode',' ',37.39090256,-121.8760137
4001,4002,-3.1503449609624568,0.9796965050158539,Santa Clara County,0.19719350681434367,0.0,115,0.0,'AddedNode',' ',37.33274211,-121.8533931
4002,4003,-3.150344960962456,0.9796965050158538,Santa Clara County,0.19719350681434367,0.0,115,0.0,'AddedNode',' ',37.31854385,-121.8586496
4003,4004,-2.2695534192868623,0.3951360426351851,Santa Clara County,0.17167891099385077,0.0,115,0.0,'AddedNode',' ',37.11848742,-121.6523475
4004,4005,-2.157235599763028,0.37558117411043107,Santa Cruz County,0.16318270166156965,0.0,66,0.0,'AddedNode',' ',36.93025035,-121.7634159
4005,4006,-2.157235599763028,0.37558117411043107,Santa Cruz County,0.16318270166156962,0.0,66,0.0,'AddedNode',' ',36.91138453,-121.7668206
4006,4007,-1.94320981669707,0.3529776940657752,Santa Cruz County,0.1620894249577374,0.0,66,0.0,'AddedNode',' ',36.90752255,-121.7622555
4007,4008,-2.0400461539916113,0.3791963616977641,San Benito County,0.17905305469315047,0.0,66,0.0,'AddedNode',' ',36.88194141,-121.6031363
4008,4009,-2.0400461539916113,0.3791963616977641,San Benito County,0.17905305469315047,0.0,66,0.0,'AddedNode',' ',36.88025866,-121.6096023
4009,4010,-2.0400275395826144,0.37919290171910003,Monterey County,0.17905142092286266,0.0,66,0.0,'AddedNode',' ',36.75708279,-121.6110988
4010,4011,-2.040027539582615,0.37919290171910003,Monterey County,0.17905142092286266,0.0,66,0.0,'AddedNode',' ',36.74881781,-121.606437
4011,4012,-2.040027539582615,0.3791929017191001,Monterey County,0.17905142092286266,0.0,66,0.0,'AddedNode',' ',36.73114834,-121.6130486
4012,4013,-2.0400275395826144,0.37919290171910003,Monterey County,0.17905142092286266,0.0,66,0.0,'AddedNode',' ',36.6910067,-121.6458768
4013,4014,-2.040027539582615,0.3791929017191001,Monterey County,0.17905142092286266,0.0,66,0.0,'AddedNode',' ',36.69220969,-121.6436253
4014,4015,-7.653200753147389,3.274890788623981,Santa Clara County,0.37641251744784454,0.0,115,0.0,'AddedNode',' ',37.00735175,-121.5567818
4015,4016,-2.239442176814787,0.05431037610304102,Fresno County,0.0280160326346163,0.0,230,0.0,'AddedNode',' ',36.73514057,-120.6587726
4016,4017,-2.259555442989123,0.20503288193733135,Stanislaus County,0.09021337723262521,0.0,66,0.0,'AddedNode',' ',37.43500274,-121.0592316
4017,4018,-2.2595554429891234,0.2050328819373314,Stanislaus County,0.09021337723262522,0.0,66,0.0,'AddedNode',' ',37.3774636,-121.0854986
4018,4019,-2.2595554429891234,0.2050328819373314,Stanislaus County,0.09021337723262522,0.0,66,0.0,'AddedNode',' ',37.31571812,-121.0128396
4019,4020,-2.2595554429891234,0.2050328819373314,Stanislaus County,0.09021337723262522,0.0,66,0.0,'AddedNode',' ',37.3333034,-121.0493135
4020,4021,-2.2595554429891234,0.2050328819373314,Stanislaus County,0.09021337723262522,0.0,115,0.0,'AddedNode',' ',37.42242528,-121.1853295
4021,4022,-2.259544475444671,0.20503188673836267,Stanislaus County,0.09021293935037365,0.0,115,0.0,'AddedNode',' ',37.42252539,-121.1853794
4022,4023,-2.2595472879040077,0.20503214194194472,Stanislaus County,0.09021305163859203,0.0,115,0.0,'AddedNode',' ',37.56261569,-121.3065147
4023,4024,-2.2595474436849763,0.20503215607756647,Stanislaus County,0.09021305785819039,0.0,115,0.0,'AddedNode',' ',37.57971865,-121.2058095
4024,4025,-2.259555442989123,0.20503288193733135,Stanislaus County,0.09021337723262521,0.0,66,0.0,'AddedNode',' ',37.57971029,-121.2057493
4025,4026,-2.54174406246259,0.6470583884215798,San Joaquin County,0.23080189743298848,0.0,66,0.0,'AddedNode',' ',37.72481431,-121.3256257
4026,4027,-1.9906227714608404,0.39180842249028763,Mariposa County,0.2105306302641635,0.0,66,0.0,'AddedNode',' ',37.58407981,-120.2723431
4027,4028,1.106126421176043,0.3530322834713407,Mariposa County,0.18984111292048272,2.65386229,115,0.11071557893250378,'AddedNode',' ',37.58414783,-120.2725505
4028,4029,-1.9906227714608402,0.39180842249028763,Merced County,0.21053063026416347,0.0,66,0.0,'AddedNode',' ',37.52469424,-120.3301097
4029,4030,-0.1561646234124272,0.30480083713548123,Mariposa County,0.16377879765657194,1.39240721,66,0.18214731375968712,'AddedNode',' ',37.52209097,-120.3101709
4030,4031,-1.9905753982392442,0.39179909815848163,Merced County,0.2105256200159421,0.0,66,0.0,'AddedNode',' ',37.52366857,-120.3304964
4031,4032,3.5425412450417624,0.30480432521519535,Merced County,0.1637806719083198,5.0911308,66,0.04981782000597315,'AddedNode',' ',37.47786601,-120.4444165
4032,4033,1.8269630330836908,0.3048005484893654,Merced County,0.16377864255819952,3.3755334,66,0.0751356074863327,'AddedNode',' ',37.4542779,-120.4898249
4033,4034,-1.9905753982392442,0.39179909815848163,Merced County,0.2105256200159421,0.0,66,0.0,'AddedNode',' ',37.47827822,-120.4450905
4034,4035,-2.2394447328265286,0.05431043809078083,Merced County,0.028016064611020547,0.0,115,0.0,'AddedNode',' ',37.36350275,-120.6321626
4035,4036,-2.2394447328265286,0.05431043809078083,Merced County,0.028016064611020547,0.0,115,0.0,'AddedNode',' ',37.36260221,-120.6287101
4036,4037,0.8667339729965027,0.042252034320754056,Merced County,0.021795731448504774,2.60896068,115,0.014554878392517989,'AddedNode',' ',37.36252189,-120.6287107
4037,4038,-2.2394447328265286,0.05431043809078083,Merced County,0.028016064611020547,0.0,115,0.0,'AddedNode',' ',37.36272221,-120.6321824
4038,4039,-2.2394447328265286,0.05431043809078083,Merced County,0.028016064611020547,0.0,115,0.0,'AddedNode',' ',37.36039958,-120.6322381
4039,4040,-2.2394447328265286,0.05431043809078083,Merced County,0.028016064611020547,0.0,115,0.0,'AddedNode',' ',37.36023373,-120.6314197
4040,4041,-2.239463047347926,0.05431088224984665,Merced County,0.0280162937306801,0.0,115,0.0,'AddedNode',' ',37.3311877,-120.6326537
4041,4042,-2.2595472879040077,0.20503214194194472,Merced County,0.09021305163859203,0.0,66,0.0,'AddedNode',' ',37.08741112,-120.8349895
4042,4043,-2.2595472879040077,0.20503214194194475,Merced County,0.09021305163859203,0.0,66,0.0,'AddedNode',' ',37.08605763,-121.0132319
4043,4044,-2.2595472879040077,0.20503214194194475,Merced County,0.09021305163859203,0.0,66,0.0,'AddedNode',' ',37.08616655,-121.016085
4044,4045,-2.254040135324801,0.1637386428559417,Merced County,0.07317283103870245,0.0,66,0.0,'AddedNode',' ',37.06667255,-120.835303
4045,4046,-2.2394461278628297,0.054310471922842656,Merced County,0.028016082063305293,0.0,66,0.0,'AddedNode',' ',37.05444804,-120.6354611
4046,4047,-2.2394461278628297,0.054310471922842656,Merced County,0.028016082063305293,0.0,66,0.0,'AddedNode',' ',36.97448951,-120.6357559
4047,4048,-2.254040135324801,0.1637386428559417,Merced County,0.07317283103870245,0.0,66,0.0,'AddedNode',' ',37.06632301,-120.8352956
4048,4049,-2.2540401353248014,0.1637386428559417,Merced County,0.07317283103870245,0.0,66,0.0,'AddedNode',' ',36.98346834,-120.8192008
4049,4050,-2.242573078989992,0.07775684491765929,Merced County,0.037691488045899654,0.0,66,0.0,'AddedNode',' ',36.93675956,-120.819747
4050,4051,-2.239442176814787,0.05431037610304104,Merced County,0.0280160326346163,0.0,230,0.0,'AddedNode',' ',37.01347615,-120.9648091
4051,4052,-2.239442176814787,0.05431037610304104,Merced County,0.0280160326346163,0.0,230,0.0,'AddedNode',' ',36.9933605,-120.9324396
4052,4053,-2.2394461278628297,0.054310471922842656,Merced County,0.028016082063305293,0.0,66,0.0,'AddedNode',' ',36.93670796,-120.8197509
4053,4054,-2.2394461278628297,0.054310471922842656,Fresno County,0.028016082063305293,0.0,66,0.0,'AddedNode',' ',36.88938221,-120.6545414
4054,4055,-1.9905780992290178,0.3917996297863507,Merced County,0.21052590567583065,0.0,66,0.0,'AddedNode',' ',37.28809166,-120.4818266
4055,4056,-2.2394461278628293,0.05431047192284265,Merced County,0.028016082063305286,0.0,66,0.0,'AddedNode',' ',37.12102024,-120.4734028
4056,4057,-2.2394461278628293,0.05431047192284265,Merced County,0.028016082063305286,0.0,66,0.0,'AddedNode',' ',37.12018779,-120.473411
4057,4058,-2.223748943216665,0.0248340802065097,Fresno County,0.013204550599930047,0.0,66,0.0,'AddedNode',' ',36.83628338,-120.4493663
4058,4059,-2.2394461278628297,0.054310471922842656,Fresno County,0.028016082063305293,0.0,66,0.0,'AddedNode',' ',36.89469598,-120.654394
4059,4060,-1.9894787644833316,0.45379204894758374,Merced County,0.24402410668957708,0.0,115,0.0,'AddedNode',' ',37.18496052,-120.2744979
4060,4061,-1.9894787644833316,0.45379204894758374,Madera County,0.24402410668957708,0.0,115,0.0,'AddedNode',' ',37.05461705,-120.3161301
4061,4062,-1.9894835441177436,0.4537931391628361,Madera County,0.2440246929466604,0.0,115,0.0,'AddedNode',' ',37.12696624,-120.1471729
4062,4063,-2.2427131057095897,0.03670519196590381,Madera County,0.019591766119546494,0.0,66,0.0,'AddedNode',' ',36.92369881,-120.0552298
4063,4064,-2.2437024952441464,0.03132808745590528,Madera County,0.01701875613907352,0.0,66,0.0,'AddedNode',' ',36.92327152,-119.9838465
4064,4065,-2.243737715991592,0.031328579231735,Madera County,0.017019023292723826,0.0,66,0.0,'AddedNode',' ',36.92311459,-119.8126777
4065,4066,-2.2419138938001653,0.04104872483390025,Madera County,0.02167019948439665,0.0,66,0.0,'AddedNode',' ',36.9238432,-120.106988
4066,4067,-2.2419138938001653,0.04104872483390025,Madera County,0.02167019948439665,0.0,66,0.0,'AddedNode',' ',36.92383927,-120.1107092
4067,4068,-2.2447245064756696,0.025773691527564226,Madera County,0.014360910056196491,0.0,66,0.0,'AddedNode',' ',36.91654998,-120.0559257
4068,4069,-2.2447245064756696,0.025773691527564226,Madera County,0.014360910056196491,0.0,66,0.0,'AddedNode',' ',36.91653545,-120.1104945
4069,4070,-2.24472450647567,0.025773691527564226,Madera County,0.014360910056196491,0.0,66,0.0,'AddedNode',' ',36.88020494,-120.110323
4070,4071,-1.9894835441177436,0.4537931391628361,Madera County,0.2440246929466604,0.0,115,0.0,'AddedNode',' ',37.09755144,-119.6964946
4071,4072,0.22106236212480979,0.6566899450650837,Fresno County,0.32821146353136255,1.71353951,66,0.285869165042614,'AddedNode',' ',36.99767026,-119.7034258
4072,4073,-2.2175886703088588,0.013266234035166597,Fresno County,0.007391847363414341,0.0,66,0.0,'AddedNode',' ',36.72004238,-120.4413977
4073,4074,6.1564306698512965,0.010320475526204353,Fresno County,0.005750492536565436,7.88160524,66,0.0012587034224404523,'AddedNode',' ',36.75560323,-120.3659728
4074,4075,-2.2175886703088588,0.013266234035166597,Fresno County,0.007391847363414341,0.0,66,0.0,'AddedNode',' ',36.72018989,-120.3873481
4075,4076,-2.239442176814787,0.054310376103041014,Fresno County,0.028016032634616293,0.0,230,0.0,'AddedNode',' ',36.78963092,-120.7096636
4076,4077,-2.2394461278628293,0.05431047192284265,Fresno County,0.028016082063305286,0.0,115,0.0,'AddedNode',' ',36.83638271,-120.6021531
4077,4078,-2.24472450647567,0.025773691527564226,Fresno County,0.014360910056196491,0.0,66,0.0,'AddedNode',' ',36.79302527,-120.114044
4078,4079,-2.24472450647567,0.025773691527564226,Fresno County,0.014360910056196491,0.0,66,0.0,'AddedNode',' ',36.7067866,-119.8804372
4079,4080,-2.24472450647567,0.025773691527564226,Fresno County,0.014360910056196491,0.0,66,0.0,'AddedNode',' ',36.70554946,-119.8803564
4080,4081,-2.2447245064756696,0.025773691527564226,Fresno County,0.014360910056196491,0.0,66,0.0,'AddedNode',' ',36.69199141,-119.8804666
4081,4082,-2.2447245064756696,0.025773691527564226,Fresno County,0.014360910056196491,0.0,66,0.0,'AddedNode',' ',36.6176958,-120.0998217
4082,4083,-2.244724506475669,0.025773691527564226,Fresno County,0.014360910056196491,0.0,66,0.0,'AddedNode',' ',36.6620127,-120.0972365
4083,4084,-1.918399640429263,0.8440958417888756,Fresno County,0.42187631115138685,0.0,66,0.0,'AddedNode',' ',36.77097442,-119.3935509
4084,4085,-1.9894846340025032,0.45379338776113554,Fresno County,0.2440248266289894,0.0,115,0.0,'AddedNode',' ',36.74565051,-119.5403072
4085,4086,-1.9894846340025025,0.4537933877611355,Fresno County,0.24402482662898933,0.0,115,0.0,'AddedNode',' ',36.82687926,-119.6100114
4086,4087,-1.9541082168483306,0.4637680392109413,Fresno County,0.2479668735961768,0.0,66,0.0,'AddedNode',' ',36.71784958,-119.7637819
4087,4088,-1.9541082168483306,0.4637680392109413,Fresno County,0.2479668735961768,0.0,66,0.0,'AddedNode',' ',36.71784414,-119.7363587
4088,4089,-1.989463591052829,0.4537885879495373,Fresno County,0.24402224555746044,0.0,115,0.0,'AddedNode',' ',36.69611134,-119.7366512
4089,4090,-1.9894846340025032,0.45379338776113554,Fresno County,0.2440248266289894,0.0,115,0.0,'AddedNode',' ',36.70015957,-119.7272953
4090,4091,-2.1670234737271734,0.024881536412914036,Fresno County,0.01386380783302583,0.0,115,0.0,'AddedNode',' ',36.81205156,-119.8679924
4091,4092,-2.244720543864134,0.02577364602927388,Fresno County,0.014360884704886041,0.0,230,0.0,'AddedNode',' ',36.81208131,-119.8682989
4092,4093,-2.1670234737271734,0.024881536412914036,Fresno County,0.01386380783302583,0.0,115,0.0,'AddedNode',' ',36.74879276,-119.7003449
4093,4094,-1.989463591052829,0.4537885879495373,Fresno County,0.24402224555746044,0.0,115,0.0,'AddedNode',' ',36.69285185,-119.7267095
4094,4095,-2.050257643860447,0.3187781314665929,Fresno County,0.17063593617344516,0.0,66,0.0,'AddedNode',' ',36.70649423,-119.8795088
4095,4096,-1.952435829016721,0.48153988513589957,Fresno County,0.2560931943087074,0.0,66,0.0,'AddedNode',' ',36.70669049,-119.6112941
4096,4097,-1.918399640429263,0.8440958417888756,Fresno County,0.42187631115138685,0.0,66,0.0,'AddedNode',' ',36.60753948,-119.5211011
4097,4098,-1.918399640429263,0.8440958417888756,Fresno County,0.42187631115138685,0.0,66,0.0,'AddedNode',' ',36.60457101,-119.3767912
4098,4099,-1.8369525353534006,0.7176019239581082,Fresno County,0.399733576366515,0.0,115,0.0,'AddedNode',' ',36.60935608,-119.6108655
4099,4100,-0.5954071120101826,0.6566901822844803,Tulare County,0.32821158209283274,0.897070575,66,0.5460534282844621,'AddedNode',' ',36.64478731,-119.1604981
4100,4101,-1.91840925184252,0.8441000708107088,Tulare County,0.42187842480251786,0.0,66,0.0,'AddedNode',' ',36.64444609,-119.1604974
4101,4102,-2.2175886703088588,0.013266234035166597,Fresno County,0.007391847363414341,0.0,66,0.0,'AddedNode',' ',36.6176169,-120.3430672
4102,4103,8.131005832196802,0.010320450266955696,Fresno County,0.005750478462299136,9.85617618,66,0.00100653181798536,'AddedNode',' ',36.5451436,-120.3347756
4103,4104,-2.2175886703088583,0.013266234035166595,Fresno County,0.007391847363414339,0.0,66,0.0,'AddedNode',' ',36.61756791,-120.3340677
4104,4105,-2.220846165604719,0.014777703513467928,Fresno County,0.008234026963777666,0.0,66,0.0,'AddedNode',' ',36.61812306,-120.1785653
4105,4106,-2.214015582368951,0.01161932530347042,Fresno County,0.006474202014033199,0.0,66,0.0,'AddedNode',' ',36.59044366,-120.1784906
4106,4107,-2.214015582368951,0.01161932530347042,Fresno County,0.006474202014033198,0.0,66,0.0,'AddedNode',' ',36.58875434,-120.1784944
4107,4108,-2.2175886703088583,0.013266234035166595,Fresno County,0.007391847363414339,0.0,66,0.0,'AddedNode',' ',36.61771839,-120.1975879
4108,4109,0.0,0.0,Fresno County,0.0,0.0,66,0.0,'AddedNode',' ',36.53142509,-120.1069379
4109,4110,5.257780585384035,0.00903935242845965,Fresno County,0.005036660233654878,6.98019274,66,0.0012428316993891555,'AddedNode',' ',36.54966318,-120.1113084
4110,4111,-2.2140155823689516,0.01161932530347042,Fresno County,0.006474202014033198,0.0,66,0.0,'AddedNode',' ',36.54967091,-120.111715
4111,4112,-2.2366074672132767,0.04955092112144964,Fresno County,0.0256144198577117,0.0,115,0.0,'AddedNode',' ',36.6339557,-120.565496
4112,4113,-2.2376230420804366,0.05125606328419769,Fresno County,0.026474831652829718,0.0,115,0.0,'AddedNode',' ',36.63319044,-120.5325834
4113,4114,-2.2498997890063728,0.9205951422689637,Fresno County,0.39738663553543624,0.0,115,0.0,'AddedNode',' ',36.53872298,-119.5809223
4114,4115,-1.8369563487684477,0.7176034136612562,Fresno County,0.39973440619200357,0.0,115,0.0,'AddedNode',' ',36.53335861,-119.5752191
4115,4116,-1.836952535353401,0.7176019239581084,Fresno County,0.3997335763665151,0.0,115,0.0,'AddedNode',' ',36.60935258,-119.6105903
4116,4117,-2.2498997890063728,0.9205951422689637,Fresno County,0.39738663553543624,0.0,115,0.0,'AddedNode',' ',36.54055172,-119.5818428
4117,4118,-1.9347297429193735,0.7656661466086642,Fresno County,0.39917852012284044,0.0,115,0.0,'AddedNode',' ',36.55030174,-119.5935978
4118,4119,-2.0657752512630765,0.8300845431078002,Fresno County,0.3984334670013112,0.0,115,0.0,'AddedNode',' ',36.54031412,-119.5832802
4119,4120,-1.8369563487684477,0.7176034136612562,Fresno County,0.39973440619200357,0.0,115,0.0,'AddedNode',' ',36.53705175,-119.5933222
4120,4121,-2.2447182357524884,0.025773619527777857,Fresno County,0.01436086993844871,0.0,66,0.0,'AddedNode',' ',36.53216175,-119.8813246
4121,4122,-2.2447182357524884,0.025773619527777857,Fresno County,0.01436086993844871,0.0,66,0.0,'AddedNode',' ',36.44521513,-119.8960878
4122,4123,-1.935783901737453,0.34360907284269143,Fresno County,0.19140618165930234,0.0,66,0.0,'AddedNode',' ',36.44556934,-119.7988384
4123,4124,-2.2140155823689516,0.01161932530347042,Fresno County,0.006474202014033199,0.0,66,0.0,'AddedNode',' ',36.40073991,-120.1389936
4124,4125,-2.2140155823689516,0.01161932530347042,Fresno County,0.006474202014033199,0.0,66,0.0,'AddedNode',' ',36.2840465,-120.1215053
4125,4126,-2.2140155823689516,0.01161932530347042,Fresno County,0.006474202014033199,0.0,66,0.0,'AddedNode',' ',36.30825826,-120.2528675
4126,4127,2.174499218762343,0.02005077400419659,Fresno County,0.011172142792329092,3.92079403,66,0.004975995892508152,'AddedNode',' ',36.15252107,-120.1478193
4127,4128,-2.244725680453932,0.025773705007059604,Fresno County,0.014360917566871495,0.0,66,0.0,'AddedNode',' ',36.15229588,-120.1478151
4128,4129,-2.214015582368951,0.01161932530347042,Fresno County,0.006474202014033199,0.0,115,0.0,'AddedNode',' ',36.41785343,-120.3687123
4129,4130,-2.223173577668365,0.015841976606686004,Fresno County,0.008827032050014115,0.0,66,0.0,'AddedNode',' ',36.23875453,-120.3016423
4130,4131,-2.214010256477743,0.011619297352780745,Fresno County,0.006474186440115897,0.0,66,0.0,'AddedNode',' ',36.23889376,-120.3016368
4131,4132,-2.244725680453932,0.025773705007059604,Fresno County,0.014360917566871495,0.0,66,0.0,'AddedNode',' ',36.13709799,-120.2448949
4132,4133,-2.1914557601743088,0.0012214331018627663,Fresno County,0.0006805734792298882,0.0,66,0.0,'AddedNode',' ',36.23756006,-120.3194057
4133,4134,-2.1914557601743083,0.001221433101862766,Fresno County,0.0006805734792298879,0.0,66,0.0,'AddedNode',' ',36.23865125,-120.3373843
4134,4135,-2.1914557601743083,0.0012214331018627663,Fresno County,0.000680573479229888,0.0,66,0.0,'AddedNode',' ',36.19475396,-120.3191108
4135,4136,-2.1915153721584275,0.0012214663272885281,Fresno County,0.0006805919921910772,0.0,66,0.0,'AddedNode',' ',36.19262486,-120.3547054
4136,4137,-2.2447182357524884,0.025773619527777857,Kings County,0.01436086993844871,0.0,66,0.0,'AddedNode',' ',36.26449758,-119.9052247
4137,4138,-1.91840925184252,0.8441000708107088,Fresno County,0.42187842480251786,0.0,66,0.0,'AddedNode',' ',36.57466283,-119.3681605
4138,4139,-2.2654887706007307,0.3956871102894449,Monterey County,0.1726677468684025,0.0,115,0.0,'AddedNode',' ',36.64398419,-121.792306
4139,4140,-2.2654887706007307,0.3956871102894449,Monterey County,0.1726677468684025,0.0,115,0.0,'AddedNode',' ',36.61435538,-121.8211857
4140,4141,-2.2654977830952427,0.3956886843991719,Monterey County,0.17266843376967575,0.0,115,0.0,'AddedNode',' ',36.59905405,-121.8511058
4141,4142,-2.2654977830952427,0.3956886843991719,Monterey County,0.17266843376967575,0.0,115,0.0,'AddedNode',' ',36.59931093,-121.8285337
4142,4143,-2.062520332643492,0.36878227174233014,Monterey County,0.16599858393754396,0.0,66,0.0,'AddedNode',' ',36.55722003,-121.8979525
4143,4144,-2.0759247646971177,0.36257812529500505,Monterey County,0.15821983160548725,0.0,66,0.0,'AddedNode',' ',36.59968698,-121.8768508
4144,4145,-2.0400275395826144,0.37919290171910003,Monterey County,0.17905142092286266,0.0,66,0.0,'AddedNode',' ',36.62432995,-121.6876681
4145,4146,-2.0400275395826144,0.37919290171910003,Monterey County,0.17905142092286266,0.0,66,0.0,'AddedNode',' ',36.68715029,-121.6727098
4146,4147,-2.0400275395826144,0.37919290171910003,Monterey County,0.17905142092286266,0.0,66,0.0,'AddedNode',' ',36.56957172,-121.7554481
4147,4148,-2.062520332643492,0.36878227174233014,Monterey County,0.16599858393754396,0.0,66,0.0,'AddedNode',' ',36.59395514,-121.8678937
4148,4149,-2.0400275395826144,0.37919290171910003,Monterey County,0.17905142092286266,0.0,66,0.0,'AddedNode',' ',36.58740729,-121.8656832
4149,4150,-1.5308950524987983,0.4777304517629433,Monterey County,0.33330404339923914,0.0,66,0.0,'AddedNode',' ',36.65699899,-121.6356558
4150,4151,-2.0400275395826144,0.37919290171910003,Monterey County,0.17905142092286266,0.0,66,0.0,'AddedNode',' ',36.6744153,-121.6414016
4151,4152,-1.3540131979470442,0.5119670951572634,Monterey County,0.38689719977296305,0.0,66,0.0,'AddedNode',' ',36.66368008,-121.628691
4152,4153,-1.2217380270701481,0.5375647319108652,Monterey County,0.42696980455015626,0.0,66,0.0,'AddedNode',' ',36.65422392,-121.6291567
4153,4154,-1.2217380270701481,0.5375647319108652,Monterey County,0.42696980455015626,0.0,66,0.0,'AddedNode',' ',36.6534779,-121.6275293
4154,4155,0.7605877083862916,0.4182000555100317,Monterey County,0.33216240829130506,1.71104238,66,0.18451051615386108,'AddedNode',' ',36.62623671,-121.5876417
4155,4156,-1.2217475947712704,0.537568941699359,Monterey County,0.42697314824527555,0.0,66,0.0,'AddedNode',' ',36.6267707,-121.5872462
4156,4157,-1.4139843845841142,0.5003615864208817,Monterey County,0.3687290005244194,0.0,66,0.0,'AddedNode',' ',36.67304996,-121.6272567
4157,4158,-1.221746759946079,0.5375685743762747,Monterey County,0.42697285649275507,0.0,66,0.0,'AddedNode',' ',36.63004427,-121.5398922
4158,4159,-1.2217475947712704,0.537568941699359,Monterey County,0.4269731482452755,0.0,66,0.0,'AddedNode',' ',36.61296436,-121.5681886
4159,4160,-1.2217573606936643,0.5375732387052122,Monterey County,0.4269765612142455,0.0,66,0.0,'AddedNode',' ',36.58171231,-121.4982135
4160,4161,-1.221747264359802,0.5375687963183129,Monterey County,0.4269730327739413,0.0,66,0.0,'AddedNode',' ',36.51039337,-121.449057
4161,4162,-1.221747264359802,0.5375687963183129,Monterey County,0.4269730327739413,0.0,66,0.0,'AddedNode',' ',36.51182532,-121.4436152
4162,4163,-1.2217472643598017,0.5375687963183128,Monterey County,0.4269730327739412,0.0,66,0.0,'AddedNode',' ',36.51196673,-121.4433854
4163,4164,3.2305647659931065,0.4181988289630333,Monterey County,0.3321614340857795,4.18101665,66,0.075508778665414,'AddedNode',' ',36.46667727,-121.391551
4164,4165,-1.2217472643598017,0.5375687963183128,Monterey County,0.4269730327739412,0.0,66,0.0,'AddedNode',' ',36.46742503,-121.3906863
4165,4166,1.9710120155763016,0.42512291994642737,Monterey County,0.33766100948269645,2.93720047,66,0.11107317059336856,'AddedNode',' ',36.41650728,-121.3152266
4166,4167,-1.2419646312655845,0.5464644377568572,Monterey County,0.43403854518741813,0.0,66,0.0,'AddedNode',' ',36.41986916,-121.3209153
4167,4168,-1.2419646312655845,0.5464644377568572,Monterey County,0.4340385451874182,0.0,66,0.0,'AddedNode',' ',36.36626058,-121.280302
4168,4169,1.9370997164512072,0.4309565627614688,Monterey County,0.3422944781325086,2.91654645,66,0.11495075229083841,'AddedNode',' ',36.29381155,-121.2002607
4169,4170,-1.2590250313790063,0.5539710138067628,Monterey County,0.44000076911806185,0.0,66,0.0,'AddedNode',' ',36.29383077,-121.2005151
4170,4171,-1.2590232998643374,0.5539702519403085,Monterey County,0.44000016399285224,0.0,66,0.0,'AddedNode',' ',36.37526934,-121.2589411
4171,4172,-1.2590232998643374,0.5539702519403085,Monterey County,0.44000016399285224,0.0,66,0.0,'AddedNode',' ',36.25584536,-121.1760892
4172,4173,-1.2590250313790063,0.5539710138067628,Monterey County,0.44000076911806185,0.0,66,0.0,'AddedNode',' ',36.21448735,-121.1643383
4173,4174,-1.2590247617712984,0.5539708951793713,Monterey County,0.4400006748962665,0.0,66,0.0,'AddedNode',' ',36.26252149,-121.1531876
4174,4175,-1.2590250313790063,0.5539710138067628,Monterey County,0.44000076911806185,0.0,66,0.0,'AddedNode',' ',36.21583739,-121.1286035
4175,4176,-1.2590213455728687,0.5539693920520622,Monterey County,0.43999948101219033,0.0,66,0.0,'AddedNode',' ',36.26508879,-121.1459303
4176,4177,-1.2590236961723564,0.5539704263158368,Monterey County,0.44000030249354033,0.0,66,0.0,'AddedNode',' ',36.22644737,-121.128468
4177,4178,1.969954180791004,0.4309620256519583,Monterey County,0.34229881712490545,2.94941333,66,0.1136726767951529,'AddedNode',' ',36.22474808,-121.1248759
4178,4179,-1.2590265361078088,0.5539716758874359,Monterey County,0.4400012949867411,0.0,66,0.0,'AddedNode',' ',36.22836392,-121.1301065
4179,4180,-1.2590217488982631,0.5539695695152358,Monterey County,0.4399996219652923,0.0,66,0.0,'AddedNode',' ',36.22663763,-121.1295719
4180,4181,-1.2590250313790063,0.5539710138067628,Monterey County,0.44000076911806185,0.0,66,0.0,'AddedNode',' ',36.21769274,-121.1256634
4181,4182,-1.2590213455728687,0.5539693920520622,Monterey County,0.43999948101219033,0.0,66,0.0,'AddedNode',' ',36.26655207,-121.1477553
4182,4183,-1.2590986762659588,0.5540034175570219,Monterey County,0.44002650634019264,0.0,66,0.0,'AddedNode',' ',36.07487505,-120.9310783
4183,4184,-0.7380802766413259,0.3247553217221834,Monterey County,0.4399939401199128,0.0,66,0.0,'AddedNode',' ',35.95837497,-120.8510504
4184,4185,2.408865771430274,0.3173883453706795,Monterey County,0.34229666982144047,3.13020292,66,0.07888028670483473,'AddedNode',' ',35.9356425,-120.8408716
4185,4186,1.3932224070272625,0.6154779154161908,Kings County,0.3323974411880589,2.81617302,66,0.1679531546286591,'AddedNode',' ',36.40481301,-119.637022
4186,4187,-2.2447182357524884,0.025773619527777857,Kings County,0.01436086993844871,0.0,66,0.0,'AddedNode',' ',36.27026083,-119.9052199
4187,4188,-1.8061390935944548,0.7812208759338729,Kings County,0.42190924102860566,0.0,66,0.0,'AddedNode',' ',36.27643773,-119.654709
4188,4189,-1.8061390935944548,0.7812208759338729,Kings County,0.42190924102860566,0.0,66,0.0,'AddedNode',' ',36.26938199,-119.6544977
4189,4190,-1.8061390935944548,0.7812208759338729,Kings County,0.42190924102860566,0.0,66,0.0,'AddedNode',' ',36.26942058,-119.6489466
4190,4191,-1.8395555180599146,0.7236614898282817,Kings County,0.3908571273974285,0.0,66,0.0,'AddedNode',' ',36.22638453,-119.6549452
4191,4192,-2.2447182357524884,0.025773619527777857,Kings County,0.01436086993844871,0.0,66,0.0,'AddedNode',' ',36.24239704,-119.9053112
4192,4193,-2.244721477744212,0.02577365675198706,Kings County,0.01436089067950242,0.0,66,0.0,'AddedNode',' ',35.84282857,-119.9154004
4193,4194,-2.244721477744212,0.02577365675198706,Kings County,0.01436089067950242,0.0,66,0.0,'AddedNode',' ',35.83537439,-119.9153936
4194,4195,-2.244720840401544,0.025773649434085336,Kings County,0.014360886602021773,0.0,66,0.0,'AddedNode',' ',36.00746912,-119.9517514
4195,4196,-2.244725680453932,0.025773705007059604,Kings County,0.014360917566871495,0.0,66,0.0,'AddedNode',' ',36.04372226,-120.0928212
4196,4197,-2.244725680453932,0.025773705007059604,Kings County,0.014360917566871495,0.0,66,0.0,'AddedNode',' ',36.03630971,-120.0926676
4197,4198,-1.8290543270100346,0.7911325481769675,Kings County,0.42726217800486027,0.0,66,0.0,'AddedNode',' ',36.31329883,-119.6548528
4198,4199,-2.244720686625945,0.025773647668450025,Kings County,0.01436088561822285,0.0,66,0.0,'AddedNode',' ',36.242268,-119.9004956
4199,4200,-2.2447182357524884,0.025773619527777857,Kings County,0.01436086993844871,0.0,66,0.0,'AddedNode',' ',36.22630886,-119.9053221
4200,4201,-2.2447182357524884,0.025773619527777857,Kings County,0.01436086993844871,0.0,66,0.0,'AddedNode',' ',36.22617574,-119.8340832
4201,4202,-2.2447182357524884,0.025773619527777857,Kings County,0.01436086993844871,0.0,66,0.0,'AddedNode',' ',36.2257153,-119.7801244
4202,4203,-1.8395555180599146,0.7236614898282817,Kings County,0.3908571273974285,0.0,66,0.0,'AddedNode',' ',36.07993249,-119.5720498
4203,4204,-2.2447182357524884,0.025773619527777857,Kings County,0.01436086993844871,0.0,66,0.0,'AddedNode',' ',36.25479308,-119.6489674
4204,4205,-1.91840925184252,0.8441000708107088,Tulare County,0.42187842480251786,0.0,66,0.0,'AddedNode',' ',36.57288067,-119.2512409
4205,4206,-1.91840925184252,0.8441000708107088,Tulare County,0.42187842480251786,0.0,66,0.0,'AddedNode',' ',36.54499344,-119.25097
4206,4207,-1.8174492065469199,0.7996776508806448,Tulare County,0.399676246181668,0.0,66,0.0,'AddedNode',' ',36.52960326,-119.250863
4207,4208,-2.1888056736888557,0.0,San Luis Obispo County,0.0,0.0,66,0.0,'AddedNode',' ',35.61564717,-120.6790514
4208,4209,-2.2608908100719445,0.0,San Luis Obispo County,0.0,0.0,230,0.0,'AddedNode',' ',35.55502834,-120.6812864
4209,4210,-2.188805673688856,0.0,San Luis Obispo County,0.0,0.0,66,0.0,'AddedNode',' ',35.55777073,-120.68914
4210,4211,-2.2608899737113988,0.0,San Luis Obispo County,0.0,0.0,115,0.0,'AddedNode',' ',35.0509335,-120.5813653
4211,4212,-1.799463569239828,0.0,San Luis Obispo County,0.0,0.0,66,0.0,'AddedNode',' ',35.57091638,-121.056012
4212,4213,-1.994462932459823,0.0,San Luis Obispo County,0.0,0.0,66,0.0,'AddedNode',' ',35.36161708,-120.8113992
4213,4214,-1.994462932459823,0.0,San Luis Obispo County,0.0,0.0,66,0.0,'AddedNode',' ',35.32032669,-120.6927842
4214,4215,-1.9944629324598229,0.0,San Luis Obispo County,0.0,0.0,66,0.0,'AddedNode',' ',35.29967782,-120.6211615
4215,4216,-1.9944629324598229,0.0,San Luis Obispo County,0.0,0.0,66,0.0,'AddedNode',' ',35.31969188,-120.6928492
4216,4217,-1.994462932459823,0.0,San Luis Obispo County,0.0,0.0,66,0.0,'AddedNode',' ',35.31339764,-120.6530376
4217,4218,-2.243200154469771,0.0,Santa Barbara County,0.0,0.0,115,0.0,'AddedNode',' ',34.9315072,-120.4450785
4218,4219,-2.243200154469771,0.0,Santa Barbara County,0.0,0.0,115,0.0,'AddedNode',' ',34.94614613,-120.453678
4219,4220,-2.2431796988866664,0.0,Santa Barbara County,0.0,0.0,115,0.0,'AddedNode',' ',34.82554744,-120.2982023
4220,4221,-2.243202367726771,0.0,Santa Barbara County,0.0,0.0,115,0.0,'AddedNode',' ',34.70071716,-120.4362664
4221,4222,-2.243202367726772,0.0,Santa Barbara County,0.0,0.0,115,0.0,'AddedNode',' ',34.6438563,-120.4339262
4222,4223,-2.243202367726772,0.0,Santa Barbara County,0.0,0.0,115,0.0,'AddedNode',' ',34.66905181,-120.4399623
4223,4224,-2.243202367726771,0.0,Santa Barbara County,0.0,0.0,115,0.0,'AddedNode',' ',34.72345987,-120.4362275
4224,4225,0.8811788519570025,0.0,Santa Barbara County,0.0,2.62632274,115,0.0,'AddedNode',' ',34.72295942,-120.4338587
4225,4226,-2.2248125006270687,0.0,Santa Barbara County,0.0,0.0,115,0.0,'AddedNode',' ',34.70063174,-120.4364283
4226,4227,-2.243202367726772,0.0,Santa Barbara County,0.0,0.0,115,0.0,'AddedNode',' ',34.64373735,-120.4358808
4227,4228,-1.9962307730841173,0.09783741807866503,Kern County,0.09462656528412702,0.0,66,0.0,'AddedNode',' ',35.65827898,-120.01025
4228,4229,-1.9962381255281627,0.09783777842985872,Kern County,0.09462691380922533,0.0,66,0.0,'AddedNode',' ',35.73349463,-120.0273588
4229,4230,-1.9962381255281627,0.09783777842985872,Kern County,0.09462691380922533,0.0,66,0.0,'AddedNode',' ',35.77466692,-119.9737478
4230,4231,-1.9962307730841173,0.09783741807866503,Kern County,0.09462656528412702,0.0,66,0.0,'AddedNode',' ',35.71207985,-120.0125308
4231,4232,-1.996238125528163,0.09783777842985873,Kern County,0.09462691380922535,0.0,66,0.0,'AddedNode',' ',35.77526244,-119.9153719
4232,4233,-1.9962160493531502,0.09783669645276796,Kern County,0.09462586734072868,0.0,66,0.0,'AddedNode',' ',35.71198002,-120.0209017
4233,4234,-2.244712060662663,0.02577354862604365,Kern County,0.014360830432527463,0.0,66,0.0,'AddedNode',' ',35.78923287,-119.9153606
4234,4235,-0.9270904729691102,0.40791980810640843,Kern County,0.4400003413112011,0.0,66,0.0,'AddedNode',' ',35.77530914,-119.9151728
4235,4236,-0.9270904729691102,0.40791980810640843,Kern County,0.4400003413112011,0.0,66,0.0,'AddedNode',' ',35.61491759,-119.8532744
4236,4237,-2.210129827729353,0.0,Kern County,0.0,0.0,115,0.0,'AddedNode',' ',35.441176,-119.6427451
4237,4238,-2.210129827729353,0.0,Kern County,0.0,0.0,115,0.0,'AddedNode',' ',35.38334067,-119.6426257
4238,4239,-0.9270904729691102,0.40791980810640843,Kern County,0.4400003413112011,0.0,66,0.0,'AddedNode',' ',35.52797239,-119.7969748
4239,4240,-0.9271269524872092,0.4079358590943721,Kern County,0.44001765461651743,0.0,66,0.0,'AddedNode',' ',35.51729321,-119.7613338
4240,4241,-0.8566806746870292,0.3769394968622928,Kern County,0.43999939280924505,0.0,115,0.0,'AddedNode',' ',35.42366714,-119.7259491
4241,4242,-0.9270904729691102,0.40791980810640843,Kern County,0.4400003413112011,0.0,66,0.0,'AddedNode',' ',35.47360213,-119.7617412
4242,4243,-0.9270904729691102,0.40791980810640843,Kern County,0.4400003413112011,0.0,66,0.0,'AddedNode',' ',35.46997283,-119.7594661
4243,4244,-1.8487218228584859,0.7326550492717535,Kern County,0.4030027426926425,0.0,66,0.0,'AddedNode',' ',35.2086344,-119.1007114
4244,4245,-2.2432001544697715,0.0,Kern County,0.0,0.0,115,0.0,'AddedNode',' ',35.23874427,-119.6279115
4245,4246,-2.243200154469771,0.0,Santa Barbara County,0.0,0.0,115,0.0,'AddedNode',' ',34.92332147,-120.3562805
4246,4247,-1.0841215366587498,0.4770134761298499,Kern County,0.44000056793926146,0.0,115,0.0,'AddedNode',' ',35.40034102,-119.4487874
4247,4248,-1.0841215366587498,0.4770134761298499,Kern County,0.44000056793926146,0.0,115,0.0,'AddedNode',' ',35.27670244,-119.474803
4248,4249,-1.0841215366587498,0.4770134761298499,Kern County,0.44000056793926146,0.0,115,0.0,'AddedNode',' ',35.28166263,-119.4747947
4249,4250,-1.0841215366587498,0.4770134761298499,Kern County,0.44000056793926146,0.0,115,0.0,'AddedNode',' ',35.28174466,-119.4695238
4250,4251,-1.7947115931057707,0.7896731009665391,Kern County,0.4400000040603412,0.0,115,0.0,'AddedNode',' ',35.44179473,-119.3188367
4251,4252,-1.945167643574092,0.5302677726334213,Kern County,0.29422804267560937,0.0,115,0.0,'AddedNode',' ',35.60163774,-119.331303
4252,4253,-1.9451456462572188,0.5302617759943856,Kern County,0.2942247153390123,0.0,115,0.0,'AddedNode',' ',35.60867608,-119.3312396
4253,4254,-1.8755649693729513,0.6502620063181159,Kern County,0.3616584124423349,0.0,115,0.0,'AddedNode',' ',35.60868255,-119.4380726
4254,4255,-1.9451456462572188,0.5302617759943856,Kern County,0.2942247153390123,0.0,115,0.0,'AddedNode',' ',35.60869014,-119.3258133
4255,4256,-1.794711593105771,0.7896731009665393,Kern County,0.4400000040603413,0.0,115,0.0,'AddedNode',' ',35.35363905,-119.2698163
4256,4257,-1.794711593105771,0.7896731009665393,Kern County,0.4400000040603413,0.0,115,0.0,'AddedNode',' ',35.38723697,-119.2695458
4257,4258,-1.7947115931057707,0.7896731009665391,Kern County,0.4400000040603412,0.0,115,0.0,'AddedNode',' ',35.38754281,-119.322889
4258,4259,-1.7947115931057707,0.7896731009665391,Kern County,0.4400000040603412,0.0,115,0.0,'AddedNode',' ',35.39375867,-119.3229075
4259,4260,-1.794711593105771,0.7896731009665393,Kern County,0.4400000040603413,0.0,115,0.0,'AddedNode',' ',35.38719093,-119.2562301
4260,4261,-0.40923656245815043,0.4125135030384151,Kern County,0.22889009447715045,1.10397612,66,0.31373812130272194,'AddedNode',' ',35.44194626,-119.0833446
4261,4262,-1.964057409325134,0.4897234888855846,Kern County,0.2722373755756156,0.0,115,0.0,'AddedNode',' ',35.47051324,-119.0744696
4262,4263,-1.9640574093251335,0.4897234888855845,Kern County,0.2722373755756156,0.0,115,0.0,'AddedNode',' ',35.457462,-119.0744513
4263,4264,-1.9451678379430477,0.5302678256199048,Kern County,0.2942280720760559,0.0,115,0.0,'AddedNode',' ',35.47065091,-119.0755658
4264,4265,-1.859728224589453,0.6817574310090894,Kern County,0.3789414430743971,0.0,115,0.0,'AddedNode',' ',35.44132853,-119.0944088
4265,4266,-1.9452150278469271,0.5302806899533741,Kern County,0.29423521006907066,0.0,66,0.0,'AddedNode',' ',35.47056438,-119.1253007
4266,4267,0.0,0.0,Kern County,0.0,0.0,115,0.0,'AddedNode',' ',35.50139913,-119.0466669
4267,4268,-1.964057409325134,0.4897234888855846,Kern County,0.2722373755756156,0.0,115,0.0,'AddedNode',' ',35.49881805,-119.0466685
4268,4269,-1.9451678379430473,0.5302678256199047,Kern County,0.2942280720760558,0.0,115,0.0,'AddedNode',' ',35.55854839,-119.1293182
4269,4270,-1.9640574093251335,0.4897234888855845,Kern County,0.2722373755756156,0.0,115,0.0,'AddedNode',' ',35.45555828,-119.0211582
4270,4271,-1.9640574093251335,0.4897234888855845,Kern County,0.2722373755756156,0.0,115,0.0,'AddedNode',' ',35.49192281,-119.0033626
4271,4272,-0.05758577305037882,0.38097934629132657,Kern County,0.2117864871437605,1.47034851,115,0.22008104350291754,'AddedNode',' ',35.45499218,-119.0025713
4272,4273,-1.9740264442437947,0.5020438341008937,Kern County,0.2755436517803203,0.0,115,0.0,'AddedNode',' ',35.3830203,-119.0976367
4273,4274,-1.8530044211815637,0.7422092487818301,Kern County,0.40698331406244653,0.0,115,0.0,'AddedNode',' ',35.37971288,-119.0911032
4274,4275,-1.8551584508674153,0.8024235315667154,Kern County,0.4333600312230561,0.0,115,0.0,'AddedNode',' ',35.37479386,-119.0460706
4275,4276,-1.8551584508674153,0.8024235315667154,Kern County,0.4333600312230561,0.0,115,0.0,'AddedNode',' ',35.37499756,-119.0461374
4276,4277,-1.8328621553766185,0.7927795724966886,Kern County,0.42815167648358227,0.0,115,0.0,'AddedNode',' ',35.41579987,-119.0121999
4277,4278,-1.6349691036970972,0.7082611694998784,Kern County,0.4303636248672061,0.0,115,0.0,'AddedNode',' ',35.42656122,-119.0131245
4278,4279,-1.6349691036970977,0.7082611694998785,Kern County,0.4303636248672061,0.0,115,0.0,'AddedNode',' ',35.42760902,-118.9773392
4279,4280,-0.7731281656037574,0.34017639286565327,Kern County,0.4399968467200055,0.0,115,0.0,'AddedNode',' ',35.44041144,-119.0135495
4280,4281,-1.855156361687373,0.8024226279203306,Kern County,0.43335954319620956,0.0,115,0.0,'AddedNode',' ',35.41633019,-118.9422621
4281,4282,-1.8180828722082782,0.786386994769207,Kern County,0.42469927563216625,0.0,66,0.0,'AddedNode',' ',35.39773155,-118.9399652
4282,4283,-1.855158450867415,0.8024235315667154,Kern County,0.433360031223056,0.0,115,0.0,'AddedNode',' ',35.39480342,-119.0266233
4283,4284,-1.83112791280309,0.6933790175386407,Kern County,0.3866398731989471,0.0,66,0.0,'AddedNode',' ',35.35410449,-119.00282
4284,4285,-1.832130767677814,0.1590228130709045,Kern County,0.15151942852860395,0.0,115,0.0,'AddedNode',' ',35.30382535,-118.9321592
4285,4286,-1.83112791280309,0.6933790175386407,Kern County,0.3866398731989471,0.0,66,0.0,'AddedNode',' ',35.29570192,-119.0027542
4286,4287,-1.8530010781943853,0.7422079097693731,Kern County,0.4069825798278245,0.0,66,0.0,'AddedNode',' ',35.2957414,-119.0215964
4287,4288,-1.8487218228584859,0.7326550492717535,Kern County,0.4030027426926425,0.0,66,0.0,'AddedNode',' ',35.20862982,-119.0966641
4288,4289,-1.8202969830623257,0.6692004273981897,Kern County,0.3765667803341148,0.0,66,0.0,'AddedNode',' ',35.22346892,-118.8799642
4289,4290,-1.8202969830623257,0.6692004273981899,Kern County,0.3765667803341148,0.0,66,0.0,'AddedNode',' ',35.2230911,-119.0028367
4290,4291,-1.8202969830623252,0.6692004273981895,Kern County,0.3765667803341147,0.0,66,0.0,'AddedNode',' ',35.22332684,-118.8782646
4291,4292,-1.822870049347136,0.5328376389739666,Kern County,0.32055777473561103,0.0,66,0.0,'AddedNode',' ',35.15056853,-118.8781045
4292,4293,-1.6494906620966927,0.7257758913225448,Kern County,0.43999859819424414,0.0,66,0.0,'AddedNode',' ',35.09234315,-118.8777896
4293,4294,-1.822870049347136,0.5328376389739666,Kern County,0.32055777473561103,0.0,66,0.0,'AddedNode',' ',35.09273612,-118.8777975
4294,4295,-1.8180680852762057,0.7863805988830501,Kern County,0.42469582144455137,0.0,66,0.0,'AddedNode',' ',35.22350405,-118.8782777
4295,4296,0.0,0.0,Kern County,0.0,0.0,66,0.0,'AddedNode',' ',35.42895398,-118.8196019
4296,4297,-1.6494906620966927,0.7257758913225448,Kern County,0.43999859819424414,0.0,66,0.0,'AddedNode',' ',35.0196422,-118.9554755
4297,4298,4.531725723117434,0.5646236934283287,Kern County,0.34230075232040735,5.81496139,66,0.07553834062142961,'AddedNode',' ',34.99182935,-118.942802
4298,4299,-1.6494906620966927,0.7257758913225448,Kern County,0.43999859819424414,0.0,66,0.0,'AddedNode',' ',34.99170655,-118.9428489
4299,4300,-1.6494981155015198,0.7257791708206687,Kern County,0.4400005863762636,0.0,66,0.0,'AddedNode',' ',34.9271304,-118.9258688
4300,4301,-1.6494911372206644,0.7257761003770923,Kern County,0.4399987249326891,0.0,66,0.0,'AddedNode',' ',34.91858881,-118.9267775
4301,4302,-1.6494906620966927,0.7257758913225448,Kern County,0.43999859819424414,0.0,66,0.0,'AddedNode',' ',35.02675445,-118.9577296
4302,4303,-1.8180828722082782,0.786386994769207,Kern County,0.42469927563216625,0.0,66,0.0,'AddedNode',' ',35.36186883,-118.8787266
4303,4304,-1.7555572123966174,0.7724451734545117,Kern County,0.4400005330748263,0.0,66,0.0,'AddedNode',' ',34.87965908,-118.9037376
4304,4305,-2.6466237679344875,0.8113390757264222,San Joaquin County,0.28305226401613987,0.0,115,0.0,'AddedNode',' ',37.8429854,-121.0547784
4305,4306,-1.6545975065045453,0.5753864707112737,Contra Costa County,0.3691979419091453,0.0,230,0.0,'AddedNode',' ',38.0535877,-122.2349694
4306,4307,-1.8053138269092792,0.5778258322693806,Contra Costa County,0.3411859310841832,0.0,230,0.0,'AddedNode',' ',38.05353692,-122.2343319
4307,4308,-2.274794204794559,0.6179502349708339,Solano County,0.26817903794430803,0.0,230,0.0,'AddedNode',' ',38.22169173,-121.8663577
4308,4309,-2.274794204794559,0.6179502349708339,Solano County,0.26817903794430803,0.0,230,0.0,'AddedNode',' ',38.12772825,-121.8300955
4309,4310,-2.274794204794559,0.6179502349708339,Solano County,0.26817903794430803,0.0,500,0.0,'AddedNode',' ',38.12783998,-121.8296591
4310,4311,-2.274794204794559,0.6179502349708339,Solano County,0.268179037944308,0.0,230,0.0,'AddedNode',' ',38.12569323,-121.8293739
4311,4312,-2.274794204794559,0.6179502349708339,Solano County,0.26817903794430803,0.0,230,0.0,'AddedNode',' ',38.12390495,-121.8287364
4312,4313,-2.2735925815795666,0.5854051531995464,Amador County,0.2541522426992424,0.0,230,0.0,'AddedNode',' ',38.33179483,-120.6688655
4313,4314,-2.3074030150426785,0.6058890697404186,Calaveras County,0.25677106904237207,0.0,115,0.0,'AddedNode',' ',38.0589185,-120.5345962
4314,4315,-1.0252930979570833,0.45112896310111666,Sacramento County,0.436662360335784,0.0,115,0.0,'AddedNode',' ',38.5088647,-121.4088909
4315,4316,-1.6368608840137815,0.062200713592523695,Sonoma County,0.037999540589536834,0.0,230,0.0,'AddedNode',' ',38.79577986,-122.7671588
4316,4317,-1.6368807031309145,0.06220146671897475,Lake County,0.03800000068810312,0.0,230,0.0,'AddedNode',' ',38.76595358,-122.711881
4317,4318,-1.5669880374372775,0.5434613886635875,Placer County,0.3586995013437009,0.0,115,0.0,'AddedNode',' ',38.8898827,-121.0986684
4318,4319,-0.9872117308220524,0.42814994151410046,Glenn County,0.4324005465804932,0.0,230,0.0,'AddedNode',' ',39.53924501,-122.2637857
4319,4320,5.653458489194556,0.3330807540137179,Glenn County,0.3363875271865038,6.42146333,230,0.04023183439495058,'AddedNode',' ',39.53927025,-122.2630438
4320,4321,-0.9872117308220524,0.42814994151410046,Glenn County,0.4324005465804932,0.0,230,0.0,'AddedNode',' ',39.5395378,-122.2639894
4321,4322,-2.5515615117109562,0.6432705934502905,Santa Clara County,0.2258992481829098,0.0,230,0.0,'AddedNode',' ',37.22209873,-121.7471145
4322,4323,-1.9894787644833316,0.45379204894758374,Madera County,0.24402410668957708,0.0,115,0.0,'AddedNode',' ',36.86672683,-120.3278627
4323,4324,-1.9894787644833316,0.4537920489475837,Madera County,0.24402410668957705,0.0,115,0.0,'AddedNode',' ',36.86055243,-120.3384733
4324,4325,-1.8089108668284326,0.7651901115683429,Tulare County,0.42624187119134166,0.0,115,0.0,'AddedNode',' ',35.96336505,-119.4559908
4325,4326,-2.2735925815795666,0.5854051531995466,Alameda County,0.2541522426992424,0.0,230,0.0,'AddedNode',' ',37.76757159,-121.6160872
4326,4327,4.899263744949158,0.45830679987169515,Shasta County,0.329804599905871,5.98956216,66,0.06003534531376302,'AddedNode',' ',40.92594578,-121.5480553
4327,4328,-0.14177145343075204,0.14120444595304396,Trinity County,0.0861332046109797,0.959055552,66,0.09886576174062858,'AddedNode',' ',40.09413197,-123.509011
4328,4329,1.9769522455814617,0.2762625803733022,Tehama County,0.33614256006579096,2.61483615,66,0.08200128664123363,'AddedNode',' ',40.40097716,-121.9654774
4329,4330,-0.39435407422533,0.45830267841454025,Plumas County,0.32980163404211255,0.695934536,66,0.516685042384242,'AddedNode',' ',40.26874952,-121.0894769
4330,4331,-1.4014878286609995,0.5891152302397885,Plumas County,0.42393635194171597,0.0,115,0.0,'AddedNode',' ',40.0073041,-121.2493284
4331,4332,-0.9872117308220529,0.42814994151410063,Glenn County,0.4324005465804933,0.0,230,0.0,'AddedNode',' ',39.53837731,-122.2637815
4332,4333,0.33101711387021127,0.30623905669710705,Humboldt County,0.34230109506857037,1.02701497,66,0.23197405615090885,'AddedNode',' ',40.48089534,-124.1045172
4333,4334,1.5385127445839961,0.2910530490899255,Shasta County,0.3377807791663088,2.20634025,115,0.102241390523565,'AddedNode',' ',40.43613871,-122.269141
4334,4335,-1.4014878286609993,0.5891152302397884,Plumas County,0.42393635194171597,0.0,115,0.0,'AddedNode',' ',40.07685708,-121.1621102
4335,4336,0.7590867106114072,0.45829805841771787,Plumas County,0.32979830942156585,1.84936433,115,0.19442989671728303,'AddedNode',' ',40.07669143,-121.161495
4336,4337,-1.4014878286609993,0.5891152302397884,Plumas County,0.4239363519417159,0.0,230,0.0,'AddedNode',' ',39.9880733,-121.2820275
4337,4338,0.2021312775824451,0.458293007085473,Plumas County,0.3297946744054358,1.29239688,230,0.2782146838397999,'AddedNode',' ',39.98659724,-121.2842068
4338,4339,-1.370364245213473,0.5892566254417934,Butte County,0.43000611642861664,0.0,66,0.0,'AddedNode',' ',39.60421961,-121.5948404
4339,4340,2.4219449688179573,0.45841154100827847,Butte County,0.33452278339210423,3.48801832,66,0.10224310540248686,'AddedNode',' ',39.60504761,-121.6004962
4340,4341,0.5690880846324751,0.4583212180054432,Plumas County,0.3298149754159736,1.6594208,115,0.2167069725256981,'AddedNode',' ',39.9051567,-121.3453609
4341,4342,-1.4014878286609993,0.5891152302397884,Plumas County,0.42393635194171597,0.0,115,0.0,'AddedNode',' ',39.908453,-121.345284
4342,4343,1.5447114573988956,0.45830260375021964,Plumas County,0.3298015803125227,2.63499989,115,0.13646256663346867,'AddedNode',' ',39.9051088,-121.3454642
4343,4344,-1.4014878286609993,0.5891152302397884,Butte County,0.42393635194171597,0.0,230,0.0,'AddedNode',' ',39.81221869,-121.4357695
4344,4345,-1.4014878286609993,0.5891152302397884,Butte County,0.42393635194171597,0.0,230,0.0,'AddedNode',' ',39.80932439,-121.4319464
4345,4346,-1.3703433981367805,0.5892476611988157,Butte County,0.4299995748317246,0.0,66,0.0,'AddedNode',' ',39.5304765,-121.4903945
4346,4347,0.45057588572949103,0.4584130129363188,Butte County,0.33452385752183483,1.51665266,66,0.23514158801752608,'AddedNode',' ',39.5316772,-121.4912164
4347,4348,-0.2441219939478193,0.4583979150675623,Butte County,0.3345128399521885,0.821919669,115,0.43386797716362807,'AddedNode',' ',39.55094586,-121.2786849
4348,4349,-1.3703481556932768,0.5892497069481091,Butte County,0.4300010677037109,0.0,115,0.0,'AddedNode',' ',39.55131173,-121.2742899
4349,4350,-1.4014878286609995,0.5891152302397885,Plumas County,0.42393635194171597,0.0,66,0.0,'AddedNode',' ',39.97477541,-120.9462713
4350,4351,0.012726265800195868,0.1412022433779431,Mendocino County,0.0861318610636817,1.1135361,66,0.08514748619001397,'AddedNode',' ',39.35878976,-123.1291541
4351,4352,-1.4149734383198607,0.18150039870982992,Mendocino County,0.11071330561536877,0.0,66,0.0,'AddedNode',' ',39.35897038,-123.1296597
4352,4353,-0.9872117308220529,0.42814994151410063,Colusa County,0.4324005465804933,0.0,230,0.0,'AddedNode',' ',39.36519203,-122.2628211
4353,4354,1.6893182120359362,0.33308299499059435,Colusa County,0.33638979041144496,2.45732822,230,0.10513480596943764,'AddedNode',' ',39.36518356,-122.263665
4354,4355,-1.8400331193632138,0.8083748494288432,Colusa County,0.43848601141066956,0.0,230,0.0,'AddedNode',' ',39.36528079,-122.2630303
4355,4356,-0.9979938145472091,0.43469656113118726,Colusa County,0.4343979598558774,0.0,66,0.0,'AddedNode',' ',39.12309202,-122.1266539
4356,4357,4.830914718370806,0.338172043207081,Colusa County,0.33793974644560465,5.60730367,66,0.0467912388730569,'AddedNode',' ',39.1057576,-122.1105856
4357,4358,-1.1230376136216798,0.4824350414887343,Butte County,0.42101928172787834,0.0,66,0.0,'AddedNode',' ',39.4087502,-121.6878406
4358,4359,-1.1230376136216798,0.4824350414887343,Butte County,0.42101928172787834,0.0,66,0.0,'AddedNode',' ',39.37792435,-121.6877952
4359,4360,-1.1230376136216798,0.4824350414887343,Butte County,0.42101928172787834,0.0,66,0.0,'AddedNode',' ',39.37821335,-121.6877894
4360,4361,-1.3703420909834867,0.5892470991228992,Butte County,0.42999916466055044,0.0,66,0.0,'AddedNode',' ',39.47504818,-121.5767629
4361,4362,-1.1715293885179527,0.50244940491865,Sutter County,0.4294137994406608,0.0,66,0.0,'AddedNode',' ',39.05250402,-121.6898351
4362,4363,-1.1715293885179527,0.50244940491865,Yuba County,0.4294137994406608,0.0,66,0.0,'AddedNode',' ',39.05143613,-121.5479146
4363,4364,-1.2224143120427011,0.5256381541783615,Nevada County,0.43000091411191704,0.0,66,0.0,'AddedNode',' ',39.32973166,-121.1901378
4364,4365,3.0840028124798144,0.4089188619336799,Yuba County,0.3345181148502055,4.03497691,66,0.07884011965110055,'AddedNode',' ',39.33092981,-121.188902
4365,4366,-1.0849847181243202,0.4665434287934576,Nevada County,0.4299963363384023,0.0,66,0.0,'AddedNode',' ',39.32994974,-121.1904623
4366,4367,4.982662817003341,0.3629473191885635,Yuba County,0.33451551967741605,5.82672635,66,0.04845814517806098,'AddedNode',' ',39.33098591,-121.1888726
4367,4368,-1.1715237707227752,0.5024469955400448,Yuba County,0.42941174028721973,0.0,66,0.0,'AddedNode',' ',39.20296809,-121.4149882
4368,4369,3.381153347673159,0.39088195325810193,Placer County,0.3340636948480901,4.29254799,66,0.0709284700811133,'AddedNode',' ',39.04170879,-121.3316846
4369,4370,-1.1715293885179527,0.5024494049186499,Placer County,0.42941379944066077,0.0,66,0.0,'AddedNode',' ',39.03918154,-121.3338044
4370,4371,3.5059378669219585,0.3457030593235578,Nevada County,0.3345188235571687,4.30989847,66,0.06240053147423178,'AddedNode',' ',39.33769604,-120.6354742
4371,4372,-1.033430335872328,0.444375044425101,Nevada County,0.42999855821385713,0.0,66,0.0,'AddedNode',' ',39.31355561,-120.6520684
4372,4373,-1.112851021576131,0.4785259392777363,Nevada County,0.4300310629955635,0.0,115,0.0,'AddedNode',' ',39.1785465,-120.8912121
4373,4374,0.670251772732929,0.3722639332248405,Nevada County,0.3345378834869688,1.53598185,115,0.18855659506649503,'AddedNode',' ',39.17826519,-120.8911581
4374,4375,-1.0334346718769596,0.4443769089070927,Nevada County,0.4300003623758556,0.0,66,0.0,'AddedNode',' ',39.31937555,-120.3780562
4375,4376,0.7936572996181973,0.034301560334508506,Lake County,0.029562999346748366,1.69632994,230,0.015731438824887364,'AddedNode',' ',38.83477417,-122.7679154
4376,4377,-1.1602869030071263,0.0440909023142708,Sonoma County,0.03800000068810312,0.0,230,0.0,'AddedNode',' ',38.82447267,-122.7822875
4377,4378,-1.2967837124721484,0.11382472373828077,Sonoma County,0.07499975700105693,0.0,115,0.0,'AddedNode',' ',38.82638862,-122.8018256
4378,4379,7.6280812174035,0.08855009335443352,Sonoma County,0.058346159480024105,8.63691581,115,0.006815120735627559,'AddedNode',' ',38.82686834,-122.8005625
4379,4380,7.82977333030422,0.3659139484560011,Yolo County,0.2987955832713793,8.74129433,66,0.031157679685201896,'AddedNode',' ',38.5962472,-121.6874338
4380,4381,2.492956912612092,0.33270198694858516,Placer County,0.2843407174901128,3.26869702,66,0.06748086389497637,'AddedNode',' ',38.83740901,-121.3470938
4381,4382,-0.9971526121016692,0.427662115414259,Placer County,0.3654975248435226,0.0,66,0.0,'AddedNode',' ',38.83890571,-121.3168393
4382,4383,-0.8813663972775292,0.33838963181983794,Placer County,0.26428050033068995,0.0,66,0.0,'AddedNode',' ',38.82281351,-121.3069057
4383,4384,3.7429588479669267,0.38371993407149874,Placer County,0.29171258489971125,4.77193359,66,0.06290214985891732,'AddedNode',' ',38.90919485,-121.0904033
4384,4385,-1.2544817216674753,0.4860287567228595,Sacramento County,0.4068347497988071,0.0,115,0.0,'AddedNode',' ',38.60142098,-121.4235792
4385,4386,-1.044025150113827,0.4593710660500838,Sacramento County,0.43999963361654376,0.0,115,0.0,'AddedNode',' ',38.51027779,-121.4712189
4386,4387,-1.5217881766448826,0.5507077480416414,Sacramento County,0.3835140525420456,0.0,230,0.0,'AddedNode',' ',38.53642809,-121.380883
4387,4388,-2.2735735977260196,0.5854002652324656,El Dorado County,0.25415012060006187,0.0,66,0.0,'AddedNode',' ',38.6528573,-120.9654984
4388,4389,-2.203887831773638,0.5819828445526514,El Dorado County,0.26336814962365546,0.0,230,0.0,'AddedNode',' ',38.86376772,-120.4426232
4389,4390,1.2150590667902856,0.4527583427102193,El Dorado County,0.2048894190994931,2.92959174,230,0.11991077072091944,'AddedNode',' ',38.86434224,-120.4443201
4390,4391,-1.7459030034876455,0.6974005785945713,Sonoma County,0.40660476908549203,0.0,115,0.0,'AddedNode',' ',38.2669249,-122.6569342
4391,4392,-1.3934266430866273,0.5893346576054739,Marin County,0.42558893055694347,0.0,115,0.0,'AddedNode',' ',38.07858154,-122.5255948
4392,4393,-1.3861444315316815,0.5897492425721255,Solano County,0.4271726918070787,0.0,115,0.0,'AddedNode',' ',38.19870415,-122.1584801
4393,4394,4.083248152444606,0.3535292457096651,Solano County,0.2208997470129976,5.12874117,230,0.045030375959066386,'AddedNode',' ',38.0724113,-122.1374607
4394,4395,22.391987122738072,0.4525800802056931,Contra Costa County,0.2565791623760363,23.8321694,66,0.015505124865748822,'AddedNode',' ',38.04813879,-122.2582794
4395,4396,-0.0679307332019814,0.447615945501972,Contra Costa County,0.28721371505443405,1.21924626,66,0.3032159279702339,'AddedNode',' ',38.05726597,-122.2189055
4396,4397,-1.4838522208944351,0.6392304036144968,Contra Costa County,0.42006842562958946,0.0,66,0.0,'AddedNode',' ',38.01916382,-122.2352042
4397,4398,3.377179877981099,0.49728775748570664,Contra Costa County,0.3267912229936249,4.53153915,66,0.0832464347741732,'AddedNode',' ',38.01974583,-122.2361329
4398,4399,-1.4838522208944354,0.6392304036144969,Contra Costa County,0.4200684256295895,0.0,66,0.0,'AddedNode',' ',38.03330821,-122.1162857
4399,4400,-1.4838522208944354,0.6392304036144969,Contra Costa County,0.4200684256295895,0.0,66,0.0,'AddedNode',' ',38.03239088,-122.1194761
4400,4401,-0.029318724856225886,0.49728142177019474,Contra Costa County,0.32678705949635495,1.12502584,66,0.33530329045150237,'AddedNode',' ',38.02656768,-122.1162979
4401,4402,-1.4838522208944354,0.6392304036144969,Contra Costa County,0.4200684256295895,0.0,66,0.0,'AddedNode',' ',38.02488564,-122.123368
4402,4403,-1.4838522208944354,0.6392304036144969,Contra Costa County,0.4200684256295895,0.0,66,0.0,'AddedNode',' ',38.02628276,-122.1161445
4403,4404,-1.4838522208944354,0.6392304036144969,Contra Costa County,0.4200684256295895,0.0,66,0.0,'AddedNode',' ',38.02689318,-122.1128864
4404,4405,-1.8350986859846188,0.8074434218332323,Contra Costa County,0.44000019578847155,0.0,115,0.0,'AddedNode',' ',38.01498207,-122.1156192
4405,4406,-2.2735450594585362,0.585392917192635,Contra Costa County,0.2541469304661996,0.0,66,0.0,'AddedNode',' ',38.01816704,-122.063047
4406,4407,0.7020159571155715,0.45878796595243604,Solano County,0.3323135940452322,1.78034949,66,0.20127783556267767,'AddedNode',' ',38.40651063,-121.9514101
4407,4408,-1.386144805285697,0.5897494015895717,Solano County,0.42717280698808385,0.0,66,0.0,'AddedNode',' ',38.40657735,-121.9518451
4408,4409,-1.386149805537506,0.5897515289975459,Solano County,0.42717434793214165,0.0,66,0.0,'AddedNode',' ',38.41692738,-121.8501702
4409,4410,-1.3861527797929818,0.5897527944247799,Solano County,0.42717526451824095,0.0,66,0.0,'AddedNode',' ',38.41706366,-121.915499
4410,4411,-1.8400331193632142,0.8083748494288434,Solano County,0.4384860114106696,0.0,230,0.0,'AddedNode',' ',38.40504978,-121.9208082
4411,4412,-1.7459030034876457,0.6974005785945713,Solano County,0.40660476908549203,0.0,230,0.0,'AddedNode',' ',38.40307739,-121.9207073
4412,4413,-1.3861448052856968,0.5897494015895716,Solano County,0.42717280698808374,0.0,66,0.0,'AddedNode',' ',38.40510495,-121.9211386
4413,4414,-2.2748067986714697,0.6179536561107241,Solano County,0.2681805226561061,0.0,66,0.0,'AddedNode',' ',38.24118067,-121.8561388
4414,4415,8.203934823583879,0.4807381897131557,Solano County,0.20863153361604808,9.97362498,66,0.037018954702898746,'AddedNode',' ',38.22192546,-121.868214
4415,4416,-2.2748067986714697,0.6179536561107241,Solano County,0.2681805226561061,0.0,66,0.0,'AddedNode',' ',38.23184589,-121.8644312
4416,4417,0.8262968228792964,0.4807432779287284,Solano County,0.20863374180803496,2.59600571,230,0.14222656969075995,'AddedNode',' ',38.12573368,-121.8343005
4417,4418,0.7904877703203352,0.48073730773378703,Solano County,0.2086311508532216,2.56017468,230,0.1442135255459794,'AddedNode',' ',38.12037788,-121.7774523
4418,4419,-1.932124028699597,0.5488811899801618,Contra Costa County,0.26337734442659017,0.0,66,0.0,'AddedNode',' ',38.02562069,-121.8511108
4419,4420,-0.013509757252504917,0.4270161466130537,Contra Costa County,0.20490113484538688,1.4896355,66,0.20675941802440884,'AddedNode',' ',38.02439227,-121.8515147
4420,4421,6.0102634671948385,0.6340008946588855,Contra Costa County,0.24351139905760236,7.95006855,230,0.05941642473170035,'AddedNode',' ',38.01862337,-121.7625123
4421,4422,1.5105527245020944,0.6339971107616149,Contra Costa County,0.24350994571246362,3.45034623,230,0.136901916425119,'AddedNode',' ',38.01734865,-121.7582734
4422,4423,-2.073673339081947,0.5633155405608088,Contra Costa County,0.2444685852960405,0.0,66,0.0,'AddedNode',' ',38.01012269,-121.7518043
4423,4424,-2.2328416892996623,0.5749126038609303,San Joaquin County,0.2495969275786514,0.0,66,0.0,'AddedNode',' ',38.13788634,-121.3886364
4424,4425,-1.288070236344193,0.4537985156822404,San Joaquin County,0.19701553678485467,0.474389375,66,0.7319555299707176,'AddedNode',' ',38.14648408,-121.3002206
4425,4426,-2.265218405549484,0.5832489683837057,San Joaquin County,0.25321614023477845,0.0,66,0.0,'AddedNode',' ',38.14578798,-121.2617425
4426,4427,-2.231101862799395,0.5744646329240167,San Joaquin County,0.24940244207120693,0.0,66,0.0,'AddedNode',' ',38.11653132,-121.2605428
4427,4428,-2.2736139509350957,0.5854106553862396,San Joaquin County,0.2541546314603938,0.0,66,0.0,'AddedNode',' ',38.14650171,-121.2435009
4428,4429,0.5688440578268197,0.28935993988689906,San Joaquin County,0.12614826400502277,2.33142207,115,0.09536932813245204,'AddedNode',' ',38.22554916,-121.0239311
4429,4430,0.45093303048600064,0.4554165725065531,Amador County,0.19771801227292693,2.21967684,66,0.15755109209372678,'AddedNode',' ',38.44124344,-120.505658
4430,4431,-2.2735925815795666,0.5854051531995464,Amador County,0.25415224269924236,0.0,66,0.0,'AddedNode',' ',38.44057294,-120.5065643
4431,4432,-2.2735925815795666,0.5854051531995466,Amador County,0.2541522426992424,0.0,66,0.0,'AddedNode',' ',38.42168817,-120.5490551
4432,4433,-1.5576443890777352,0.5984981696002584,Marin County,0.3982136290373085,0.0,115,0.0,'AddedNode',' ',37.85435328,-122.5064489
4433,4434,-1.5576443890777354,0.5984981696002585,Marin County,0.3982136290373085,0.0,115,0.0,'AddedNode',' ',37.85442578,-122.5065396
4434,4435,7.98116460461594,2.21242606298727,Contra Costa County,0.31113013418354396,13.0264904,66,0.12050466729837979,'AddedNode',' ',37.96730258,-122.3831309
4435,4436,-6.485384649540438,2.8439063420380357,Contra Costa County,0.3999342516373246,0.0,66,0.0,'AddedNode',' ',37.96618626,-122.3534073
4436,4437,67.45184014060862,2.4587899421322046,Contra Costa County,0.3422999856698194,73.0399991,115,0.026188756233436777,'AddedNode',' ',37.94258603,-122.3905568
4437,4438,-7.183155825408301,3.1605885631796524,Contra Costa County,0.44000075050999216,0.0,115,0.0,'AddedNode',' ',37.9448277,-122.3902949
4438,4439,-7.183143684726448,3.160583221279637,Contra Costa County,0.4400000068383725,0.0,115,0.0,'AddedNode',' ',37.94452125,-122.3887136
4439,4440,-6.485384649540438,2.8439063420380357,Contra Costa County,0.3999342516373245,0.0,66,0.0,'AddedNode',' ',37.96214319,-122.3457579
4440,4441,-6.485438849333594,2.843930109192002,Contra Costa County,0.3999375939762736,0.0,66,0.0,'AddedNode',' ',37.93858935,-122.3244738
4441,4442,-2.1051297445043855,0.6026978752599935,Contra Costa County,0.28197356827148395,0.0,66,0.0,'AddedNode',' ',37.92514493,-122.3375522
4442,4443,-2.1051297445043855,0.6026978752599935,Contra Costa County,0.28197356827148395,0.0,66,0.0,'AddedNode',' ',37.9253557,-122.3591843
4443,4444,-2.1051297445043855,0.6026978752599935,Contra Costa County,0.28197356827148395,0.0,66,0.0,'AddedNode',' ',37.91593833,-122.3063863
4444,4445,-2.1051297445043855,0.6026978752599936,Contra Costa County,0.28197356827148395,0.0,66,0.0,'AddedNode',' ',37.91449316,-122.3054942
4445,4446,-2.1051297445043855,0.6026978752599936,Contra Costa County,0.28197356827148395,0.0,66,0.0,'AddedNode',' ',37.90985023,-122.306541
4446,4447,-2.1051297445043855,0.6026978752599936,Contra Costa County,0.28197356827148395,0.0,66,0.0,'AddedNode',' ',37.90404144,-122.2911897
4447,4448,-2.105129744504386,0.6026978752599936,Contra Costa County,0.281973568271484,0.0,66,0.0,'AddedNode',' ',37.90333156,-122.2935319
4448,4449,-2.105125542321492,0.6026966721765693,Alameda County,0.2819730054061746,0.0,66,0.0,'AddedNode',' ',37.8907646,-122.2921956
4449,4450,-2.1051255423214923,0.6026966721765693,Alameda County,0.2819730054061746,0.0,66,0.0,'AddedNode',' ',37.88658787,-122.2739288
4450,4451,6.044501384540272,0.4688707934588421,Alameda County,0.21936226443944062,7.68219399,66,0.04676371865342251,'AddedNode',' ',37.87020634,-122.2632674
4451,4452,-2.105125542321492,0.6026966721765693,Alameda County,0.28197300540617454,0.0,66,0.0,'AddedNode',' ',37.88601021,-122.2666635
4452,4453,-2.105125542321492,0.6026966721765693,Alameda County,0.28197300540617454,0.0,66,0.0,'AddedNode',' ',37.87695469,-122.2667722
4453,4454,-2.105125542321492,0.6026966721765693,Alameda County,0.28197300540617454,0.0,66,0.0,'AddedNode',' ',37.88586428,-122.2677645
4454,4455,-2.105125542321492,0.6026966721765693,Alameda County,0.28197300540617454,0.0,66,0.0,'AddedNode',' ',37.87327985,-122.2663287
4455,4456,-3.8165914408253365,1.473762777047217,Alameda County,0.304846872249187,0.0,66,0.0,'AddedNode',' ',37.8581548,-122.2691577
4456,4457,-2.242657217447681,0.6922943702792819,Alameda County,0.2821264278306439,0.0,66,0.0,'AddedNode',' ',37.85475552,-122.2799534
4457,4458,-2.2293392096335234,0.6898953743040521,Alameda County,0.2798282130678171,0.0,66,0.0,'AddedNode',' ',37.82097178,-122.2959393
4458,4459,-2.177123505649629,0.6737366073973147,Alameda County,0.2732740614713478,0.0,66,0.0,'AddedNode',' ',37.80994168,-122.3120079
4459,4460,-2.2242259014811903,0.6883130006453276,Alameda County,0.27918638706083293,0.0,66,0.0,'AddedNode',' ',37.82545966,-122.3002775
4460,4461,19.6149139468601,0.535474959671534,Alameda County,0.21719380458029947,21.3452565,66,0.017606707248687514,'AddedNode',' ',37.82568859,-122.2954781
4461,4462,-2.26900363394644,0.702169999331803,Alameda County,0.2848069192825935,0.0,66,0.0,'AddedNode',' ',37.80878891,-122.3099028
4462,4463,-2.269003633946439,0.702169999331803,Alameda County,0.2848069192825935,0.0,66,0.0,'AddedNode',' ',37.79898824,-122.2883111
4463,4464,-2.1573137200033528,0.5827993907491517,Contra Costa County,0.25564141180752215,0.0,115,0.0,'AddedNode',' ',37.96234075,-122.0501151
4464,4465,-2.1034629023428333,0.5718945129889064,Contra Costa County,0.24991071019705904,0.0,66,0.0,'AddedNode',' ',37.9264642,-122.0715085
4465,4466,-2.1034629023428333,0.5718945129889064,Contra Costa County,0.24991071019705904,0.0,66,0.0,'AddedNode',' ',37.92641112,-122.0736115
4466,4467,-1.985515077347333,0.5398265768923048,Contra Costa County,0.23589742539988337,0.0,66,0.0,'AddedNode',' ',37.90497421,-122.0593328
4467,4468,-1.9855066682811222,0.5398242906153183,Contra Costa County,0.23589642632559193,0.0,66,0.0,'AddedNode',' ',37.90845352,-122.0567465
4468,4469,12.141306631753947,0.6285057255514841,San Francisco County,0.2139274327178366,14.1662802,66,0.030579473980498765,'AddedNode',' ',37.73953452,-122.3929204
4469,4470,-2.3785605604907527,0.5114680060354263,San Mateo County,0.1960110308809858,0.0,66,0.0,'AddedNode',' ',37.6101832,-122.4348289
4470,4471,-2.442083298190924,0.7193208406227937,San Mateo County,0.2658770306774692,0.0,115,0.0,'AddedNode',' ',37.60633447,-122.3911939
4471,4472,-2.4078762382945773,0.6944860764011398,San Mateo County,0.26516378933510565,0.0,115,0.0,'AddedNode',' ',37.6085092,-122.3907895
4472,4473,-2.3498524889771772,0.6523668674533062,San Mateo County,0.26395257057807686,0.0,115,0.0,'AddedNode',' ',37.608443,-122.3906857
4473,4474,-2.4998563176501496,0.7782405779090609,San Mateo County,0.26361840772119816,0.0,115,0.0,'AddedNode',' ',37.53067929,-122.2668917
4474,4475,-2.3785605604907527,0.5114680060354263,San Mateo County,0.1960110308809858,0.0,66,0.0,'AddedNode',' ',37.53371025,-122.3610791
4475,4476,-2.0177110155343616,0.5687590570340678,San Mateo County,0.21429238196559708,0.0,115,0.0,'AddedNode',' ',37.5112724,-122.2069565
4476,4477,-2.0177275036038496,0.5687637047456489,San Mateo County,0.21429413309232304,0.0,115,0.0,'AddedNode',' ',37.49786702,-122.2120925
4477,4478,-3.081956068729066,1.1097880961805424,Alameda County,0.29717926464608846,0.0,66,0.0,'AddedNode',' ',37.72214281,-122.1659167
4478,4479,-3.1466377318119703,1.1330794533997153,Alameda County,0.30341622865284346,0.0,66,0.0,'AddedNode',' ',37.71743095,-122.1628185
4479,4480,-3.146627151393103,1.1330756434742493,Alameda County,0.30341520843028724,0.0,66,0.0,'AddedNode',' ',37.67652283,-122.1350703
4480,4481,-3.146627151393103,1.1330756434742493,Alameda County,0.30341520843028724,0.0,66,0.0,'AddedNode',' ',37.6772638,-122.0919634
4481,4482,-3.1466271513931034,1.1330756434742495,Alameda County,0.30341520843028724,0.0,66,0.0,'AddedNode',' ',37.70094414,-122.1226381
4482,4483,-3.146627151393103,1.1330756434742493,Alameda County,0.30341520843028724,0.0,66,0.0,'AddedNode',' ',37.71476884,-122.1611471
4483,4484,-3.146627151393103,1.1330756434742493,Alameda County,0.30341520843028724,0.0,66,0.0,'AddedNode',' ',37.71499068,-122.1583441
4484,4485,-3.1466271513931034,1.1330756434742495,Alameda County,0.30341520843028724,0.0,66,0.0,'AddedNode',' ',37.71588884,-122.1438489
4485,4486,-3.146627151393103,1.1330756434742493,Alameda County,0.30341520843028724,0.0,66,0.0,'AddedNode',' ',37.71564115,-122.1617208
4486,4487,-3.1466271513931034,1.1330756434742495,Alameda County,0.30341520843028724,0.0,66,0.0,'AddedNode',' ',37.71912218,-122.148077
4487,4488,-3.1466271513931034,1.1330756434742495,Alameda County,0.30341520843028724,0.0,66,0.0,'AddedNode',' ',37.71981854,-122.1490377
4488,4489,-3.146627151393103,1.1330756434742493,Alameda County,0.30341520843028724,0.0,66,0.0,'AddedNode',' ',37.71573082,-122.1588681
4489,4490,-3.1466271513931034,1.1330756434742495,Alameda County,0.30341520843028724,0.0,66,0.0,'AddedNode',' ',37.7166193,-122.1594453
4490,4491,-3.1466271513931034,1.1330756434742495,Alameda County,0.30341520843028724,0.0,66,0.0,'AddedNode',' ',37.69839256,-122.1189686
4491,4492,-3.146627151393103,1.1330756434742493,Alameda County,0.30341520843028724,0.0,66,0.0,'AddedNode',' ',37.67987448,-122.1273531
4492,4493,-3.1466271513931034,1.1330756434742495,Alameda County,0.30341520843028724,0.0,66,0.0,'AddedNode',' ',37.68649388,-122.1020442
4493,4494,-3.1466271513931034,1.1330756434742495,Alameda County,0.30341520843028724,0.0,66,0.0,'AddedNode',' ',37.68548008,-122.1007039
4494,4495,-3.146627151393103,1.1330756434742493,Alameda County,0.30341520843028724,0.0,66,0.0,'AddedNode',' ',37.67074647,-122.0872101
4495,4496,-2.4934659741982848,0.8149579936954866,Contra Costa County,0.3130146390798683,0.0,230,0.0,'AddedNode',' ',37.80118546,-121.908023
4496,4497,-2.4934651697612633,0.8149577307753634,Contra Costa County,0.31301453809570956,0.0,230,0.0,'AddedNode',' ',37.79096362,-121.7287403
4497,4498,-0.5827180468590025,0.4554423224212905,Contra Costa County,0.1977291915366284,1.18612577,66,0.29486928511981875,'AddedNode',' ',37.81677751,-121.6642137
4498,4499,-1.918236567117996,0.5959497629856132,Contra Costa County,0.32741195124128114,0.0,66,0.0,'AddedNode',' ',37.84141534,-121.6150957
4499,4500,-2.2735925815795666,0.5854051531995466,Contra Costa County,0.2541522426992424,0.0,230,0.0,'AddedNode',' ',37.80056101,-121.6433437
4500,4501,-1.9182438065114684,0.5959520120902846,Alameda County,0.3274131868886372,0.0,66,0.0,'AddedNode',' ',37.78167813,-121.6307065
4501,4502,-2.2735925815795666,0.5854051531995463,Alameda County,0.2541522426992424,0.0,230,0.0,'AddedNode',' ',37.76494252,-121.6138341
4502,4503,-2.108740118938507,0.477399107061487,Alameda County,0.23867560912693353,0.0,115,0.0,'AddedNode',' ',37.51265359,-121.9444145
4503,4504,0.8819424668872708,0.46361511528112476,Alameda County,0.25470792833054445,2.37422172,115,0.16009261218071721,'AddedNode',' ',37.68250451,-121.7066549
4504,4505,-2.2735925815795666,0.5854051531995464,Alameda County,0.2541522426992424,0.0,230,0.0,'AddedNode',' ',37.74716447,-121.5986823
4505,4506,-2.2595467511676652,0.20503209323829402,San Joaquin County,0.09021303020924482,0.0,115,0.0,'AddedNode',' ',37.72224998,-121.5494943
4506,4507,-3.110344844405147,1.3685517315382647,San Joaquin County,0.43999999476142176,0.0,115,0.0,'AddedNode',' ',37.653719,-121.5274321
4507,4508,-2.2328232006014703,0.5749078433865669,San Joaquin County,0.2495948608301283,0.0,66,0.0,'AddedNode',' ',37.96967884,-121.2695952
4508,4509,-2.1346243969770846,0.2743107538697054,San Joaquin County,0.12184729031379325,0.0,66,0.0,'AddedNode',' ',37.96803477,-121.2689869
4509,4510,-2.241111512117905,0.22614991414460658,San Joaquin County,0.10302674973089249,0.0,115,0.0,'AddedNode',' ',37.94336883,-121.2994499
4510,4511,-2.232822253680348,0.5749075995730933,San Joaquin County,0.24959475497909378,0.0,66,0.0,'AddedNode',' ',37.94468364,-121.3258168
4511,4512,-2.2328222536803475,0.5749075995730931,San Joaquin County,0.24959475497909375,0.0,66,0.0,'AddedNode',' ',37.9383715,-121.3289081
4512,4513,-2.259535777686432,0.20503109750061954,San Joaquin County,0.0902125920899656,0.0,66,0.0,'AddedNode',' ',37.91110684,-121.2586589
4513,4514,0.10646142572230577,0.5033932328257236,San Joaquin County,0.1795573867367984,2.08386684,66,0.17038408687711495,'AddedNode',' ',37.80679693,-121.27742
4514,4515,-2.541792137818415,0.6470706270897928,San Joaquin County,0.23080626289350356,0.0,66,0.0,'AddedNode',' ',37.80731473,-121.2815199
4515,4516,-2.5417280853995496,0.6470543210991395,San Joaquin County,0.23080044664314717,0.0,66,0.0,'AddedNode',' ',37.8093093,-121.275263
4516,4517,1.5816368688124243,1.0646788025225336,San Joaquin County,0.342302491558693,4.00136142,115,0.20699898255060586,'AddedNode',' ',37.71037213,-121.4916088
4517,4518,-2.2735738203977327,0.5854003225660307,Stanislaus County,0.25415014549129167,0.0,115,0.0,'AddedNode',' ',37.86120166,-120.8808031
4518,4519,1.3552917490584304,0.4554205329201453,Stanislaus County,0.19771973167698575,3.12405094,115,0.11194394693006175,'AddedNode',' ',37.86066846,-120.8791404
4519,4520,-0.8838736378292282,0.5305118900515255,Tuolumne County,0.20731971318143694,1.00882804,115,0.38896060916940817,'AddedNode',' ',37.87454027,-120.4774446
4520,4521,-2.37855920845834,0.511467715304413,San Mateo County,0.19601091946348762,0.0,66,0.0,'AddedNode',' ',37.48501899,-122.3139211
4521,4522,-2.0950640825531535,0.5403706728683704,San Mateo County,0.22379066612418738,0.0,66,0.0,'AddedNode',' ',37.48021044,-122.1679249
4522,4523,-2.0950640825531535,0.5403706728683704,San Mateo County,0.22379066612418738,0.0,66,0.0,'AddedNode',' ',37.48281302,-122.1671344
4523,4524,-2.2194090943031237,0.4772452561838076,Santa Clara County,0.1828957697134412,0.0,66,0.0,'AddedNode',' ',37.42758183,-122.1765
4524,4525,-2.1689094574783456,0.49399090683596525,Santa Clara County,0.19006176535605482,0.0,115,0.0,'AddedNode',' ',37.43913036,-122.1155843
4525,4526,-2.4051282827223694,0.7271196313123418,Santa Clara County,0.2843483303522848,0.0,115,0.0,'AddedNode',' ',37.38813746,-122.0123168
4526,4527,4.202081881173137,0.501447907449006,Santa Clara County,0.19609685820808578,5.86074504,66,0.05549783040407558,'AddedNode',' ',37.45470315,-121.9323604
4527,4528,-2.1320791948776763,0.6445712892924818,Santa Clara County,0.2520668704440545,0.0,66,0.0,'AddedNode',' ',37.4545993,-121.9323578
4528,4529,-2.2893260061337415,0.5421986635036717,Alameda County,0.2322760021180571,0.0,230,0.0,'AddedNode',' ',37.48918643,-121.9579837
4529,4530,-2.405121926223937,0.7271177096124352,Santa Clara County,0.2843475788498684,0.0,115,0.0,'AddedNode',' ',37.41618594,-121.886984
4530,4531,8.768294305447926,1.0743971931433087,Santa Clara County,0.3374194167515772,11.2341932,115,0.07406336636333795,'AddedNode',' ',37.43087461,-121.9474244
4531,4532,-3.7539335396011015,1.3012344970809473,Santa Clara County,0.27857994860516216,0.0,115,0.0,'AddedNode',' ',37.4214308,-121.9377141
4532,4533,-2.2205230138133203,0.4363856791760681,Santa Clara County,0.16277961916101918,0.0,66,0.0,'AddedNode',' ',37.23944286,-121.903717
4533,4534,-2.239442176814787,0.054310376103041014,Merced County,0.028016032634616293,0.0,230,0.0,'AddedNode',' ',37.0417163,-121.0107042
4534,4535,-1.9905780992290178,0.3917996297863507,Merced County,0.21052590567583065,0.0,66,0.0,'AddedNode',' ',37.36090037,-120.4686815
4535,4536,0.8562791828309511,0.3048052192451834,Merced County,0.1637811522979338,2.40487328,66,0.10546523502316317,'AddedNode',' ',37.36856703,-120.432527
4536,4537,-2.2394461278628293,0.05431047192284265,Merced County,0.028016082063305286,0.0,66,0.0,'AddedNode',' ',37.18590032,-120.4883646
4537,4538,-1.9894835441177436,0.4537931391628361,Fresno County,0.2440246929466604,0.0,115,0.0,'AddedNode',' ',37.09170706,-119.5521903
4538,4539,-2.2377131262563856,0.38959255232669937,Santa Cruz County,0.1692703724740062,0.0,66,0.0,'AddedNode',' ',36.97640964,-121.9842079
4539,4540,-2.2377131262563856,0.38959255232669937,Santa Cruz County,0.1692703724740062,0.0,66,0.0,'AddedNode',' ',36.97580308,-121.9807603
4540,4541,-2.2377131262563856,0.38959255232669937,Santa Cruz County,0.1692703724740062,0.0,66,0.0,'AddedNode',' ',36.97380603,-121.9733234
4541,4542,-2.2695534192868627,0.39513604263518515,Santa Cruz County,0.17167891099385083,0.0,115,0.0,'AddedNode',' ',36.97904093,-121.8678213
4542,4543,-2.237713126256386,0.3895925523266994,Santa Cruz County,0.1692703724740062,0.0,66,0.0,'AddedNode',' ',36.98709031,-121.9510972
4543,4544,-2.237713126256386,0.3895925523266994,Santa Cruz County,0.16927037247400623,0.0,66,0.0,'AddedNode',' ',36.98802215,-121.9811357
4544,4545,-2.2695534192868623,0.39513604263518515,Monterey County,0.1716789109938508,0.0,115,0.0,'AddedNode',' ',36.76334319,-121.7342424
4545,4546,-2.269557533256118,0.39513675888954486,Monterey County,0.1716792221924133,0.0,115,0.0,'AddedNode',' ',36.76327503,-121.7339777
4546,4547,-2.026126883435194,0.3527547542145565,Monterey County,0.15326506700724318,0.0,66,0.0,'AddedNode',' ',36.80064485,-121.768903
4547,4548,-2.186149611494083,0.3806151900868896,Monterey County,0.1653698835116494,0.0,66,0.0,'AddedNode',' ',36.76302564,-121.7349931
4548,4549,-2.2695462957446693,0.39513480240516985,Monterey County,0.17167837213807596,0.0,115,0.0,'AddedNode',' ',36.78458391,-121.6717475
4549,4550,-1.9358158035964999,0.33810688947914214,Monterey County,0.1475412094276773,0.0,66,0.0,'AddedNode',' ',36.59959074,-121.8925039
4550,4551,-0.6683442983574596,0.2630414260005794,Monterey County,0.11478455875741787,0.837687567,66,0.20636477124611183,'AddedNode',' ',36.61893269,-121.9355511
4551,4552,-1.9358357666345898,0.3381103761955438,Monterey County,0.14754273094164475,0.0,66,0.0,'AddedNode',' ',36.61686479,-121.9191169
4552,4553,-1.93583576663459,0.3381103761955439,Monterey County,0.1475427309416448,0.0,66,0.0,'AddedNode',' ',36.61875705,-121.9258596
4553,4554,-2.062520332643492,0.36878227174233014,Monterey County,0.16599858393754396,0.0,66,0.0,'AddedNode',' ',36.56608737,-121.9130365
4554,4555,-2.3148150808748795,0.6193582488045244,Fresno County,0.2611893440550586,0.0,500,0.0,'AddedNode',' ',36.71383749,-120.7027077
4555,4556,-2.2419138938001653,0.04104872483390025,Madera County,0.02167019948439665,0.0,66,0.0,'AddedNode',' ',36.92385645,-120.10338
4556,4557,15.96385245188025,0.3530293363110393,Madera County,0.18983952810170615,17.5115754,115,0.016778558604340937,'AddedNode',' ',36.86188982,-120.3395772
4557,4558,-2.2140155823689516,0.01161932530347042,Fresno County,0.0064742020140332,0.0,115,0.0,'AddedNode',' ',36.53228579,-120.4787595
4558,4559,1.3819803473536028,0.02005099860624163,Fresno County,0.011172267938925333,3.12829472,66,0.006236718027897912,'AddedNode',' ',36.61712351,-120.1002188
4559,4560,-2.2437024952441464,0.03132808745590528,Madera County,0.01701875613907352,0.0,66,0.0,'AddedNode',' ',36.92310528,-119.9767447
4560,4561,-2.2447206544338947,0.025773647298824278,Madera County,0.014360885412270121,0.0,115,0.0,'AddedNode',' ',36.88011385,-119.8247335
4561,4562,-2.1670234737271734,0.024881536412914036,Fresno County,0.01386380783302583,0.0,115,0.0,'AddedNode',' ',36.74869532,-119.6999611
4562,4563,-2.24472450647567,0.025773691527564226,Fresno County,0.014360910056196491,0.0,66,0.0,'AddedNode',' ',36.70376253,-119.88042
4563,4564,-1.9541082168483308,0.4637680392109414,Fresno County,0.24796687359617683,0.0,66,0.0,'AddedNode',' ',36.71408872,-119.7728306
4564,4565,-1.918399640429263,0.8440958417888756,Fresno County,0.42187631115138685,0.0,66,0.0,'AddedNode',' ',36.69235134,-119.5655396
4565,4566,2.4906786803592285,0.020050450885330497,Fresno County,0.01117196275288971,4.23694535,66,0.004604549876915325,'AddedNode',' ',36.54611872,-119.9011975
4566,4567,-2.2447245064756696,0.025773691527564226,Fresno County,0.014360910056196491,0.0,66,0.0,'AddedNode',' ',36.54701568,-119.8812531
4567,4568,4.320379345720672,0.6566708518829044,Tulare County,0.32820192082203126,5.8128131,66,0.08426550388384428,'AddedNode',' ',36.5698856,-119.4186332
4568,4569,-2.1914557601743083,0.001221433101862766,Fresno County,0.0006805734792298879,0.0,66,0.0,'AddedNode',' ',36.23823057,-120.3677674
4569,4570,-1.4538516882245551,0.378984974726731,Fresno County,0.3210692255885406,0.0,66,0.0,'AddedNode',' ',36.18995103,-120.3546741
4570,4571,3.645762356876216,0.29483130433143256,Fresno County,0.2497757559629069,4.77678606,66,0.05914066422721673,'AddedNode',' ',36.19003365,-120.3558483
4571,4572,-2.244720686625945,0.025773647668450025,Kings County,0.01436088561822285,0.0,66,0.0,'AddedNode',' ',36.30549752,-119.8095445
4572,4573,-1.8590012207617914,0.7359918779127949,Kings County,0.3975144949243927,0.0,66,0.0,'AddedNode',' ',36.30552465,-119.7989253
4573,4574,-1.8590012207617914,0.7359918779127949,Kings County,0.3975144949243927,0.0,66,0.0,'AddedNode',' ',36.30544359,-119.7930752
4574,4575,-1.806148157281744,0.7812247963084158,Kings County,0.4219113582816117,0.0,66,0.0,'AddedNode',' ',36.28395942,-119.6550088
4575,4576,1.3048386301041106,0.5603141500302417,Kern County,0.31194607681176284,2.73238616,66,0.1629776412764971,'AddedNode',' ',35.5790893,-119.5444026
4576,4577,1.3137730352624424,0.5603053991533509,Kern County,0.31194120489890004,2.74129827,115,0.16244271797086088,'AddedNode',' ',35.5382395,-119.5454659
4577,4578,-1.8349772373475624,0.7202308081078214,Kern County,0.4009771571467083,0.0,115,0.0,'AddedNode',' ',35.53758268,-119.5459799
4578,4579,-1.7947115931057704,0.789673100966539,Kern County,0.44000000406034107,0.0,115,0.0,'AddedNode',' ',35.50127731,-119.4480856
4579,4580,1.5847171162192155,0.6143259600635452,Kern County,0.3422978756544811,2.98091248,115,0.16032497103732413,'AddedNode',' ',35.50126845,-119.448768
4580,4581,-1.945167643574092,0.5302677726334213,Kern County,0.29422804267560937,0.0,115,0.0,'AddedNode',' ',35.6016297,-119.4026445
4581,4582,-1.9451678379430468,0.5302678256199046,Kern County,0.2942280720760558,0.0,115,0.0,'AddedNode',' ',35.60162296,-119.3262078
4582,4583,9.66868027695351,0.3809838693679649,Kern County,0.21178900152287744,11.1966327,66,0.02890186065061128,'AddedNode',' ',35.63141118,-118.9854645
4583,4584,-1.0910809535300112,0.4800756195532049,Kern County,0.44000255045389647,0.0,66,0.0,'AddedNode',' ',35.36490526,-119.6833757
4584,4585,7.862526527720742,0.37347575860287385,Kern County,0.3423008368367188,8.71133507,66,0.03335285257674581,'AddedNode',' ',35.37463873,-119.6801675
4585,4586,1.468132428916826,0.4009291620765966,Kern County,0.3422964407818676,2.37933507,66,0.13108764074738244,'AddedNode',' ',35.31614055,-119.6600786
4586,4587,-1.0910809535300112,0.4800756195532049,Kern County,0.44000255045389647,0.0,66,0.0,'AddedNode',' ',35.27251795,-119.6151638
4587,4588,-1.7947115931057698,0.7896731009665388,Kern County,0.44000000406034095,0.0,115,0.0,'AddedNode',' ',35.21019136,-119.5817611
4588,4589,-1.794711593105771,0.7896731009665393,Kern County,0.4400000040603413,0.0,115,0.0,'AddedNode',' ',35.28493795,-119.308854
4589,4590,0.3993039827145022,0.6167433370814097,Kern County,0.3330808498254888,1.82518018,115,0.2602110524440332,'AddedNode',' ',35.41743445,-119.0111951
4590,4591,2.931380474989197,0.5509968368773066,Kern County,0.334804456633314,4.20331637,115,0.10131281319695182,'AddedNode',' ',35.42346579,-119.0070944
4591,4592,-1.6349691036970972,0.7082611694998784,Kern County,0.4303636248672061,0.0,115,0.0,'AddedNode',' ',35.42657139,-119.01217
4592,4593,-1.855156361687373,0.8024226279203306,Kern County,0.43335954319620956,0.0,115,0.0,'AddedNode',' ',35.41572599,-118.9632261
4593,4594,-1.855156361687373,0.8024226279203306,Kern County,0.43335954319620956,0.0,115,0.0,'AddedNode',' ',35.36036607,-118.9261301
4594,4595,-1.8530044211815637,0.7422092487818301,Kern County,0.40698331406244653,0.0,115,0.0,'AddedNode',' ',35.37747945,-119.0783957
4595,4596,-1.4481960239826475,0.3111670661753312,Kern County,0.29465299413063667,0.0,66,0.0,'AddedNode',' ',35.09768936,-119.4463805
4596,4597,12.113447070070773,0.24207429556517607,Kern County,0.22922707363302122,13.2400799,66,0.01950552780754487,'AddedNode',' ',35.09868662,-119.4419753
4597,4598,2.677210657467412,0.3076288523143388,Kern County,0.3423063186484753,3.37636714,66,0.07088260007617159,'AddedNode',' ',35.11509142,-119.4750277
4598,4599,-0.8986975952111067,0.39542694189288696,Kern County,0.4400014490041045,0.0,66,0.0,'AddedNode',' ',35.11584802,-119.4816954
4599,4600,-1.832130767677814,0.1590228130709045,Kern County,0.15151942852860395,0.0,66,0.0,'AddedNode',' ',35.09396163,-119.2965141
4600,4601,3.8233342085757234,0.6143341342266816,Kern County,0.34230243023764817,5.21954815,115,0.09156490400059154,'AddedNode',' ',35.21491696,-119.6028783
4601,4602,-1.7947115931057698,0.7896731009665388,Kern County,0.44000000406034095,0.0,115,0.0,'AddedNode',' ',35.20939058,-119.5982028
4602,4603,-0.2023406856867731,0.10059040863706344,Kern County,0.09612253357888738,1.28134379,66,0.11130151950451625,'AddedNode',' ',35.22476541,-119.5588376
4603,4604,-1.907212970747043,0.12930467038589843,Kern County,0.12356140798592877,0.0,66,0.0,'AddedNode',' ',35.22497199,-119.55931
4604,4605,-1.9072129707470435,0.12930467038589843,Kern County,0.12356140798592877,0.0,66,0.0,'AddedNode',' ',35.22391936,-119.5718271
4605,4606,-1.8180828722082782,0.786386994769207,Kern County,0.42469927563216625,0.0,66,0.0,'AddedNode',' ',35.36174305,-118.9141569
4606,4607,-1.8180828722082787,0.7863869947692073,Kern County,0.42469927563216625,0.0,66,0.0,'AddedNode',' ',35.25246803,-118.8784467
4607,4608,-1.901717710280007,0.09619581872493671,Kern County,0.04898617300510844,0.0,115,0.0,'AddedNode',' ',34.98990817,-117.8911379
4608,4609,-2.243202367726772,0.0,Santa Barbara County,0.0,0.0,115,0.0,'AddedNode',' ',34.64204569,-120.4358684
4609,4610,-2.166585543046274,0.1503477264698429,Kern County,0.08377263981288512,0.0,230,0.0,'AddedNode',' ',35.02658826,-119.004119
4610,4611,-1.8627216481013487,0.6727645314724916,Kern County,0.37485941488602503,0.0,115,0.0,'AddedNode',' ',35.3868522,-119.1639392
4611,4612,-1.9252826895554191,0.5729490562276327,Kern County,0.31737779073368894,0.0,115,0.0,'AddedNode',' ',35.38767742,-119.0962289
4612,4613,-1.8862004958102265,0.6298000650680322,Kern County,0.3509199323719644,0.0,115,0.0,'AddedNode',' ',35.38611722,-119.0974475
4613,4614,-1.8627216481013487,0.6727645314724916,Kern County,0.37485941488602503,0.0,115,0.0,'AddedNode',' ',35.3862396,-119.0974463
4614,4615,-1.8551584508674153,0.8024235315667154,Kern County,0.4333600312230561,0.0,115,0.0,'AddedNode',' ',35.37599758,-119.0947573
4615,4616,0.39154508503053753,0.12371575051722997,Kern County,0.11787830598871321,1.81689676,115,0.09247528235097695,'AddedNode',' ',35.31739482,-119.067831
4616,4617,19.588893368669034,0.020050722566377514,Fresno County,0.011172114131557217,21.3351837,115,0.0009144404455474383,'AddedNode',' ',36.82413778,-119.7687253
4617,4618,-1.8012172415324839,0.7790919958311684,Kings County,0.42075950960687525,0.0,66,0.0,'AddedNode',' ',36.31361259,-119.5923096
4618,4619,-2.371736529418599,0.7492453765595785,Contra Costa County,0.3006382143837898,0.0,66,0.0,'AddedNode',' ',38.04170659,-122.0294692
4619,4620,-1.8395555180599146,0.7236614898282817,Kings County,0.3908571273974285,0.0,66,0.0,'AddedNode',' ',36.0689464,-119.5720651
4620,4621,4.458154378590958,0.48073896255847065,Solano County,0.20863186901670225,6.22784738,230,0.05928442621369214,'AddedNode',' ',38.1739069,-121.8015512
4621,4622,-2.274794204794559,0.6179502349708339,Solano County,0.26817903794430803,0.0,230,0.0,'AddedNode',' ',38.17136053,-121.7947543
4622,4623,10.596543090071016,0.48073437397017144,Solano County,0.20862987765376392,12.3662192,230,0.029856118861395626,'AddedNode',' ',38.17616223,-121.7922653
4623,4624,-2.274794204794559,0.6179502349708339,Solano County,0.26817903794430803,0.0,230,0.0,'AddedNode',' ',38.16679444,-121.795575
4624,4625,-0.0573250545403543,0.48074795505886014,Solano County,0.20863577159650024,1.71240105,230,0.21562015004326554,'AddedNode',' ',38.16936585,-121.8012367
4625,4626,-2.274794204794559,0.6179502349708339,Solano County,0.26817903794430803,0.0,230,0.0,'AddedNode',' ',38.15959438,-121.7939206
4626,4627,-2.274794204794559,0.6179502349708339,Solano County,0.26817903794430803,0.0,230,0.0,'AddedNode',' ',38.14036323,-121.825613
4627,4628,-2.273592581579566,0.5854051531995463,San Joaquin County,0.25415224269924236,0.0,230,0.0,'AddedNode',' ',38.2154664,-121.0332634
4628,4629,-2.2447169181009894,0.025773604398641445,Kings County,0.01436086150860594,0.0,66,0.0,'AddedNode',' ',36.00520629,-119.9506598
4629,4630,-1.024424686616647,0.45074686211132475,Shasta County,0.43929127397240675,0.0,66,0.0,'AddedNode',' ',40.40911963,-122.1412181
4630,4631,-2.259535777686432,0.20503109750061954,San Joaquin County,0.0902125920899656,0.0,66,0.0,'AddedNode',' ',37.91188373,-121.2564664
4631,4632,-0.9925024304274048,0.431362055009064,Glenn County,0.4333810592423726,0.0,66,0.0,'AddedNode',' ',39.55778203,-122.0045866
4632,4633,-1.3703641961275532,0.5892566043348478,Butte County,0.43000610102596304,0.0,66,0.0,'AddedNode',' ',39.47451736,-121.5749616
4633,4634,-2.259547287904008,0.20503214194194477,Stanislaus County,0.09021305163859203,0.0,230,0.0,'AddedNode',' ',37.25343405,-121.1191006
4634,4635,-1.9906227714608404,0.39180842249028763,Mariposa County,0.2105306302641635,0.0,66,0.0,'AddedNode',' ',37.59345511,-119.985739
4635,4636,-0.7771068818528647,0.3419270280152605,El Dorado County,0.44000020775068693,0.0,66,0.0,'AddedNode',' ',38.64608183,-121.0701653
4636,4637,0.0,0.0,Butte County,0.0,0.0,115,0.0,'AddedNode',' ',39.57251947,-121.1283354
4637,4638,-1.9182438065114684,0.5959520120902847,Alameda County,0.3274131868886372,0.0,66,0.0,'AddedNode',' ',37.77748797,-121.6262166
4638,4639,-0.8892109313606312,0.39125280979867777,Trinity County,0.4373258809218622,0.0,66,0.0,'AddedNode',' ',40.72286071,-122.9387232
4639,4640,-2.147891934971733,0.4101018143737059,San Joaquin County,0.18001807553045013,0.0,66,0.0,'AddedNode',' ',37.96202503,-121.2774079
4640,4641,1.1669371937936552,0.009039116168358239,Fresno County,0.005036528591275957,2.88930433,66,0.0030023667760112156,'AddedNode',' ',36.37866973,-120.1244412
4641,4642,-2.1122363569728,0.20577855778494492,San Joaquin County,0.09272251879305583,0.0,66,0.0,'AddedNode',' ',37.94891081,-121.2613113
4642,4643,12.51323115590202,0.16008664390132343,San Joaquin County,0.07213403090894674,14.1564579,66,0.008373038622123944,'AddedNode',' ',37.95023154,-121.2541419
4643,4644,-3.509282856922805,1.429662442202882,Santa Clara County,0.27420497238886404,0.0,66,0.0,'AddedNode',' ',37.36342811,-121.9456714
4644,4645,-0.8991452889633619,0.38663247425424563,Shasta County,0.4300000472128654,0.0,66,0.0,'AddedNode',' ',41.05141583,-121.408208
4645,4646,-0.8991273458912028,0.3866247587332172,Shasta County,0.42999146626163287,0.0,230,0.0,'AddedNode',' ',40.96150412,-121.5488622
4646,4647,-0.8991273458912028,0.3866247587332172,Shasta County,0.4299914662616329,0.0,66,0.0,'AddedNode',' ',40.91549164,-121.6408063
4647,4648,0.4144136507279099,0.30078527488699874,Shasta County,0.33452358768315205,1.11391429,66,0.21006954084048776,'AddedNode',' ',40.88771601,-121.6709977
4648,4649,-0.8992311113090783,0.3866693778629037,Shasta County,0.43004109020465214,0.0,66,0.0,'AddedNode',' ',40.90146299,-121.668498
4649,4650,-1.4014958644296716,0.5891186080741262,Shasta County,0.423938782683094,0.0,66,0.0,'AddedNode',' ',40.92869861,-121.5447071
4650,4651,-1.4014958644296716,0.5891186080741262,Lassen County,0.423938782683094,0.0,66,0.0,'AddedNode',' ',40.74476882,-121.2782151
4651,4652,-0.8991273458912027,0.38662475873321717,Shasta County,0.4299914662616328,0.0,230,0.0,'AddedNode',' ',40.85873896,-121.7516919
4652,4653,-0.8199712499391516,0.3551231999600342,Shasta County,0.4320962376157467,0.0,66,0.0,'AddedNode',' ',40.5719087,-122.0205281
4653,4654,0.37059212697170985,0.2762564818322068,Shasta County,0.3361351396644695,1.00846195,66,0.21261135539260034,'AddedNode',' ',40.57078197,-122.0209196
4654,4655,-0.8199592458689875,0.3551180010901842,Shasta County,0.432089911889626,0.0,66,0.0,'AddedNode',' ',40.57558967,-122.3529012
4655,4656,1.236565083908192,0.27627271112589197,Shasta County,0.3361548866614028,1.87447238,66,0.11439787382635301,'AddedNode',' ',40.56279972,-122.3952855
4656,4657,-0.8892109313606312,0.39125280979867777,Trinity County,0.4373258809218622,0.0,66,0.0,'AddedNode',' ',40.6472684,-123.4967287
4657,4658,-0.8892221839191443,0.3912577609244234,Humboldt County,0.4373314150812959,0.0,66,0.0,'AddedNode',' ',40.8493087,-124.0783124
4658,4659,-0.8892109313606313,0.3912528097986778,Humboldt County,0.43732588092186225,0.0,115,0.0,'AddedNode',' ',40.48250023,-123.778865
4659,4660,-0.8946500065797791,0.3936460028951028,Humboldt County,0.4400008911783988,0.0,66,0.0,'AddedNode',' ',40.78039871,-124.171608
4660,4661,-1.8349772373475624,0.7202308081078214,Kern County,0.4009771571467083,0.0,115,0.0,'AddedNode',' ',35.57806008,-119.5449839
4661,4662,-1.4819710180640908,0.3998651132535905,Sacramento County,0.31558692915280645,0.0,66,0.0,'AddedNode',' ',38.65778139,-121.106148
4662,4663,-0.8892128000671823,0.39125363202956015,Trinity County,0.4373267999768466,0.0,115,0.0,'AddedNode',' ',40.71272285,-122.9258217
4663,4664,-2.274794204794559,0.6179502349708339,Solano County,0.26817903794430803,0.0,230,0.0,'AddedNode',' ',38.12453587,-121.8309208
4664,4665,-1.8089108668284326,0.7651901115683429,Kings County,0.42624187119134166,0.0,115,0.0,'AddedNode',' ',36.13834535,-119.5773091
4665,4666,-1.4014878286609993,0.5891152302397884,Plumas County,0.4239363519417159,0.0,66,0.0,'AddedNode',' ',39.93453641,-120.888431
4666,4667,-1.401487828660999,0.5891152302397883,Plumas County,0.42393635194171586,0.0,66,0.0,'AddedNode',' ',39.80158709,-120.6447341
4667,4668,-1.4014878286609993,0.5891152302397884,Plumas County,0.4239363519417159,0.0,66,0.0,'AddedNode',' ',39.81765653,-120.4734811
4668,4669,-1.4014810119256862,0.5891123648259678,Plumas County,0.4239342899459984,0.0,66,0.0,'AddedNode',' ',39.81821394,-120.3752851
4669,4670,-1.4015016484618394,0.589121039391311,Plumas County,0.423940532296217,0.0,66,0.0,'AddedNode',' ',39.75696356,-120.371109
4670,4671,-1.4014714761981482,0.5891083564841121,Plumas County,0.4239314054817434,0.0,66,0.0,'AddedNode',' ',39.80419873,-120.4646128
4671,4672,-0.13950333725390973,0.45831487487810746,Lassen County,0.3298104108042905,0.950814288,66,0.37820014742158614,'AddedNode',' ',40.31286586,-120.4924678
4672,4673,-1.4014907002834733,0.5891164373259294,Lassen County,0.42393722057941,0.0,66,0.0,'AddedNode',' ',40.09048899,-120.172141
4673,4674,0.0,0.0,Lassen County,0.0,0.0,66,0.0,'AddedNode',' ',40.09058729,-120.1721523
4674,4675,-0.7369346129129493,0.321627559811169,Shasta County,0.43057455313849113,0.0,115,0.0,'AddedNode',' ',40.63320553,-122.3924281
4675,4676,-0.6481195403418577,0.28488827994534577,Shasta County,0.41332036090165386,0.0,115,0.0,'AddedNode',' ',40.58355061,-122.4381005
4676,4677,-0.7369346129129493,0.321627559811169,Shasta County,0.43057455313849113,0.0,115,0.0,'AddedNode',' ',40.63292428,-122.3920911
4677,4678,-0.6722593204013328,0.2957941009765864,Shasta County,0.4337639741885545,0.0,115,0.0,'AddedNode',' ',40.5272494,-122.3824824
4678,4679,-0.8199592458689877,0.35511800109018427,Shasta County,0.4320899118896261,0.0,115,0.0,'AddedNode',' ',40.59984772,-122.3807423
4679,4680,3.746550577745526,0.24221090844114562,Shasta County,0.3371000156202482,4.29965584,115,0.04336435274913179,'AddedNode',' ',40.58708774,-122.3950197
4680,4681,-0.7109815752301052,0.3113466910791584,Shasta County,0.43332059279072355,0.0,115,0.0,'AddedNode',' ',40.58692661,-122.3956917
4681,4682,-0.7110087638180679,0.3113585972623736,Shasta County,0.43333716336788564,0.0,115,0.0,'AddedNode',' ',40.58685908,-122.3959623
4682,4683,-0.7369346129129493,0.321627559811169,Shasta County,0.43057455313849113,0.0,115,0.0,'AddedNode',' ',40.63417349,-122.3924072
4683,4684,-0.6722593204013328,0.2957941009765864,Shasta County,0.4337639741885545,0.0,115,0.0,'AddedNode',' ',40.52699833,-122.383419
4684,4685,-0.666972093807452,0.2934055338257214,Shasta County,0.42928776422282705,0.0,115,0.0,'AddedNode',' ',40.5883012,-122.439212
4685,4686,-0.6722500406912064,0.29579001790413084,Shasta County,0.4337579866122999,0.0,115,0.0,'AddedNode',' ',40.58038974,-122.3932378
4686,4687,-2.0928316942681913,0.8964855327149569,Riverside County,0.425718684811626,0.0,66,0.0,'AddedNode',' ',34.01898012,-117.3669027
4687,4688,-1.9347317622544842,0.7959678452544305,Riverside County,0.37601292247944584,0.0,66,0.0,'AddedNode',' ',33.96123227,-117.4276149
4688,4689,-2.0606344665854843,0.8380591965431556,Riverside County,0.39528891474530437,0.0,66,0.0,'AddedNode',' ',33.97817137,-117.3696241
4689,4690,0.7850345915226968,0.6394594573972634,Riverside County,0.30161501237719435,2.35734858,66,0.2011724134134705,'AddedNode',' ',33.91579234,-117.4350212
4690,4691,-2.0210982867392477,0.8219798483357921,Riverside County,0.38770473915374953,0.0,66,0.0,'AddedNode',' ',33.95682523,-117.3791601
4691,4692,-2.0606344665854843,0.8380591965431556,Riverside County,0.39528891474530437,0.0,66,0.0,'AddedNode',' ',34.00356285,-117.3438634
4692,4693,-2.0912807043866293,0.8505230089490771,Riverside County,0.4011677439495515,0.0,66,0.0,'AddedNode',' ',34.00832783,-117.330916
4693,4694,0.998206571985869,0.6567562851090136,Riverside County,0.3097734387543722,2.6130503,66,0.19143745326213868,'AddedNode',' ',33.95545083,-117.3236107
4694,4695,-2.0606344665854843,0.8380591965431555,Riverside County,0.39528891474530437,0.0,66,0.0,'AddedNode',' ',34.0018211,-117.3485357
4695,4696,-2.0757909720289467,0.8442233411211105,Riverside County,0.3981963680977686,0.0,66,0.0,'AddedNode',' ',33.99760892,-117.3353312
4696,4697,-2.0606344665854843,0.8380591965431556,Riverside County,0.39528891474530437,0.0,66,0.0,'AddedNode',' ',33.97176129,-117.3487525
4697,4698,-2.0606344665854843,0.8380591965431556,Riverside County,0.39528891474530437,0.0,66,0.0,'AddedNode',' ',33.9773124,-117.3701716
4698,4699,-0.49163189910244576,0.49020356450170666,Riverside County,0.23121521226117966,0.713689115,66,0.3904901283502934,'AddedNode',' ',33.95540914,-117.3231894
4699,4700,1.0423456525879429,0.6706691807796394,Riverside County,0.3176633654507763,2.63986906,66,0.19223478530594454,'AddedNode',' ',33.91582658,-117.4350318
4700,4701,-2.0606344665854843,0.8380591965431555,Riverside County,0.39528891474530437,0.0,66,0.0,'AddedNode',' ',34.01716678,-117.3629086
4701,4702,8.230640921110453,0.6519728516123628,Riverside County,0.307517227924103,9.83372306,66,0.0501311021754517,'AddedNode',' ',33.97828614,-117.3698676
4702,4703,-2.0606344665854843,0.8380591965431555,Riverside County,0.39528891474530437,0.0,66,0.0,'AddedNode',' ',34.01283565,-117.344696
4703,4704,-2.0606344665854843,0.8380591965431556,Riverside County,0.39528891474530437,0.0,66,0.0,'AddedNode',' ',34.0119931,-117.3392116
4704,4705,-2.0606344665854843,0.8380591965431555,Riverside County,0.3952889147453043,0.0,66,0.0,'AddedNode',' ',34.00145074,-117.3483571
4705,4706,-2.029475240750053,0.09131037563692587,Kern County,0.04451462883477354,0.0,230,0.0,'AddedNode',' ',35.64996136,-117.7955175
4706,4707,-2.235615400186887,0.9613146220803613,,0.42999996799137225,0.0,500,0.0,'AddedNode','IMPORT',33.56164938,-114.4814177
4707,4708,-2.144579373096572,0.9244037601729278,Riverside County,0.4305218177164658,0.0,230,0.0,'AddedNode',' ',33.83026531,-116.3699879
4708,4709,-2.0314774062850605,0.6600502064796346,San Bernardino County,0.3102342037011015,0.0,230,0.0,'AddedNode',' ',34.0607835,-117.239083
4709,4710,2.839750858992528,0.7182358044432876,San Bernardino County,0.3423005591787616,4.47210496,115,0.1249424435585256,'AddedNode',' ',34.02197111,-117.3328769
4710,4711,-2.098260720183914,0.9232347168809222,San Bernardino County,0.44000000819583046,0.0,115,0.0,'AddedNode',' ',34.06828102,-117.357132
4711,4712,0.1359352825369482,0.7478389752091122,Riverside County,0.3345114367518037,1.87509569,500,0.31026099080965724,'AddedNode',' ',33.74050618,-117.157498
4712,4713,-2.144579373096572,0.9244037601729278,Riverside County,0.4305218177164658,0.0,230,0.0,'AddedNode',' ',33.93293854,-116.577403
4713,4714,-2.3892075652091433,0.9630388442685562,Los Angeles County,0.3974696235095986,0.0,230,0.0,'AddedNode',' ',34.15911026,-117.9435457
4714,4715,-2.383170483836055,1.0247633080495036,San Bernardino County,0.430000023524223,0.0,500,0.0,'AddedNode','IMPORT',35.09371037,-114.7470399
4715,4716,1.8321284750472333,0.4680304977829537,San Bernardino County,0.23282343436701616,3.20288488,115,0.09964273642007623,'AddedNode',' ',34.11094331,-116.4233641
4716,4717,-1.8551575037092904,0.8024231218863632,Tulare County,0.43335980996946205,0.0,230,0.0,'AddedNode',' ',35.8381769,-119.0834602
4717,4718,-1.855156361687373,0.8024226279203306,Kern County,0.43335954319620956,0.0,230,0.0,'AddedNode',' ',35.41249096,-118.9229071
4718,4719,-1.4165439899983467,0.46942749618318225,San Bernardino County,0.3610860093916993,0.0,115,0.0,'AddedNode',' ',34.99402485,-116.5528016
4719,4720,-1.4165439899983467,0.46942749618318225,San Bernardino County,0.3610860093916993,0.0,115,0.0,'AddedNode',' ',35.39495782,-115.8295007
4720,4721,-1.2831152056045796,0.5517395384099693,San Bernardino County,0.43000020732474503,0.0,115,0.0,'AddedNode',' ',34.56638235,-117.3132803
4721,4722,-2.144579143990485,0.9244036614185842,Riverside County,0.430521771723685,0.0,230,0.0,'AddedNode',' ',33.83003257,-116.3691404
4722,4723,-2.065498624204693,0.6667988750477296,Mono County,0.3080869089664107,0.0,115,0.0,'AddedNode',' ',37.51242721,-118.5180665
4723,4724,-2.390431436630778,0.9635321608546026,Los Angeles County,0.3976732272986812,0.0,230,0.0,'AddedNode',' ',34.16508707,-118.1892233
4724,4725,-2.0466574642701665,0.7094408965983252,San Bernardino County,0.3333038889048926,0.0,230,0.0,'AddedNode',' ',34.01072948,-117.5879862
4725,4726,-1.8719425361908404,0.6925603124628966,San Bernardino County,0.3267465658130551,0.0,230,0.0,'AddedNode',' ',34.16077373,-117.6332792
4726,4727,-1.8719425361908406,0.6925603124628967,San Bernardino County,0.32674656581305517,0.0,230,0.0,'AddedNode',' ',34.15574266,-117.6349167
4727,4728,-2.0462374751434376,0.9003444890631125,San Bernardino County,0.429090864244369,0.0,115,0.0,'AddedNode',' ',34.36595234,-117.3404671
4728,4729,-2.083398363525811,0.9166952799513569,San Bernardino County,0.43688340929633734,0.0,115,0.0,'AddedNode',' ',34.30709341,-117.328958
4729,4730,-2.0462374751434376,0.9003444890631125,San Bernardino County,0.429090864244369,0.0,115,0.0,'AddedNode',' ',34.30869123,-117.3251067
4730,4731,-2.0462374751434376,0.9003444890631125,San Bernardino County,0.429090864244369,0.0,115,0.0,'AddedNode',' ',34.31331383,-117.3207605
4731,4732,-2.0912951668272184,0.920169873403976,San Bernardino County,0.43853934913446935,0.0,115,0.0,'AddedNode',' ',34.09306994,-117.3174048
4732,4733,-2.098260721014391,0.9232347172463321,San Bernardino County,0.4400000083699793,0.0,115,0.0,'AddedNode',' ',34.07429556,-117.2939299
4733,4734,1.180705409470773,0.3651868236998961,San Bernardino County,0.28090355576608356,2.28269284,115,0.1356083403867819,'AddedNode',' ',34.86309129,-117.0307697
4734,4735,3.1401824136527647,0.07483654245801144,San Bernardino County,0.03810930521247252,4.61964358,115,0.012204672538466133,'AddedNode',' ',34.86316628,-117.0313601
4735,4736,-1.9675674490709678,0.4323593549237057,Mono County,0.2021666994302838,0.0,115,0.0,'AddedNode',' ',37.60231394,-118.5116014
4736,4737,0.0,0.0,Fresno County,0.0,0.0,230,0.0,'AddedNode',' ',37.18902402,-119.2982883
4737,4738,-2.3580780969804676,0.9406407821391384,Los Angeles County,0.39169264849108626,0.0,66,0.0,'AddedNode',' ',34.11655805,-117.9772155
4738,4739,-2.358078096980468,0.9406407821391384,Los Angeles County,0.39169264849108626,0.0,66,0.0,'AddedNode',' ',34.04269862,-118.0146412
4739,4740,-2.358078096980468,0.9406407821391384,Los Angeles County,0.39169264849108626,0.0,66,0.0,'AddedNode',' ',34.0409034,-118.0163626
4740,4741,-2.358078096980468,0.9406407821391384,Los Angeles County,0.39169264849108626,0.0,66,0.0,'AddedNode',' ',34.03556951,-118.0773812
4741,4742,-2.2710657027715415,0.881800990566735,Los Angeles County,0.3757416846945368,0.0,66,0.0,'AddedNode',' ',34.03900531,-118.1052477
4742,4743,-2.242744229578422,0.862649355965057,Los Angeles County,0.37054984050181566,0.0,66,0.0,'AddedNode',' ',34.03873211,-118.1054707
4743,4744,-1.8719425361908404,0.6925603124628966,Los Angeles County,0.32674656581305506,0.0,66,0.0,'AddedNode',' ',34.12851094,-117.6921667
4744,4745,-0.3128924877541912,0.560291382893463,Riverside County,0.26158587771300057,1.28946883,500,0.32506027440623775,'AddedNode',' ',33.73847806,-117.1575012
4745,4746,-2.0475292049542215,0.7101568477020552,Los Angeles County,0.3335000914863208,0.0,230,0.0,'AddedNode',' ',33.96881622,-117.9164988
4746,4747,2.5881574009488038,0.5524745850140431,Los Angeles County,0.25945018377595414,4.181056,230,0.09884532382735194,'AddedNode',' ',33.9460393,-117.9233548
4747,4748,6.093399416479999,0.5524713471157072,Los Angeles County,0.2594486632113145,7.68628868,230,0.053767560297243416,'AddedNode',' ',33.9727789,-117.9688419
4748,4749,-2.0475293856925743,0.7101569103886233,Los Angeles County,0.3335001209248543,0.0,230,0.0,'AddedNode',' ',33.98789908,-118.0018799
4749,4750,-2.3157893788702424,0.8906161171110341,Los Angeles County,0.3702455740589544,0.0,230,0.0,'AddedNode',' ',33.94805534,-118.1724311
4750,4751,-2.2203935289278705,0.8448998043415705,Los Angeles County,0.3662902321298785,0.0,66,0.0,'AddedNode',' ',34.0257701,-118.1270237
4751,4752,-2.2203935289278705,0.8448998043415705,Los Angeles County,0.3662902321298785,0.0,66,0.0,'AddedNode',' ',34.00919996,-118.136942
4752,4753,-2.139613297797977,0.7929098368333487,Los Angeles County,0.35164405387118497,0.0,66,0.0,'AddedNode',' ',34.04135547,-118.1112754
4753,4754,-2.139613297797977,0.7929098368333487,Los Angeles County,0.35164405387118497,0.0,66,0.0,'AddedNode',' ',34.03961509,-118.1095101
4754,4755,-2.139613297797977,0.7929098368333488,Los Angeles County,0.35164405387118497,0.0,66,0.0,'AddedNode',' ',34.04051753,-118.1080177
4755,4756,2.260394967824225,0.6855142121821405,Los Angeles County,0.2849809229123864,4.04287622,66,0.1256464765866808,'AddedNode',' ',34.04541809,-118.1292389
4756,4757,-2.047529385692575,0.7101569103886234,Los Angeles County,0.33350012092485437,0.0,230,0.0,'AddedNode',' ',34.01861097,-118.0226771
4757,4758,-2.047529385692575,0.7101569103886234,Los Angeles County,0.33350012092485437,0.0,230,0.0,'AddedNode',' ',34.03501053,-118.075018
4758,4759,7.847308368752414,0.5494390944098425,Los Angeles County,0.25802467278147095,9.43145502,66,0.04333890374912917,'AddedNode',' ',34.02441457,-118.051942
4759,4760,-2.036309203282618,0.7062653471564032,Los Angeles County,0.33167258564420504,0.0,66,0.0,'AddedNode',' ',34.03481783,-118.0750313
4760,4761,0.2056908421841177,0.6181215517626429,Los Angeles County,0.26608565805496287,1.88931569,66,0.23711676556752448,'AddedNode',' ',33.96152816,-118.1111781
4761,4762,2.9849540437317827,0.6181168114513504,Los Angeles County,0.26608361747112297,4.66856598,66,0.09595699329064833,'AddedNode',' ',33.95037549,-118.092951
4762,4763,-2.164171207682956,0.794548065092059,Los Angeles County,0.3420327994606179,0.0,66,0.0,'AddedNode',' ',33.9023027,-118.109672
4763,4764,-2.4872871659563067,0.9804802358072853,Los Angeles County,0.3770666283841978,0.0,230,0.0,'AddedNode',' ',33.84923173,-118.0984883
4764,4765,-2.1641712076829562,0.7945480650920592,Los Angeles County,0.34203279946061793,0.0,66,0.0,'AddedNode',' ',33.9023337,-118.1093465
4765,4766,-2.1641712076829562,0.7945480650920592,Los Angeles County,0.34203279946061793,0.0,66,0.0,'AddedNode',' ',33.92536752,-118.1085492
4766,4767,-2.1641712076829562,0.7945480650920592,Los Angeles County,0.34203279946061793,0.0,66,0.0,'AddedNode',' ',33.92565364,-118.1090671
4767,4768,-2.4872878729479697,0.9804805145010215,Los Angeles County,0.3770667355623984,0.0,230,0.0,'AddedNode',' ',33.85013758,-118.098925
4768,4769,-2.4872878729479697,0.9804805145010215,Los Angeles County,0.3770667355623984,0.0,230,0.0,'AddedNode',' ',33.849876,-118.0957576
4769,4770,-2.4872878729479697,0.9804805145010215,Los Angeles County,0.3770667355623984,0.0,230,0.0,'AddedNode',' ',33.85000997,-118.0981446
4770,4771,-2.4872878729479697,0.9804805145010215,Los Angeles County,0.3770667355623984,0.0,230,0.0,'AddedNode',' ',33.84922268,-118.0957846
4771,4772,9.052200310038845,0.7730315670146692,Los Angeles County,0.29261764438139637,10.9847959,66,0.05148129962763424,'AddedNode',' ',33.83139961,-118.0927193
4772,4773,-2.4872878729479697,0.9804805145010215,Los Angeles County,0.37706673556239834,0.0,230,0.0,'AddedNode',' ',33.77336994,-118.0985517
4773,4774,-2.428023029035218,0.9539941581174642,Orange County,0.36890305230378145,0.0,66,0.0,'AddedNode',' ',33.81306162,-117.8552393
4774,4775,-2.38381288873737,0.9396910237226391,Orange County,0.36138018197404437,0.0,66,0.0,'AddedNode',' ',33.80731549,-117.9287872
4775,4776,-2.5108458789922876,1.0931421288021688,Los Angeles County,0.436213667749474,0.0,230,0.0,'AddedNode',' ',33.81431244,-118.2218059
4776,4777,-3.0720194616270176,1.3209683684996176,Los Angeles County,0.430000126381548,0.0,66,0.0,'AddedNode',' ',33.87922921,-118.1867666
4777,4778,-3.0720194616270176,1.3209683684996176,Los Angeles County,0.430000126381548,0.0,66,0.0,'AddedNode',' ',33.87275341,-118.1919668
4778,4779,-3.0155643447866507,1.2922062134010608,Los Angeles County,0.4243832425880597,0.0,66,0.0,'AddedNode',' ',33.87980781,-118.1900533
4779,4780,-3.015559223374417,1.292204018813264,Los Angeles County,0.4243825218468379,0.0,66,0.0,'AddedNode',' ',33.86445939,-118.1989828
4780,4781,-3.0155592233744164,1.2922040188132637,Los Angeles County,0.42438252184683783,0.0,66,0.0,'AddedNode',' ',33.87989078,-118.1867899
4781,4782,-3.0155592233744164,1.2922040188132637,Los Angeles County,0.42438252184683783,0.0,66,0.0,'AddedNode',' ',33.88043316,-118.1898392
4782,4783,-2.501417935699706,1.0480513748783786,Los Angeles County,0.4125411448218426,0.0,230,0.0,'AddedNode',' ',33.87945861,-118.190839
4783,4784,-2.490872668588382,0.9976267375389714,Los Angeles County,0.38606847262754673,0.0,230,0.0,'AddedNode',' ',33.87952767,-118.1899806
4784,4785,-2.501417935699706,1.0480513748783786,Los Angeles County,0.4125411448218426,0.0,230,0.0,'AddedNode',' ',33.87952554,-118.1913542
4785,4786,-3.072019461627017,1.3209683684996174,Los Angeles County,0.4300001263815479,0.0,66,0.0,'AddedNode',' ',33.81492232,-118.2211494
4786,4787,-3.0720194616270176,1.3209683684996176,Los Angeles County,0.430000126381548,0.0,66,0.0,'AddedNode','IMPORT',33.81588928,-118.2200754
4787,4788,-3.0720194616270176,1.3209683684996176,Los Angeles County,0.430000126381548,0.0,66,0.0,'AddedNode',' ',33.81473788,-118.2210938
4788,4789,-2.510851839249769,1.0931447237079754,Los Angeles County,0.4362147032354822,0.0,230,0.0,'AddedNode',' ',33.81312868,-118.2221431
4789,4790,-2.5305170227939935,1.1050410215666804,Los Angeles County,0.4372703607428784,0.0,230,0.0,'AddedNode',' ',33.77886065,-118.2266326
4790,4791,-3.0720194616270184,1.3209683684996179,Los Angeles County,0.4300001263815481,0.0,66,0.0,'AddedNode',' ',33.81430667,-118.2224652
4791,4792,-3.0720038571737764,1.320961658584724,Los Angeles County,0.4299979421776555,0.0,66,0.0,'AddedNode',' ',33.81142279,-118.2219157
4792,4793,-3.0720038571737764,1.320961658584724,Los Angeles County,0.4299979421776555,0.0,66,0.0,'AddedNode',' ',33.80409406,-118.2218351
4793,4794,-3.0720194332308615,1.3209683562892705,Los Angeles County,0.4300001224068496,0.0,66,0.0,'AddedNode',' ',33.81446851,-118.2223292
4794,4795,-3.071999979625168,1.3209599912388221,Los Angeles County,0.42999739942510706,0.0,66,0.0,'AddedNode',' ',33.81454217,-118.2222529
4795,4796,-3.072003857173777,1.3209616585847241,Los Angeles County,0.4299979421776556,0.0,66,0.0,'AddedNode',' ',33.77736296,-118.2261375
4796,4797,-1.9709910586494095,0.4405548155945392,Inyo County,0.20586942436894715,0.0,115,0.0,'AddedNode',' ',37.37917164,-118.5130674
4797,4798,-1.8157758177649976,0.0689994810750699,Mono County,0.03800000756913434,0.0,115,0.0,'AddedNode',' ',37.54092317,-118.6375991
4798,4799,-2.485368785089497,1.0183677906880864,Los Angeles County,0.3975511211165361,0.0,66,0.0,'AddedNode',' ',33.87002424,-118.3092752
4799,4800,-2.585850401206598,1.116614513819132,Los Angeles County,0.4254054225641491,0.0,66,0.0,'AddedNode',' ',33.91833599,-118.3968866
4800,4801,-2.986692129089137,1.2831539733728594,Los Angeles County,0.42001699361996064,0.0,66,0.0,'AddedNode',' ',33.93094063,-118.4036161
4801,4802,-1.983066035791992,0.8725490557484764,Los Angeles County,0.4389651582467563,0.0,230,0.0,'AddedNode',' ',33.90220103,-118.3988784
4802,4803,-1.9092712079841934,0.840079331513045,Los Angeles County,0.43833844891181095,0.0,230,0.0,'AddedNode',' ',33.90203409,-118.3969249
4803,4804,-2.3904351667904087,0.9635336644027543,Los Angeles County,0.3976738478496812,0.0,230,0.0,'AddedNode',' ',34.17712847,-118.2113719
4804,4805,-2.3904351667904087,0.9635336644027546,Los Angeles County,0.3976738478496813,0.0,230,0.0,'AddedNode',' ',34.22360374,-118.191444
4805,4806,-2.3904351667904087,0.9635336644027546,Los Angeles County,0.39767384784968124,0.0,230,0.0,'AddedNode',' ',34.22337374,-118.1907485
4806,4807,-2.3904369040231805,0.9635343646444017,Los Angeles County,0.3976741368564908,0.0,230,0.0,'AddedNode',' ',34.22311891,-118.2070655
4807,4808,-2.390433804664431,0.9635331153586923,Los Angeles County,0.3976736212458033,0.0,230,0.0,'AddedNode',' ',34.22153909,-118.1889739
4808,4809,-2.5024685149624126,1.011649862266744,Los Angeles County,0.3966784655673541,0.0,230,0.0,'AddedNode',' ',34.17653884,-118.2096191
4809,4810,-2.3904351667904087,0.9635336644027543,Los Angeles County,0.3976738478496812,0.0,230,0.0,'AddedNode',' ',34.17703978,-118.2112704
4810,4811,-2.3904351667904087,0.9635336644027543,Los Angeles County,0.3976738478496812,0.0,230,0.0,'AddedNode',' ',34.179378,-118.2109429
4811,4812,-2.372052850470659,0.973905259130807,Los Angeles County,0.39482862659606227,0.0,66,0.0,'AddedNode',' ',34.43981543,-118.5871772
4812,4813,-2.390435788629262,0.963533915052794,Los Angeles County,0.3976739512990669,0.0,230,0.0,'AddedNode',' ',34.46651349,-118.5744123
4813,4814,-1.7555572123966174,0.7724451734545117,Los Angeles County,0.4400005330748263,0.0,230,0.0,'AddedNode',' ',34.77747213,-118.7795301
4814,4815,7.3716460589725425,0.757653720977385,Los Angeles County,0.3071586022195601,9.21699462,66,0.06149669257516289,'AddedNode',' ',34.46635988,-118.5360752
4815,4816,-2.3904357886292624,0.9635339150527943,Los Angeles County,0.397673951299067,0.0,500,0.0,'AddedNode',' ',34.44460419,-118.5786913
4816,4817,-2.390435788629262,0.963533915052794,Los Angeles County,0.3976739512990669,0.0,500,0.0,'AddedNode',' ',34.46773401,-118.5028577
4817,4818,-2.390435788629262,0.963533915052794,Los Angeles County,0.3976739512990669,0.0,500,0.0,'AddedNode',' ',34.46766207,-118.4924824
4818,4819,-1.834867476175008,0.7963069637177397,Los Angeles County,0.43469159047223266,0.0,230,0.0,'AddedNode',' ',34.44631953,-118.5897344
4819,4820,-1.7555549875080643,0.7724441945035483,Los Angeles County,0.4399999754443813,0.0,230,0.0,'AddedNode',' ',34.70380949,-118.7448548
4820,4821,-2.3892075652091433,0.9630388442685562,Kern County,0.3974696235095986,0.0,230,0.0,'AddedNode',' ',35.0385861,-118.2923992
4821,4822,-2.3602953616541553,0.9704168190226095,Santa Barbara County,0.4035402237784257,0.0,66,0.0,'AddedNode',' ',34.4332013,-119.8718326
4822,4823,-2.3778565474862106,0.9776369620480422,Santa Barbara County,0.40654266363218855,0.0,66,0.0,'AddedNode',' ',34.43357378,-119.8718468
4823,4824,-2.377865290280866,0.9776405565790982,Santa Barbara County,0.4065441583897383,0.0,66,0.0,'AddedNode',' ',34.46113459,-119.9989314
4824,4825,-0.6189175291173692,0.7605832792219727,Ventura County,0.31628259185418406,1.23101041,230,0.4753006136865331,'AddedNode',' ',34.13102763,-119.1668669
4825,4826,8.055496329040446,0.7605652267292518,Ventura County,0.3162750848666612,9.90538036,230,0.05906610424046496,'AddedNode',' ',34.13073326,-119.1667842
4826,4827,-2.3601129680428636,0.97031321830099,Ventura County,0.4032810594518594,0.0,66,0.0,'AddedNode',' ',34.36228124,-119.3094767
4827,4828,-2.3720135595589658,0.9738891272703696,Ventura County,0.3948220866166945,0.0,66,0.0,'AddedNode',' ',34.37345134,-119.0601674
4828,4829,2.9897293425100684,0.7548529908332393,Ventura County,0.3137315952540218,4.82577393,66,0.11936431456305885,'AddedNode',' ',34.3197172,-119.1949685
4829,4830,-2.372052850470659,0.973905259130807,Los Angeles County,0.39482862659606227,0.0,66,0.0,'AddedNode',' ',34.39407116,-118.6158164
4830,4831,-1.1049651493456674,0.7605236493196778,Ventura County,0.3162577952269572,0.744817755,66,0.7854381277160588,'AddedNode',' ',34.13042011,-119.167123
4831,4832,-2.3601129680428636,0.9703132183009899,Ventura County,0.4032810594518593,0.0,66,0.0,'AddedNode',' ',34.28049335,-119.1983087
4832,4833,-2.360112968042863,0.9703132183009898,Ventura County,0.40328105945185927,0.0,66,0.0,'AddedNode',' ',34.28813338,-119.1971322
4833,4834,-2.3601129680428636,0.9703132183009899,Ventura County,0.4032810594518593,0.0,66,0.0,'AddedNode',' ',34.3845333,-119.3829466
4834,4835,-2.3601129680428636,0.9703132183009899,Santa Barbara County,0.4032810594518593,0.0,66,0.0,'AddedNode',' ',34.43017212,-119.5040532
4835,4836,-2.3600995866694787,0.970307716817099,Santa Barbara County,0.4032787729280748,0.0,66,0.0,'AddedNode',' ',34.43522378,-119.5010342
4836,4837,-2.3625084690699643,0.9713019892103937,Santa Barbara County,0.4037215321759754,0.0,66,0.0,'AddedNode',' ',34.45749657,-119.6692793
4837,4838,0.46361244157187076,0.7605671539449795,Santa Barbara County,0.31627588628420755,2.31350116,66,0.2528960019834239,'AddedNode',' ',34.45215255,-119.7614608
4838,4839,-2.37788626289276,0.9776491793030383,Santa Barbara County,0.4065477440818659,0.0,66,0.0,'AddedNode',' ',34.47942318,-119.7607515
4839,4840,-2.3631048293770682,0.9715481371479012,Santa Barbara County,0.40383113441278246,0.0,66,0.0,'AddedNode',' ',34.45463394,-119.6717007
4840,4841,-2.3778565474862106,0.9776369620480422,Santa Barbara County,0.40654266363218855,0.0,66,0.0,'AddedNode',' ',34.46714047,-119.8823126
4841,4842,-2.3601129680428636,0.97031321830099,Ventura County,0.4032810594518594,0.0,66,0.0,'AddedNode',' ',34.38126484,-119.4307709
4842,4843,-2.377865290280866,0.9776405565790982,Santa Barbara County,0.4065441583897383,0.0,66,0.0,'AddedNode',' ',34.46415378,-120.0212043
4843,4844,-2.3904345689239537,0.9635334234154799,Los Angeles County,0.39767374838835434,0.0,230,0.0,'AddedNode',' ',34.43189951,-118.1334087
4844,4845,-1.5581066042077378,0.7495911722920616,Los Angeles County,0.3093745624179204,0.301557635,230,1.907870149761417,'AddedNode',' ',34.42549663,-118.0939502
4845,4846,-2.429760610819624,0.9955826113154522,Los Angeles County,0.3886562270642494,0.0,66,0.0,'AddedNode',' ',33.85335984,-118.3941435
4846,4847,-3.0720185259774575,1.3209679661703067,Los Angeles County,0.4299999954157666,0.0,66,0.0,'AddedNode',' ',33.81438752,-118.222393
4847,4848,-3.015559223374417,1.292204018813264,Los Angeles County,0.4243825218468379,0.0,66,0.0,'AddedNode',' ',33.87863654,-118.1912882
4848,4849,-1.1266310289721801,0.9688294494250098,Los Angeles County,0.31818062705304495,1.1342833,66,0.6342146965450189,'AddedNode',' ',33.88043903,-118.1899485
4849,4850,-2.2912218831925677,0.8811678452572838,Los Angeles County,0.36631775289207047,0.0,66,0.0,'AddedNode',' ',33.96541245,-118.1551022
4850,4851,-2.5614485331800494,1.0345128087677717,Los Angeles County,0.3879794915543139,0.0,66,0.0,'AddedNode',' ',33.94466062,-118.1636857
4851,4852,-1.6394437997563929,0.5155772175361156,Riverside County,0.2632202858600353,0.0,115,0.0,'AddedNode',' ',33.7732028,-116.9632352
4852,4853,-1.6394494564053725,0.5155789964561016,San Bernardino County,0.26322119406119576,0.0,115,0.0,'AddedNode',' ',34.01091179,-117.190449
4853,4854,-1.7464343842058065,0.5891992443098794,Riverside County,0.29418320812637616,0.0,115,0.0,'AddedNode',' ',33.93263577,-116.575531
4854,4855,-1.724637612848988,0.571809742695948,Riverside County,0.2870508183840621,0.0,115,0.0,'AddedNode',' ',33.93261045,-116.5800426
4855,4856,38.68991135016711,0.5542778890621032,Riverside County,0.2604348128689812,40.28244,230,0.010296047133880687,'AddedNode',' ',34.03147622,-117.548286
4856,4857,-2.047072068810431,0.7124812386749215,San Bernardino County,0.33476875359567687,0.0,230,0.0,'AddedNode',' ',34.05771512,-117.5273231
4857,4858,-2.047072068810431,0.7124812386749216,San Bernardino County,0.33476875359567687,0.0,230,0.0,'AddedNode',' ',34.05709409,-117.5263649
4858,4859,-2.3904351667904096,0.9635336644027548,Los Angeles County,0.3976738478496814,0.0,230,0.0,'AddedNode',' ',34.15121815,-118.0868923
4859,4860,-1.6982541034289769,0.6557130420954422,San Bernardino County,0.38596990990390406,0.0,115,0.0,'AddedNode',' ',34.35927059,-116.8648009
4860,4861,-1.973380823134432,0.7628558916857311,San Bernardino County,0.37779291306404394,0.0,115,0.0,'AddedNode',' ',34.47465907,-117.2947461
4861,4862,-2.282996594670857,0.8862482866820894,San Bernardino County,0.37768875618175146,0.0,500,0.0,'AddedNode',' ',34.16301619,-117.4543028
4862,4863,-2.390435685414475,0.9635338734491048,San Bernardino County,0.39767393412820945,0.0,500,0.0,'AddedNode',' ',34.17802548,-117.4426297
4863,4864,-2.1813478963744335,0.8131279797475393,San Bernardino County,0.3587806724533855,0.0,500,0.0,'AddedNode',' ',34.15447193,-117.4633063
4864,4865,-2.0468808962420324,0.7110824361547281,Riverside County,0.3340947995530345,0.0,230,0.0,'AddedNode',' ',34.03209336,-117.5479198
4865,4866,-2.0598095639933756,0.7202455128688224,San Bernardino County,0.3362644159895384,0.0,500,0.0,'AddedNode',' ',33.93980612,-117.6888735
4866,4867,-2.4725808670244427,0.9715013714477082,Orange County,0.37567297262237653,0.0,230,0.0,'AddedNode',' ',33.80807414,-117.898592
4867,4868,-2.4725805166873225,0.9715012337968042,Orange County,0.3756729193937082,0.0,230,0.0,'AddedNode',' ',33.80838172,-117.8994687
4868,4869,-2.4725803321427824,0.9715011612874369,Orange County,0.375672891354829,0.0,230,0.0,'AddedNode',' ',33.80784893,-117.8997234
4869,4870,-2.4725808670244427,0.9715013714477082,Orange County,0.37567297262237653,0.0,230,0.0,'AddedNode',' ',33.81287128,-117.8350929
4870,4871,-2.047025677713649,0.7153621947891999,San Bernardino County,0.3347032722871197,0.0,230,0.0,'AddedNode',' ',33.94500706,-117.6748102
4871,4872,-2.047025677713649,0.7153621947891999,San Bernardino County,0.3347032722871197,0.0,230,0.0,'AddedNode',' ',33.9426198,-117.6767993
4872,4873,-2.805606420559577,1.1733330544313154,Orange County,0.40769887536018395,0.0,230,0.0,'AddedNode',' ',33.77302227,-117.6674069
4873,4874,-0.4577690580718532,0.5524780287558925,Los Angeles County,0.25945180100773263,1.13513947,230,0.3640812405622886,'AddedNode',' ',33.94626811,-117.9231754
4874,4875,1.0562639019517777,0.18289665137944464,Riverside County,0.0982340102197253,2.46532063,230,0.05614575700170154,'AddedNode',' ',33.82705969,-116.3707939
4875,4876,-2.0468817085498654,0.711082718348887,Riverside County,0.33409493213906977,0.0,230,0.0,'AddedNode',' ',34.02989683,-117.5483286
4876,4877,-1.8885061160297278,0.0967014925452384,San Bernardino County,0.0494488986534633,0.0,115,0.0,'AddedNode',' ',35.23649604,-117.6099715
4877,4878,0.0,0.0,Fresno County,0.0,0.0,230,0.0,'AddedNode',' ',37.21008561,-119.326482
4878,4879,0.0,0.0,Fresno County,0.0,0.0,230,0.0,'AddedNode',' ',37.21007937,-119.3265296
4879,4880,-1.8719425361908404,0.6925603124628966,San Bernardino County,0.32674656581305506,0.0,230,0.0,'AddedNode',' ',34.12037348,-117.6419247
4880,4881,-2.3904276610988435,0.963530639017838,Los Angeles County,0.3976725991995245,0.0,230,0.0,'AddedNode',' ',34.22322598,-118.1918198
4881,4882,-2.3904351667904087,0.9635336644027546,Los Angeles County,0.3976738478496813,0.0,230,0.0,'AddedNode',' ',34.22234783,-118.1892537
4882,4883,-2.51084530127117,1.0931418772808397,Los Angeles County,0.4362135673809687,0.0,230,0.0,'AddedNode',' ',33.81401882,-118.2226815
4883,4884,-2.530517022793994,1.1050410215666806,Los Angeles County,0.43727036074287845,0.0,230,0.0,'AddedNode',' ',33.76792074,-118.2269586
4884,4885,-2.3897218771713633,0.9632461525011697,Los Angeles County,0.39755518467429896,0.0,230,0.0,'AddedNode',' ',34.46651977,-118.5750062
4885,4886,-2.3897218771713633,0.9632461525011697,Los Angeles County,0.39755518467429896,0.0,230,0.0,'AddedNode',' ',34.45559914,-118.5865068
4886,4887,-2.3897218771713638,0.9632461525011698,Los Angeles County,0.397555184674299,0.0,230,0.0,'AddedNode',' ',34.45161945,-118.5906744
4887,4888,-1.797044031692018,0.629572811124092,San Bernardino County,0.31074281463013737,0.0,115,0.0,'AddedNode',' ',34.09074966,-116.4227569
4888,4889,-1.9595641232441268,0.6851472220698624,Los Angeles County,0.3214090486218556,0.0,66,0.0,'AddedNode',' ',34.11439328,-117.9250825
4889,4890,-1.9595641232441268,0.6851472220698624,Los Angeles County,0.3214090486218556,0.0,66,0.0,'AddedNode',' ',34.1124438,-117.9253636
4890,4891,-1.9712520054448033,0.6863740931736675,Los Angeles County,0.32216694940312796,0.0,66,0.0,'AddedNode',' ',34.10708525,-117.9251941
4891,4892,-1.9595641232441268,0.6851472220698624,Los Angeles County,0.3214090486218556,0.0,66,0.0,'AddedNode',' ',34.1143853,-117.9245146
4892,4893,2.6468178929980555,0.5330184201549061,Los Angeles County,0.250043987338015,4.17128408,66,0.09138279643613874,'AddedNode',' ',34.11441979,-117.9211484
4893,4894,-1.8828955110137646,0.6770993564857265,Los Angeles County,0.3164374720683979,0.0,66,0.0,'AddedNode',' ',34.11419427,-117.9240251
4894,4895,-1.9595641232441268,0.6851472220698624,Los Angeles County,0.3214090486218556,0.0,66,0.0,'AddedNode',' ',34.11243885,-117.925136
4895,4896,-1.9595641232441263,0.6851472220698623,Los Angeles County,0.3214090486218556,0.0,66,0.0,'AddedNode',' ',34.11096856,-117.9252004
4896,4897,-1.8828955110137646,0.6770993564857265,Los Angeles County,0.3164374720683979,0.0,66,0.0,'AddedNode',' ',34.11097597,-117.9302124
4897,4898,-1.9712520054448033,0.6863740931736676,Los Angeles County,0.32216694940312796,0.0,66,0.0,'AddedNode',' ',34.10716975,-117.9252757
4898,4899,3.2836938362759387,0.5268294791018202,Los Angeles County,0.24622050945259244,4.74918922,66,0.0759782361295263,'AddedNode',' ',34.10049392,-117.925287
4899,4900,-1.9712520054448033,0.6863740931736675,Los Angeles County,0.32216694940312796,0.0,66,0.0,'AddedNode',' ',34.10710669,-117.9291423
4900,4901,-1.959564123244127,0.6851472220698626,Los Angeles County,0.3214090486218557,0.0,66,0.0,'AddedNode',' ',34.13350658,-117.9247473
4901,4902,10.085718398994368,0.5286910164686724,Los Angeles County,0.24737150464230873,11.568994,66,0.03171581878424243,'AddedNode',' ',34.13616225,-117.9109893
4902,4903,-1.9595641232441268,0.6851472220698624,Los Angeles County,0.32140904862185554,0.0,66,0.0,'AddedNode',' ',34.11436803,-117.9253585
4903,4904,-1.959564123244127,0.6851472220698626,Los Angeles County,0.3214090486218556,0.0,66,0.0,'AddedNode',' ',34.11790117,-117.9325798
4904,4905,-1.959564123244127,0.6851472220698626,Los Angeles County,0.3214090486218556,0.0,66,0.0,'AddedNode',' ',34.12150876,-117.9340365
4905,4906,-1.959564123244127,0.6851472220698626,Los Angeles County,0.3214090486218556,0.0,66,0.0,'AddedNode',' ',34.12527503,-117.9339167
4906,4907,-1.9160428815191282,0.6805809340138048,Los Angeles County,0.31858777067152166,0.0,66,0.0,'AddedNode',' ',34.12529955,-117.9249876
4907,4908,-1.9066462070844268,0.6795950264308147,Los Angeles County,0.3179786283461119,0.0,66,0.0,'AddedNode',' ',34.13720101,-117.9162336
4908,4909,-2.7660858838996267,1.1943531999624915,Orange County,0.3920200700181294,0.0,66,0.0,'AddedNode',' ',33.65014825,-117.6880778
4909,4910,-2.7660858838996267,1.1943531999624915,Orange County,0.3920200700181294,0.0,66,0.0,'AddedNode',' ',33.66748588,-117.6406172
4910,4911,-1.8157758177649976,0.0689994810750699,Mono County,0.03800000756913434,0.0,115,0.0,'AddedNode',' ',37.95189258,-119.1162151
4911,4912,-2.178224556775961,0.9366365594136632,Inyo County,0.4300001055165855,0.0,66,0.0,'AddedNode',' ',37.39778298,-118.3955651
4912,4913,-2.1782269702088617,0.9366375971898105,Inyo County,0.4300005819488242,0.0,66,0.0,'AddedNode',' ',37.39723997,-118.3955679
4913,4914,0.0,0.0,Inyo County,0.0,0.0,115,0.0,'AddedNode',' ',37.32779235,-118.488428
4914,4915,3.1085878554644384,0.7286639452502915,Inyo County,0.3345220408008624,4.80315517,66,0.11802036292174857,'AddedNode',' ',37.41382448,-118.5236917
4915,4916,-2.1782555686250866,0.9366498945087872,Inyo County,0.43000622752010204,0.0,66,0.0,'AddedNode',' ',37.40939888,-118.533285
4916,4917,-2.1782269702088612,0.9366375971898103,Inyo County,0.43000058194882407,0.0,115,0.0,'AddedNode',' ',37.15446347,-118.2962192
4917,4918,-2.1782269702088612,0.9366375971898103,Inyo County,0.43000058194882407,0.0,115,0.0,'AddedNode',' ',36.91824102,-118.1888675
4918,4919,-2.1782269702088612,0.9366375971898103,Inyo County,0.43000058194882407,0.0,115,0.0,'AddedNode',' ',36.79765348,-118.1512378
4919,4920,-2.1782269702088612,0.9366375971898103,Inyo County,0.43000058194882407,0.0,115,0.0,'AddedNode',' ',36.65069231,-118.0892129
4920,4921,-1.879789864131749,0.07143201483700647,Inyo County,0.038000001261522386,0.0,115,0.0,'AddedNode',' ',36.00353863,-117.793496
4921,4922,-1.8290543270100346,0.7911325481769675,Kings County,0.42726217800486027,0.0,66,0.0,'AddedNode',' ',36.31291286,-119.6548448
4922,4923,-1.8012172415324843,0.7790919958311685,Tulare County,0.42075950960687536,0.0,66,0.0,'AddedNode',' ',36.28354819,-119.4742506
4923,4924,-1.8290543270100346,0.7911325481769675,Kings County,0.42726217800486027,0.0,66,0.0,'AddedNode',' ',36.34248313,-119.6550006
4924,4925,-1.8290586146807986,0.7911344027505838,Tulare County,0.4272631795932342,0.0,66,0.0,'AddedNode',' ',36.33842459,-119.2519946
4925,4926,-1.8290654358864147,0.7911373531702083,Tulare County,0.42726477300854465,0.0,66,0.0,'AddedNode',' ',36.32635319,-119.4394031
4926,4927,-1.829058131752187,0.7911341938663875,Tulare County,0.4272630667824076,0.0,66,0.0,'AddedNode',' ',36.29283179,-119.2519135
4927,4928,-1.8290585676098146,0.7911343823906704,Tulare County,0.42726316859757874,0.0,66,0.0,'AddedNode',' ',36.34239413,-119.3921046
4928,4929,-1.8290585676098146,0.7911343823906705,Tulare County,0.4272631685975787,0.0,66,0.0,'AddedNode',' ',36.3422791,-119.3679257
4929,4930,-1.8290585676098146,0.7911343823906705,Tulare County,0.4272631685975787,0.0,66,0.0,'AddedNode',' ',36.35651155,-119.312979
4930,4931,8.469906341195404,0.6154683718606456,Tulare County,0.3323922870576449,9.89283489,66,0.04780939739880518,'AddedNode',' ',36.33466319,-119.2604728
4931,4932,-1.8290541569280565,0.7911324746103238,Tulare County,0.42726213827416704,0.0,66,0.0,'AddedNode',' ',36.30552678,-119.2608621
4932,4933,-1.8290581317521863,0.7911341938663872,Tulare County,0.42726306678240755,0.0,66,0.0,'AddedNode',' ',36.30601503,-119.2607671
4933,4934,-1.8290581317521863,0.7911341938663872,Tulare County,0.42726306678240755,0.0,66,0.0,'AddedNode',' ',36.30589703,-119.2517081
4934,4935,-1.8290581317521863,0.7911341938663872,Tulare County,0.42726306678240755,0.0,66,0.0,'AddedNode',' ',36.32730708,-119.2786991
4935,4936,-1.8290581317521863,0.7911341938663872,Tulare County,0.42726306678240755,0.0,66,0.0,'AddedNode',' ',36.32674243,-119.2518153
4936,4937,-1.8290600786298614,0.7911350359618206,Tulare County,0.42726352156780306,0.0,66,0.0,'AddedNode',' ',36.28369455,-119.3671282
4937,4938,-1.8290488428272418,0.791130176068363,Tulare County,0.42726089691449026,0.0,66,0.0,'AddedNode',' ',36.28344059,-119.4477625
4938,4939,-1.8290634823936516,0.7911365082135088,Tulare County,0.42726431667788206,0.0,66,0.0,'AddedNode',' ',36.31262736,-119.3674487
4939,4940,-1.8290553234909297,0.7911329791912128,Tulare County,0.4272624107801209,0.0,66,0.0,'AddedNode',' ',36.3176857,-119.3121681
4940,4941,-1.829055115807943,0.7911328893607644,Tulare County,0.427262362265933,0.0,66,0.0,'AddedNode',' ',36.32005962,-119.2829496
4941,4942,-1.8290553234909297,0.7911329791912128,Tulare County,0.4272624107801209,0.0,66,0.0,'AddedNode',' ',36.32018748,-119.2875021
4942,4943,-1.8290581317521863,0.7911341938663872,Tulare County,0.42726306678240755,0.0,66,0.0,'AddedNode',' ',36.32982895,-119.2787393
4943,4944,-1.8290581317521863,0.7911341938663872,Tulare County,0.42726306678240755,0.0,66,0.0,'AddedNode',' ',36.33454328,-119.2834179
4944,4945,-1.82904867925668,0.7911301053181433,Tulare County,0.42726085870484626,0.0,66,0.0,'AddedNode',' ',36.34187216,-119.261134
4945,4946,-1.8290634823936514,0.7911365082135088,Tulare County,0.42726431667788206,0.0,66,0.0,'AddedNode',' ',36.31310894,-119.3121689
4946,4947,-1.8290541569280565,0.7911324746103238,Tulare County,0.42726213827416704,0.0,66,0.0,'AddedNode',' ',36.31273499,-119.2828476
4947,4948,-1.8290782717934977,0.7911429051670673,Tulare County,0.4272677714419622,0.0,66,0.0,'AddedNode',' ',36.41415194,-119.2512599
4948,4949,-1.8290782717934977,0.7911429051670673,Tulare County,0.4272677714419622,0.0,66,0.0,'AddedNode',' ',36.4139433,-119.1891188
4949,4950,-1.829058131752187,0.7911341938663875,Tulare County,0.4272630667824076,0.0,66,0.0,'AddedNode',' ',36.28382177,-119.331239
4950,4951,-1.829058131752187,0.7911341938663875,Tulare County,0.4272630667824076,0.0,66,0.0,'AddedNode',' ',36.29280345,-119.2474734
4951,4952,-1.8290543049708652,0.7911325386442251,Tulare County,0.4272621728565695,0.0,66,0.0,'AddedNode',' ',36.29845225,-119.2610942
4952,4953,-1.829051625982433,0.7911313798842508,Tulare County,0.4272615470520673,0.0,66,0.0,'AddedNode',' ',36.30551753,-119.2604203
4953,4954,-1.829078271793498,0.7911429051670674,Tulare County,0.42726777144196226,0.0,66,0.0,'AddedNode',' ',36.3123691,-119.2245816
4954,4955,-1.829058131752187,0.7911341938663875,Tulare County,0.4272630667824076,0.0,66,0.0,'AddedNode',' ',36.29980027,-119.2249742
4955,4956,-1.8290490987884307,0.7911302867808906,Tulare County,0.4272609567063365,0.0,66,0.0,'AddedNode',' ',36.32596403,-119.1347187
4956,4957,-1.829058131752187,0.7911341938663875,Tulare County,0.4272630667824076,0.0,66,0.0,'AddedNode',' ',36.29770123,-119.1720656
4957,4958,6.610027808260699,0.6154688316185813,Tulare County,0.33239253535633695,8.03295742,66,0.05887883584469873,'AddedNode',' ',36.31166643,-119.1366294
4958,4959,-1.829075477073714,0.7911416963490728,Tulare County,0.42726711860292743,0.0,66,0.0,'AddedNode',' ',36.31202066,-119.1711924
4959,4960,-1.8290782717934977,0.7911429051670674,Tulare County,0.42726777144196226,0.0,66,0.0,'AddedNode',' ',36.31210895,-119.1982259
4960,4961,-1.8290763666909726,0.7911420811409063,Tulare County,0.4272673264151294,0.0,66,0.0,'AddedNode',' ',36.32501756,-119.1705592
4961,4962,-1.8290782717934977,0.7911429051670673,Tulare County,0.4272677714419622,0.0,66,0.0,'AddedNode',' ',36.3271714,-119.1979498
4962,4963,-1.8290490987884307,0.7911302867808906,Tulare County,0.4272609567063365,0.0,66,0.0,'AddedNode',' ',36.32595949,-119.1344782
4963,4964,-1.7414327900214766,0.7532330452429797,Tulare County,0.4067940223131353,0.0,66,0.0,'AddedNode',' ',36.21067393,-119.0933007
4964,4965,0.783822395971786,0.6154598747800679,Tulare County,0.3323876980906473,2.2067313,66,0.21432487734352784,'AddedNode',' ',36.41285672,-119.0048144
4965,4966,0.749765386024472,0.6154586074256688,Tulare County,0.3323870136382098,2.17267136,66,0.21768385043640195,'AddedNode',' ',36.48605611,-118.8354401
4966,4967,-1.8290776580461092,0.7911426396989903,Tulare County,0.4272676280722209,0.0,66,0.0,'AddedNode',' ',36.39613475,-119.0179984
4967,4968,0.3748120292167745,0.6242128526956464,Tulare County,0.33711486601826735,1.81795733,66,0.2676111956480459,'AddedNode',' ',36.13440833,-118.7885929
4968,4969,-1.8551665802672321,0.8024270478279316,Tulare County,0.43336193022901787,0.0,66,0.0,'AddedNode',' ',36.12934657,-118.821156
4969,4970,-1.8551665802672321,0.8024270478279316,Tulare County,0.43336193022901787,0.0,66,0.0,'AddedNode',' ',36.1258182,-118.8210092
4970,4971,-1.8551665802672321,0.8024270478279316,Tulare County,0.43336193022901787,0.0,66,0.0,'AddedNode',' ',36.12490099,-118.8174755
4971,4972,-1.8551665802672321,0.8024270478279316,Tulare County,0.43336193022901787,0.0,66,0.0,'AddedNode',' ',36.10911757,-118.9556757
4972,4973,-1.8551665802672321,0.8024270478279316,Tulare County,0.43336193022901787,0.0,66,0.0,'AddedNode',' ',36.08385176,-119.0263167
4973,4974,-1.8551665802672321,0.8024270478279316,Tulare County,0.43336193022901787,0.0,66,0.0,'AddedNode',' ',36.08035011,-119.0351189
4974,4975,-1.8551620640985733,0.8024250944206622,Tulare County,0.43336087526414957,0.0,66,0.0,'AddedNode',' ',36.06757709,-119.0350496
4975,4976,-1.6585730520396316,0.7173931936416262,Tulare County,0.3874382100793301,0.0,66,0.0,'AddedNode',' ',36.24026102,-119.474751
4976,4977,-1.6690415049796157,0.7219211804420068,Tulare County,0.3898836125681619,0.0,66,0.0,'AddedNode',' ',36.21367817,-119.3308403
4977,4978,-1.6690415049796157,0.7219211804420068,Tulare County,0.3898836125681619,0.0,66,0.0,'AddedNode',' ',36.22210582,-119.3331828
4978,4979,-1.6690776776136067,0.7219368264223809,Tulare County,0.3898920623983036,0.0,66,0.0,'AddedNode',' ',36.24009003,-119.3499522
4979,4980,0.8567674892291273,0.561618539924174,Tulare County,0.30330993349831953,2.15519823,66,0.1827335120052447,'AddedNode',' ',36.28541311,-119.278724
4980,4981,-1.6690415049796157,0.7219211804420068,Tulare County,0.3898836125681619,0.0,66,0.0,'AddedNode',' ',36.22210407,-119.3308112
4981,4982,-1.829058131752187,0.7911341938663875,Tulare County,0.4272630667824076,0.0,66,0.0,'AddedNode',' ',36.28368636,-119.2473257
4982,4983,-1.7468621549104368,0.7555814431096562,Tulare County,0.40806230736808624,0.0,66,0.0,'AddedNode',' ',36.21059691,-119.0961293
4983,4984,-1.808592169133095,0.7822819203616391,Tulare County,0.4224822728855453,0.0,66,0.0,'AddedNode',' ',36.21096917,-119.2424844
4984,4985,-1.808602654150859,0.7822864555133283,Tulare County,0.42248472215753247,0.0,66,0.0,'AddedNode',' ',36.21161417,-119.3132797
4985,4986,-1.808602654150859,0.7822864555133283,Tulare County,0.42248472215753247,0.0,66,0.0,'AddedNode',' ',36.18537198,-119.3153596
4986,4987,-1.7703896940288713,0.7657579598485151,Tulare County,0.41355827731189304,0.0,66,0.0,'AddedNode',' ',36.06587837,-119.3040374
4987,4988,-1.7974575598628606,0.7774657967097431,Tulare County,0.4198812580672428,0.0,66,0.0,'AddedNode',' ',36.06577564,-119.3038669
4988,4989,-1.7750371308486712,0.7677681453741415,Tulare County,0.41464390607012336,0.0,66,0.0,'AddedNode',' ',36.12351662,-119.328567
4989,4990,-1.7750371308486712,0.7677681453741415,Tulare County,0.41464390607012336,0.0,66,0.0,'AddedNode',' ',36.12343127,-119.3040339
4990,4991,-1.8552100071763107,0.8024458315462343,Tulare County,0.4333720746383353,0.0,66,0.0,'AddedNode',' ',35.99328909,-119.1788866
4991,4992,-1.8551626157936973,0.802425333048877,Tulare County,0.4333610041386487,0.0,66,0.0,'AddedNode',' ',36.0677318,-119.0353293
4992,4993,-1.8506745003038692,0.8004840597955097,Tulare County,0.4323125924151675,0.0,66,0.0,'AddedNode',' ',36.06584211,-119.1789176
4993,4994,-1.8551508835249209,0.8024202584157424,Tulare County,0.43335826351217505,0.0,66,0.0,'AddedNode',' ',36.06774274,-119.0372626
4994,4995,-1.8551508835249209,0.8024202584157424,Tulare County,0.43335826351217505,0.0,66,0.0,'AddedNode',' ',36.08031013,-119.04376
4995,4996,-1.8551809265975485,0.8024332531377973,Tulare County,0.4333652814932461,0.0,66,0.0,'AddedNode',' ',36.08028135,-119.1787541
4996,4997,-1.7468621549104368,0.7555814431096562,Tulare County,0.40806230736808624,0.0,66,0.0,'AddedNode',' ',36.21092734,-119.215344
4997,4998,-1.8521478837127816,0.8011213517302114,Tulare County,0.43265677082202597,0.0,66,0.0,'AddedNode',' ',36.05122998,-119.3038407
4998,4999,2.53755426538784,0.6242362459195485,Tulare County,0.3371274998554391,3.98075365,66,0.1222236398193608,'AddedNode',' ',36.00089628,-119.3031882
4999,5000,-1.8551476420733055,0.8024188563699755,Tulare County,0.4333575063177841,0.0,66,0.0,'AddedNode',' ',36.00090472,-119.3040106
5000,5001,-1.8551476420733055,0.8024188563699755,Tulare County,0.4333575063177841,0.0,66,0.0,'AddedNode',' ',35.89208595,-119.2502967
5001,5002,-1.855133112997961,0.802412572016236,Tulare County,0.4333541123648082,0.0,66,0.0,'AddedNode',' ',35.89197458,-119.1438042
5002,5003,-1.8551575037092902,0.8024231218863632,Tulare County,0.43335980996946205,0.0,66,0.0,'AddedNode',' ',35.86314651,-119.1437596
5003,5004,-1.8551575037092902,0.8024231218863631,Tulare County,0.43335980996946205,0.0,66,0.0,'AddedNode',' ',35.99419868,-119.0177913
5004,5005,-1.8551476420733057,0.8024188563699756,Tulare County,0.43335750631778414,0.0,66,0.0,'AddedNode',' ',35.89184997,-119.2503083
5005,5006,-1.85519619660888,0.802439857973311,Kern County,0.43336884852687824,0.0,66,0.0,'AddedNode',' ',35.77578251,-119.2423634
5006,5007,-1.855158082150059,0.8024233720830429,Tulare County,0.43335994509167197,0.0,66,0.0,'AddedNode',' ',35.83387619,-119.2501235
5007,5008,-1.8551575037092896,0.8024231218863629,Tulare County,0.43335980996946194,0.0,66,0.0,'AddedNode',' ',35.83412075,-119.2100095
5008,5009,-1.8552067056056885,0.8024444034968095,Tulare County,0.4333713034003059,0.0,66,0.0,'AddedNode',' ',35.80494139,-119.2501801
5009,5010,-1.8551575037092902,0.8024231218863631,Tulare County,0.43335980996946205,0.0,66,0.0,'AddedNode',' ',35.80547067,-119.1606445
5010,5011,-1.8551575037092902,0.8024231218863631,Tulare County,0.43335980996946205,0.0,66,0.0,'AddedNode',' ',35.8052022,-119.1073158
5011,5012,-1.8551575037092902,0.8024231218863631,Tulare County,0.43335980996946205,0.0,66,0.0,'AddedNode',' ',35.83411159,-119.0893244
5012,5013,-1.8551704413732022,0.8024287178967535,Tulare County,0.43336283217300176,0.0,66,0.0,'AddedNode',' ',35.83148349,-119.0893678
5013,5014,-1.8551575037092902,0.8024231218863631,Tulare County,0.43335980996946205,0.0,66,0.0,'AddedNode',' ',35.83412992,-119.035598
5014,5015,-1.8552067056056885,0.8024444034968095,Tulare County,0.4333713034003059,0.0,66,0.0,'AddedNode',' ',35.79057671,-119.2502676
5015,5016,-1.8551567242838063,0.8024227847564815,Tulare County,0.4333596278977626,0.0,66,0.0,'AddedNode',' ',35.79055583,-119.2492927
5016,5017,-1.8552605208889812,0.8024676805649501,Kern County,0.4333838745059368,0.0,66,0.0,'AddedNode',' ',35.77578653,-119.2411341
5017,5018,-2.377944576242997,0.9776731543769901,Santa Barbara County,0.4065577139283462,0.0,66,0.0,'AddedNode',' ',34.47650388,-120.1995955
5018,5019,1.4577671573487805,0.7605776521393792,Santa Barbara County,0.3162802518760175,3.30768141,66,0.17688866406803136,'AddedNode',' ',34.476413,-120.2057032
5019,5020,0.2964331456805114,0.7605532720980562,Santa Barbara County,0.3162701136270318,2.1462881,66,0.27258867837740536,'AddedNode',' ',34.47734778,-120.0419565
5020,5021,-2.377865290280866,0.9776405565790982,Santa Barbara County,0.4065441583897383,0.0,66,0.0,'AddedNode',' ',34.4644854,-120.0443499
5021,5022,-2.377865290280866,0.9776405565790982,Santa Barbara County,0.4065441583897383,0.0,66,0.0,'AddedNode',' ',34.43089064,-119.9002979
5022,5023,-2.3778565474862106,0.9776369620480422,Santa Barbara County,0.40654266363218855,0.0,66,0.0,'AddedNode',' ',34.45929847,-119.8801589
5023,5024,-2.3778494795749885,0.9776340561320976,Santa Barbara County,0.4065414552298325,0.0,66,0.0,'AddedNode',' ',34.44873709,-119.8159771
5024,5025,-2.37788626289276,0.9776491793030383,Santa Barbara County,0.4065477440818659,0.0,66,0.0,'AddedNode',' ',34.47570392,-119.7993188
5025,5026,-2.360098262464557,0.9703071723967444,Santa Barbara County,0.4032785466563789,0.0,66,0.0,'AddedNode',' ',34.40891958,-119.5156769
5026,5027,-2.3482464021902154,0.9654346825822762,Santa Barbara County,0.4012546940219275,0.0,66,0.0,'AddedNode',' ',34.42252294,-119.6851235
5027,5028,-2.360098262464557,0.9703071723967444,Santa Barbara County,0.4032785466563789,0.0,66,0.0,'AddedNode',' ',34.42681072,-119.5747893
5028,5029,-1.8551008818833927,0.8023986308864278,Kern County,0.43334658326301684,0.0,66,0.0,'AddedNode',' ',35.72129626,-118.6954206
5029,5030,-1.85520640540813,0.8024442736504429,Kern County,0.4333712332749625,0.0,66,0.0,'AddedNode',' ',35.72125759,-118.6953845
5030,5031,-1.8551575037092904,0.8024231218863632,Kern County,0.43335980996946205,0.0,66,0.0,'AddedNode',' ',35.77251219,-118.4323644
5031,5032,-1.8551522581945659,0.8024208530103822,Kern County,0.4333585846313117,0.0,66,0.0,'AddedNode',' ',35.73292428,-119.0985142
5032,5033,-1.8551552198365726,0.8024221340283121,Kern County,0.43335927646292965,0.0,66,0.0,'AddedNode',' ',35.76174635,-119.0985401
5033,5034,-1.8551266001588018,0.8024097549763245,Kern County,0.43335259098307405,0.0,66,0.0,'AddedNode',' ',35.71800856,-119.2230086
5034,5035,-1.8551266001588014,0.8024097549763243,Kern County,0.433352590983074,0.0,66,0.0,'AddedNode',' ',35.77576429,-119.2230522
5035,5036,-1.8550937815971607,0.8023955597542822,Tulare County,0.43334492465522434,0.0,66,0.0,'AddedNode',' ',35.80524822,-119.1053729
5036,5037,-1.6494911372206644,0.7257761003770923,Kern County,0.4399987249326891,0.0,66,0.0,'AddedNode',' ',34.89404269,-118.919348
5037,5038,-1.7555572123966174,0.7724451734545117,Kern County,0.4400005330748263,0.0,66,0.0,'AddedNode',' ',34.84061318,-118.860161
5038,5039,-0.059375987972393185,0.6242276745018032,Kern County,0.33712287074161634,1.38380358,66,0.35158807650324103,'AddedNode',' ',35.58795445,-118.5245137
5039,5040,-1.8551575037092904,0.8024231218863632,Kern County,0.43335980996946205,0.0,66,0.0,'AddedNode',' ',35.63286006,-118.4783149
5040,5041,-1.8551575037092904,0.8024231218863632,Kern County,0.43335980996946205,0.0,66,0.0,'AddedNode',' ',35.63796074,-118.4021955
5041,5042,-1.8551575037092904,0.8024231218863632,Kern County,0.43335980996946205,0.0,66,0.0,'AddedNode',' ',35.63454708,-118.4774432
5042,5043,-1.8551575037092904,0.8024231218863632,Kern County,0.43335980996946205,0.0,66,0.0,'AddedNode',' ',35.64203988,-118.4836477
5043,5044,-2.3892541744293685,0.9630576314556686,Kern County,0.3974773774400166,0.0,66,0.0,'AddedNode',' ',35.483585,-118.5258485
5044,5045,-2.3892541744293685,0.9630576314556686,Kern County,0.3974773774400166,0.0,66,0.0,'AddedNode',' ',35.41087052,-118.492693
5045,5046,-2.3892541744293685,0.9630576314556686,Kern County,0.3974773774400166,0.0,66,0.0,'AddedNode',' ',35.1237988,-118.3790612
5046,5047,-1.0969732458662615,0.4672239565467362,Kern County,0.4325553791588824,0.0,66,0.0,'AddedNode',' ',35.10950259,-118.4947233
5047,5048,-0.8227069838922191,0.3619910729125764,Kern County,0.4400001322278994,0.0,66,0.0,'AddedNode',' ',35.10911862,-118.5670072
5048,5049,-2.389206568344758,0.963038442453687,Kern County,0.39746945767080005,0.0,66,0.0,'AddedNode',' ',35.1238627,-118.3787997
5049,5050,-2.389206568344758,0.963038442453687,Kern County,0.39746945767080005,0.0,66,0.0,'AddedNode',' ',35.09805541,-118.3793866
5050,5051,-2.389206568344758,0.963038442453687,Kern County,0.39746945767080005,0.0,66,0.0,'AddedNode',' ',35.07607121,-118.3730923
5051,5052,-2.3892541744293685,0.9630576314556686,Kern County,0.3974773774400166,0.0,66,0.0,'AddedNode',' ',35.05379775,-118.3457483
5052,5053,-2.3892219453781824,0.9630446406093908,Kern County,0.39747201580085756,0.0,66,0.0,'AddedNode',' ',35.09945854,-118.3791756
5053,5054,-2.3892219453781824,0.9630446406093908,Kern County,0.39747201580085756,0.0,66,0.0,'AddedNode',' ',35.09805069,-118.3792019
5054,5055,-2.3892219453781824,0.9630446406093908,Kern County,0.39747201580085756,0.0,230,0.0,'AddedNode',' ',35.10801856,-118.3143228
5055,5056,-2.3892219453781824,0.9630446406093908,Kern County,0.39747201580085756,0.0,66,0.0,'AddedNode',' ',35.0980183,-118.3779345
5056,5057,-2.2790686154562003,0.9281727620371739,Kern County,0.4008958217044774,0.0,66,0.0,'AddedNode',' ',35.07154447,-118.3196545
5057,5058,-2.2790686154562,0.9281727620371739,Kern County,0.40089582170447735,0.0,66,0.0,'AddedNode',' ',35.05285367,-118.3104403
5058,5059,-2.2790686154562,0.9281727620371739,Kern County,0.40089582170447735,0.0,66,0.0,'AddedNode',' ',35.05375199,-118.1860439
5059,5060,-2.2790494266928203,0.9281649472274812,Kern County,0.40089244633657023,0.0,66,0.0,'AddedNode',' ',34.8355634,-118.1314428
5060,5061,-2.279104441645427,0.9281873525996444,Kern County,0.4009021236514531,0.0,66,0.0,'AddedNode',' ',34.83547113,-118.1537143
5061,5062,0.9459203509974383,0.7220819290584143,Kern County,0.311881192949975,2.71894616,66,0.20337784270167875,'AddedNode',' ',34.84203914,-118.237549
5062,5063,-2.369288100739692,0.9550097310510824,Los Angeles County,0.39415581262163896,0.0,66,0.0,'AddedNode',' ',34.73287537,-118.2681044
5063,5064,-2.3692881007396918,0.9550097310510823,Los Angeles County,0.3941558126216389,0.0,66,0.0,'AddedNode',' ',34.7329802,-118.2900695
5064,5065,-2.3692881007396918,0.9550097310510823,Kern County,0.3941558126216389,0.0,66,0.0,'AddedNode',' ',34.83460919,-118.2377218
5065,5066,-2.2790686154562,0.9281727620371739,Kern County,0.40089582170447735,0.0,66,0.0,'AddedNode',' ',35.05347273,-118.2706011
5066,5067,-2.2790686154562003,0.9281727620371739,Kern County,0.4008958217044774,0.0,66,0.0,'AddedNode',' ',35.05977879,-118.3210017
5067,5068,-2.3692927818624008,0.9550116179122615,Los Angeles County,0.39415659137527576,0.0,66,0.0,'AddedNode',' ',34.69206469,-118.3059373
5068,5069,-1.901717710280007,0.09619581872493671,Kern County,0.04898617300510844,0.0,115,0.0,'AddedNode',' ',34.99111966,-117.7047796
5069,5070,-1.9017177096253512,0.09619581869182184,Kern County,0.048986172988245216,0.0,115,0.0,'AddedNode',' ',35.02855431,-117.7038241
5070,5071,0.3351746897295842,0.7548783751418929,Ventura County,0.31374214546677187,2.17128102,66,0.26531063186107595,'AddedNode',' ',34.31706209,-119.3104654
5071,5072,-2.3601129680428636,0.9703132183009899,Ventura County,0.4032810594518593,0.0,66,0.0,'AddedNode',' ',34.33291154,-119.2930325
5072,5073,-2.3601129680428636,0.9703132183009899,Ventura County,0.4032810594518593,0.0,66,0.0,'AddedNode',' ',34.34141937,-119.2415438
5073,5074,-2.360096297517427,0.9703063645480529,Ventura County,0.40327821089873905,0.0,66,0.0,'AddedNode',' ',34.26353283,-119.2383669
5074,5075,-2.3720267572891607,0.9738945459265529,Ventura County,0.39482428338127584,0.0,66,0.0,'AddedNode',' ',34.37234053,-118.9158598
5075,5076,-2.372052850470659,0.973905259130807,Ventura County,0.39482862659606227,0.0,66,0.0,'AddedNode',' ',34.38743774,-118.7959978
5076,5077,-2.372052850470659,0.973905259130807,Los Angeles County,0.39482862659606227,0.0,66,0.0,'AddedNode',' ',34.39518943,-118.6780809
5077,5078,0.5521373801083396,0.7071105145354073,Ventura County,0.28666800049403124,2.27438243,66,0.21707543036778798,'AddedNode',' ',34.38033824,-119.0348181
5078,5079,-2.372052850470659,0.973905259130807,Ventura County,0.39482862659606227,0.0,66,0.0,'AddedNode',' ',34.33278224,-118.6992766
5079,5080,-2.372052850470659,0.973905259130807,Ventura County,0.39482862659606227,0.0,66,0.0,'AddedNode',' ',34.34977624,-118.6891524
5080,5081,-2.372052850470659,0.973905259130807,Los Angeles County,0.39482862659606227,0.0,66,0.0,'AddedNode',' ',34.39217573,-118.6545625
5081,5082,-2.2137695725263176,0.9089181249732057,Ventura County,0.3684823463133583,0.0,66,0.0,'AddedNode',' ',34.40942498,-118.9209266
5082,5083,-2.3720135595589658,0.9738891272703696,Ventura County,0.3948220866166945,0.0,66,0.0,'AddedNode',' ',34.41895217,-118.9253505
5083,5084,-2.372057059573072,0.9739069872824273,Ventura County,0.39482932720192143,0.0,66,0.0,'AddedNode',' ',34.40906373,-118.9202731
5084,5085,-2.372083760321331,0.973917949938317,Ventura County,0.3948337715463053,0.0,66,0.0,'AddedNode',' ',34.41150367,-118.9039673
5085,5086,-2.354019499056184,0.9673075251453858,Ventura County,0.398251843093892,0.0,66,0.0,'AddedNode',' ',34.26357317,-119.0766186
5086,5087,-2.344452753349336,0.9638073586945017,Ventura County,0.40006747694158074,0.0,66,0.0,'AddedNode',' ',34.26365973,-119.0106649
5087,5088,-2.3689525130373212,0.9727699186350998,Ventura County,0.3954088505590867,0.0,66,0.0,'AddedNode',' ',34.31455523,-118.9727788
5088,5089,-2.3444527533493362,0.9638073586945021,Ventura County,0.4000674769415808,0.0,66,0.0,'AddedNode',' ',34.26885918,-118.9556859
5089,5090,-2.3270443037075483,0.9566507240196302,Ventura County,0.3970968244020042,0.0,66,0.0,'AddedNode',' ',34.16723337,-118.833283
5090,5091,-2.3270443037075483,0.9566507240196302,Ventura County,0.3970968244020042,0.0,66,0.0,'AddedNode',' ',34.20741763,-118.8506241
5091,5092,-2.344449091400704,0.963805853262996,Ventura County,0.4000668520509542,0.0,66,0.0,'AddedNode',' ',34.18639825,-118.7858789
5092,5093,-2.3312440687396028,0.9583772524970755,Los Angeles County,0.3978134903265877,0.0,66,0.0,'AddedNode',' ',34.15500061,-118.7913845
5093,5094,-2.3444397787925952,0.9638020248385539,Ventura County,0.40006526290754985,0.0,66,0.0,'AddedNode',' ',34.17193027,-118.7884465
5094,5095,-2.3601129680428636,0.9703132183009899,Ventura County,0.4032810594518593,0.0,66,0.0,'AddedNode',' ',34.33787285,-119.2338826
5095,5096,-2.2076637186702275,0.9076367601020424,Ventura County,0.37723150350597606,0.0,66,0.0,'AddedNode',' ',34.3171786,-119.1386827
5096,5097,-2.3526967417622826,0.9667681744453425,Ventura County,0.3980614727252458,0.0,66,0.0,'AddedNode',' ',34.26354636,-119.0803906
5097,5098,-2.3759578073514342,0.9937420097770625,Ventura County,0.40413098223153626,0.0,66,0.0,'AddedNode',' ',34.20172895,-119.1420562
5098,5099,-2.356479039594783,0.974618215737137,Ventura County,0.39958881345366376,0.0,66,0.0,'AddedNode',' ',34.20582385,-119.1243961
5099,5100,-2.345490826746978,0.9638302479358097,Ventura County,0.39702652009170947,0.0,66,0.0,'AddedNode',' ',34.22991241,-119.1120845
5100,5101,-2.3444438303269286,0.9638036904292123,Ventura County,0.4000659542787521,0.0,66,0.0,'AddedNode',' ',34.20559363,-119.0343785
5101,5102,-2.3444438303269286,0.9638036904292123,Ventura County,0.4000659542787521,0.0,66,0.0,'AddedNode',' ',34.22025734,-119.0089261
5102,5103,-2.3444527533493362,0.9638073586945021,Ventura County,0.4000674769415808,0.0,66,0.0,'AddedNode',' ',34.26366849,-118.9947506
5103,5104,-2.34446857553765,0.9638138632152288,Ventura County,0.40007017690768126,0.0,66,0.0,'AddedNode',' ',34.26362754,-119.0607131
5104,5105,-2.344479885935411,0.9638185129334098,Ventura County,0.4000721069624837,0.0,66,0.0,'AddedNode',' ',34.20541108,-119.0514531
5105,5106,-2.3449790041925156,0.9638243066988589,Ventura County,0.3985684501772307,0.0,66,0.0,'AddedNode',' ',34.20560627,-119.0958618
5106,5107,-2.2076468036511208,0.9076298058304253,Ventura County,0.37722861317533585,0.0,66,0.0,'AddedNode',' ',34.23918445,-119.1254535
5107,5108,-2.2076468036511208,0.9076298058304253,Ventura County,0.37722861317533585,0.0,66,0.0,'AddedNode',' ',34.2902447,-119.1572693
5108,5109,15.089802527158618,0.7175785707349482,Ventura County,0.2918219515389861,16.8054756,66,0.029792138957344443,'AddedNode',' ',34.21055445,-119.1391689
5109,5110,-2.294060828885647,0.9525803355959382,Ventura County,0.39234092369812956,0.0,66,0.0,'AddedNode',' ',34.17326408,-119.1571417
5110,5111,-2.369938131204151,0.9878320339374261,Ventura County,0.40272728024223786,0.0,66,0.0,'AddedNode',' ',34.20177205,-119.1247459
5111,5112,-2.257231970342523,0.9280427693044656,Ventura County,0.38591666881829717,0.0,66,0.0,'AddedNode',' ',34.18992205,-119.1780398
5112,5113,-2.257231970342523,0.9280427693044656,Ventura County,0.38591666881829717,0.0,66,0.0,'AddedNode',' ',34.18987165,-119.1810822
5113,5114,-2.1098560882870294,0.8704791628554654,Ventura County,0.3919625827530925,0.0,66,0.0,'AddedNode',' ',34.14745991,-119.1656363
5114,5115,-0.9388785918188658,0.41310658040030096,Ventura County,0.4400004914291056,0.0,66,0.0,'AddedNode',' ',34.14025443,-119.182185
5115,5116,-0.9388785918188655,0.4131065804003008,Ventura County,0.44000049142910547,0.0,66,0.0,'AddedNode',' ',34.13962297,-119.1656988
5116,5117,1.2538538249629418,0.3213685442163056,Ventura County,0.34229015971619636,1.98423688,66,0.12599449948870928,'AddedNode',' ',34.14295967,-119.1665755
5117,5118,-2.4184370880452226,1.035447164081538,Ventura County,0.41403654016437436,0.0,66,0.0,'AddedNode',' ',34.2015073,-119.1000821
5118,5119,-2.4184370880452226,1.035447164081538,Ventura County,0.41403654016437436,0.0,66,0.0,'AddedNode',' ',34.18221474,-119.1180887
5119,5120,-2.4184370880452226,1.035447164081538,Ventura County,0.41403654016437436,0.0,66,0.0,'AddedNode',' ',34.18225748,-119.1216013
5120,5121,-2.336206603918898,0.9806603464812322,Ventura County,0.39969263677402195,0.0,66,0.0,'AddedNode',' ',34.17323186,-119.1569124
5121,5122,-2.418437088045223,1.0354471640815384,Ventura County,0.4140365401643744,0.0,66,0.0,'AddedNode',' ',34.18242704,-119.1423257
5122,5123,-2.418437088045223,1.0354471640815384,Ventura County,0.4140365401643744,0.0,66,0.0,'AddedNode',' ',34.18991111,-119.142553
5123,5124,-2.4184370880452226,1.0354471640815381,Ventura County,0.41403654016437436,0.0,66,0.0,'AddedNode',' ',34.15449399,-119.118191
5124,5125,-2.3784551779836205,1.0140727573836807,Ventura County,0.4111764840344989,0.0,66,0.0,'AddedNode',' ',34.14664154,-119.0965038
5125,5126,-2.351611682660991,0.9997221726984094,Ventura County,0.4092562680361517,0.0,66,0.0,'AddedNode',' ',34.14701875,-119.1121879
5126,5127,-2.3632343991236753,1.0059356994715056,Ventura County,0.41008768457962563,0.0,66,0.0,'AddedNode',' ',34.12998169,-119.0967054
5127,5128,-2.3516116826609905,0.9997221726984092,Ventura County,0.4092562680361516,0.0,66,0.0,'AddedNode',' ',34.147096,-119.1183092
5128,5129,-2.162660178169926,0.898708331765312,Ventura County,0.39573985754360114,0.0,66,0.0,'AddedNode',' ',34.1473168,-119.1486787
5129,5130,-2.2982468149686737,0.9711932108835404,Ventura County,0.4054388787036199,0.0,66,0.0,'AddedNode',' ',34.15383394,-119.1488209
5130,5131,-0.15719044967228246,0.7219972957932534,Ventura County,0.30023486040107267,1.59888743,66,0.3297516680438344,'AddedNode',' ',34.15328447,-119.2134814
5131,5132,-2.257231970342523,0.9280427693044656,Ventura County,0.38591666881829717,0.0,66,0.0,'AddedNode',' ',34.15651684,-119.2087286
5132,5133,-2.257231970342523,0.9280427693044656,Ventura County,0.38591666881829717,0.0,66,0.0,'AddedNode',' ',34.17336959,-119.1813198
5133,5134,3.099492126777851,0.7605571446055853,Ventura County,0.31627172397891795,4.9493565,66,0.11820926507236841,'AddedNode',' ',34.20655325,-119.2508527
5134,5135,-2.3778622044164437,0.9776392878502833,Ventura County,0.4065436307988106,0.0,66,0.0,'AddedNode',' ',34.20875587,-119.2485882
5135,5136,-2.3778408112729776,0.9776304922281046,Ventura County,0.4065399732083065,0.0,66,0.0,'AddedNode',' ',34.20533479,-119.2502814
5136,5137,-2.3776354504374697,0.9775456917197695,Ventura County,0.40650193013077146,0.0,66,0.0,'AddedNode',' ',34.20383256,-119.2455204
5137,5138,-2.377612034975241,0.9775360226750608,Ventura County,0.4064975924183596,0.0,66,0.0,'AddedNode',' ',34.20795527,-119.2463935
5138,5139,-2.3776354504374697,0.9775456917197695,Ventura County,0.40650193013077146,0.0,66,0.0,'AddedNode',' ',34.19056831,-119.2383431
5139,5140,-2.3776354504374693,0.9775456917197695,Ventura County,0.40650193013077146,0.0,66,0.0,'AddedNode',' ',34.19050071,-119.2329898
5140,5141,-2.2069058066601897,0.9073351983034436,Ventura County,0.3771819862922679,0.0,66,0.0,'AddedNode',' ',34.22577186,-119.176462
5141,5142,-2.309450342316661,0.9494842935496739,Ventura County,0.3946241529163986,0.0,66,0.0,'AddedNode',' ',34.25687385,-119.1543956
5142,5143,-2.3444490914007035,0.963805853262996,Ventura County,0.4000668520509541,0.0,66,0.0,'AddedNode',' ',34.27280381,-118.9331412
5143,5144,-2.344452753349336,0.9638073586945017,Ventura County,0.40006747694158074,0.0,66,0.0,'AddedNode',' ',34.27279488,-118.9331606
5144,5145,2.4675374127619776,0.749796503162143,Ventura County,0.31123355983296636,4.29141068,66,0.1322759838139455,'AddedNode',' ',34.1574585,-119.0239148
5145,5146,-2.3444628479831504,0.9638115086106557,Ventura County,0.40006919953320685,0.0,66,0.0,'AddedNode',' ',34.1563641,-118.9544683
5146,5147,-2.344440175138309,0.9638021877767554,Ventura County,0.4000653305416829,0.0,66,0.0,'AddedNode',' ',34.19724693,-118.9386027
5147,5148,7.14481776272777,0.7498013623924824,Ventura County,0.3112355768543184,8.96870285,66,0.06329320267904309,'AddedNode',' ',34.26097978,-118.8660606
5148,5149,-2.3444767786921616,0.9638172355419566,Ventura County,0.40007157672916355,0.0,66,0.0,'AddedNode',' ',34.26396971,-118.8552872
5149,5150,-2.323708138963361,0.9552557060645677,Ventura County,0.39634014027478504,0.0,66,0.0,'AddedNode',' ',34.27385507,-118.796557
5150,5151,-2.1028187592786507,0.8641976993723768,Ventura County,0.3566536372344527,0.0,66,0.0,'AddedNode',' ',34.27809184,-118.796555
5151,5152,13.593700467823526,0.6808835110529198,Ventura County,0.28262841728770094,15.2499435,66,0.0306952840073027,'AddedNode',' ',34.26464617,-118.7790429
5152,5153,-2.027813765013714,0.8325693459540086,Ventura County,0.3375299684718633,0.0,66,0.0,'AddedNode',' ',34.27909637,-118.7219459
5153,5154,-2.636866681912955,1.0777193615751788,Los Angeles County,0.3754993268319822,0.0,66,0.0,'AddedNode',' ',34.33802719,-118.5118212
5154,5155,-0.27989250651060815,0.8384101716368328,Ventura County,0.2921191418502285,1.771454,66,0.3382744237893522,'AddedNode',' ',34.2298135,-118.7100229
5155,5156,-2.636866681912955,1.0777193615751788,Ventura County,0.3754993268319822,0.0,66,0.0,'AddedNode',' ',34.22947042,-118.7095099
5156,5157,-2.636866681912955,1.0777193615751788,Ventura County,0.3754993268319822,0.0,66,0.0,'AddedNode',' ',34.2351219,-118.7033065
5157,5158,-2.3601129680428636,0.9703132183009899,Ventura County,0.4032810594518593,0.0,66,0.0,'AddedNode',' ',34.33478317,-119.2677982
5158,5159,0.0,0.0,San Bernardino County,0.0,0.0,115,0.0,'AddedNode',' ',35.00944696,-117.5504648
5159,5160,0.0,0.0,San Bernardino County,0.0,0.0,115,0.0,'AddedNode',' ',35.0163005,-117.5554687
5160,5161,0.0,0.0,San Bernardino County,0.0,0.0,115,0.0,'AddedNode',' ',35.01804842,-117.5660498
5161,5162,0.0,0.0,San Bernardino County,0.0,0.0,115,0.0,'AddedNode',' ',35.0094564,-117.5555228
5162,5163,-1.901717710280007,0.09619581872493671,San Bernardino County,0.04898617300510844,0.0,115,0.0,'AddedNode',' ',34.57568426,-117.4113962
5163,5164,-1.8815415520416159,0.7273533023122327,San Bernardino County,0.3602107893537692,0.0,66,0.0,'AddedNode',' ',34.57410782,-117.3481718
5164,5165,-1.881531862863224,0.7273495567367537,San Bernardino County,0.3602089344138169,0.0,66,0.0,'AddedNode',' ',34.60186135,-117.3340507
5165,5166,-1.8815331033833051,0.727350036288415,San Bernardino County,0.36020917190456864,0.0,66,0.0,'AddedNode',' ',34.53203411,-117.2951912
5166,5167,-1.881533103383305,0.7273500362884149,San Bernardino County,0.3602091719045686,0.0,66,0.0,'AddedNode',' ',34.53560594,-117.292777
5167,5168,-1.881533103383305,0.7273500362884149,San Bernardino County,0.3602091719045686,0.0,66,0.0,'AddedNode',' ',34.53496244,-117.2919114
5168,5169,-1.8815331033833047,0.7273500362884148,San Bernardino County,0.3602091719045685,0.0,66,0.0,'AddedNode',' ',34.53656686,-117.2940407
5169,5170,-1.881533103383305,0.7273500362884149,San Bernardino County,0.3602091719045686,0.0,66,0.0,'AddedNode',' ',34.532686,-117.2902952
5170,5171,-1.881533103383305,0.7273500362884149,San Bernardino County,0.3602091719045686,0.0,66,0.0,'AddedNode',' ',34.53323906,-117.2896762
5171,5172,-1.8815415520416168,0.7273533023122329,San Bernardino County,0.36021078935376927,0.0,66,0.0,'AddedNode',' ',34.53545959,-117.2953067
5172,5173,-1.965832501352842,0.7599163620615393,San Bernardino County,0.3780156909193918,0.0,115,0.0,'AddedNode',' ',34.4712053,-117.2251318
5173,5174,-1.965832501352842,0.7599163620615393,San Bernardino County,0.3780156909193918,0.0,115,0.0,'AddedNode',' ',34.44877256,-117.2249987
5174,5175,-1.965832501352842,0.7599163620615393,San Bernardino County,0.3780156909193918,0.0,115,0.0,'AddedNode',' ',34.41280656,-117.2939585
5175,5176,-1.965832501352842,0.7599163620615393,San Bernardino County,0.3780156909193918,0.0,115,0.0,'AddedNode',' ',34.4122477,-117.2897944
5176,5177,-2.083398363525811,0.9166952799513569,San Bernardino County,0.43688340929633734,0.0,115,0.0,'AddedNode',' ',34.44423473,-117.3672406
5177,5178,1.0873926953777842,0.693996294033775,San Bernardino County,0.330748367104702,2.664657,115,0.19577663963742095,'AddedNode',' ',34.20559247,-117.3347594
5178,5179,-2.0506220017033625,0.9022736807494796,San Bernardino County,0.4300102884626009,0.0,115,0.0,'AddedNode',' ',34.20560693,-117.3335648
5179,5180,-2.061355601060951,0.9069964644668185,San Bernardino County,0.43226109731579987,0.0,115,0.0,'AddedNode',' ',34.17673249,-117.3316388
5180,5181,-2.050616288566293,0.9022711669691689,San Bernardino County,0.43000909043209246,0.0,115,0.0,'AddedNode',' ',34.30834833,-117.3246091
5181,5182,-2.0849120839379833,0.9173613169327127,San Bernardino County,0.4372008326686357,0.0,115,0.0,'AddedNode',' ',34.27185688,-117.3553685
5182,5183,-2.09129886022678,0.9201714984997833,San Bernardino County,0.43854012363109013,0.0,115,0.0,'AddedNode',' ',34.16967496,-117.3312216
5183,5184,-2.0849120839379833,0.9173613169327127,San Bernardino County,0.4372008326686357,0.0,115,0.0,'AddedNode',' ',34.16224237,-117.3639599
5184,5185,-2.0613556010609506,0.9069964644668183,San Bernardino County,0.4322610973157998,0.0,115,0.0,'AddedNode',' ',34.18157753,-117.3413217
5185,5186,-2.061355601060951,0.9069964644668185,San Bernardino County,0.43226109731579987,0.0,115,0.0,'AddedNode',' ',34.17750111,-117.3333655
5186,5187,-2.09129886022678,0.9201714984997833,San Bernardino County,0.4385401236310902,0.0,115,0.0,'AddedNode',' ',34.13057834,-117.3311961
5187,5188,-2.0922059647548683,0.9205706244921421,San Bernardino County,0.4387303411745794,0.0,115,0.0,'AddedNode',' ',34.09220382,-117.3488155
5188,5189,-2.098260720183914,0.9232347168809222,San Bernardino County,0.44000000819583046,0.0,115,0.0,'AddedNode',' ',34.07399995,-117.3570511
5189,5190,-2.098260720183914,0.9232347168809222,San Bernardino County,0.44000000819583046,0.0,115,0.0,'AddedNode',' ',34.08498148,-117.3137084
5190,5191,-2.0982607210143907,0.9232347172463319,San Bernardino County,0.44000000836997927,0.0,115,0.0,'AddedNode',' ',34.07626252,-117.2940235
5191,5192,-2.0982607210143907,0.9232347172463319,San Bernardino County,0.44000000836997927,0.0,115,0.0,'AddedNode',' ',34.07417099,-117.2913711
5192,5193,-2.0982607204213655,0.9232347169854008,San Bernardino County,0.44000000824562335,0.0,115,0.0,'AddedNode',' ',34.08496916,-117.3116076
5193,5194,-2.098260712302915,0.9232347134132827,San Bernardino County,0.44000000654320465,0.0,115,0.0,'AddedNode',' ',34.0684792,-117.309621
5194,5195,-2.098260712302915,0.9232347134132827,San Bernardino County,0.44000000654320465,0.0,115,0.0,'AddedNode',' ',34.06548933,-117.309938
5195,5196,-2.098260382611659,0.92323456834913,San Bernardino County,0.4399999374077756,0.0,66,0.0,'AddedNode',' ',34.08599035,-117.262555
5196,5197,-2.098260382611659,0.92323456834913,San Bernardino County,0.4399999374077756,0.0,66,0.0,'AddedNode',' ',34.08614238,-117.2852639
5197,5198,-2.07955565517751,0.8932187151297538,San Bernardino County,0.42529079540843645,0.0,66,0.0,'AddedNode',' ',34.06297384,-117.2523712
5198,5199,-1.9095713993850212,0.6204415528088945,San Bernardino County,0.29161749998586084,0.0,66,0.0,'AddedNode',' ',34.06288808,-117.2438332
5199,5200,-2.0646605422673106,0.821004549832859,San Bernardino County,0.3896568820967047,0.0,115,0.0,'AddedNode',' ',34.04115186,-117.3154618
5200,5201,-2.093560886688162,0.8051581045373131,San Bernardino County,0.3762620009002798,0.0,115,0.0,'AddedNode',' ',34.03889642,-117.2810901
5201,5202,-2.083097121776194,0.8485101143061629,San Bernardino County,0.4001046570645118,0.0,115,0.0,'AddedNode',' ',34.04836573,-117.3048274
5202,5203,-2.0928316942681913,0.8964855327149569,San Bernardino County,0.425718684811626,0.0,66,0.0,'AddedNode',' ',34.04363627,-117.31816
5203,5204,-2.098268503665574,0.9232381416128527,San Bernardino County,0.44000164037240463,0.0,66,0.0,'AddedNode',' ',34.05448536,-117.3412761
5204,5205,-2.098260720183914,0.9232347168809222,San Bernardino County,0.44000000819583046,0.0,115,0.0,'AddedNode',' ',34.08481581,-117.3184946
5205,5206,-2.0912951668272184,0.920169873403976,San Bernardino County,0.43853934913446935,0.0,115,0.0,'AddedNode',' ',34.1285581,-117.3311687
5206,5207,-1.9512911613502495,0.6339967798639601,San Bernardino County,0.29798867452702915,0.0,66,0.0,'AddedNode',' ',34.10763843,-117.1872429
5207,5208,-2.031475981779501,0.660049743641512,San Bernardino County,0.3102339861597464,0.0,66,0.0,'AddedNode',' ',34.09852997,-117.1057423
5208,5209,0.24809428112872567,0.5134921244388032,San Bernardino County,0.2413495500315008,1.8285008,115,0.20860280848465182,'AddedNode',' ',34.07806925,-117.1888879
5209,5210,-2.031475981779501,0.6600497436415123,San Bernardino County,0.3102339861597464,0.0,115,0.0,'AddedNode',' ',34.07020399,-117.2392561
5210,5211,-2.031475981779501,0.660049743641512,San Bernardino County,0.3102339861597464,0.0,66,0.0,'AddedNode',' ',34.10723812,-117.0991012
5211,5212,-2.031480301026971,0.6600511470143361,San Bernardino County,0.3102346457675251,0.0,115,0.0,'AddedNode',' ',34.06275028,-117.1761123
5212,5213,-1.9374623792440224,0.7682444684913222,San Bernardino County,0.3640022235845486,0.0,66,0.0,'AddedNode',' ',34.12117482,-117.4538804
5213,5214,-1.9374623792440224,0.7682444684913222,San Bernardino County,0.3640022235845486,0.0,66,0.0,'AddedNode',' ',34.11307815,-117.4534524
5214,5215,-2.0468780567232066,0.7110814497114193,San Bernardino County,0.3340943360827492,0.0,66,0.0,'AddedNode',' ',34.10404772,-117.5235823
5215,5216,-2.0813694756737506,0.9158025692964503,San Bernardino County,0.43645795660452086,0.0,66,0.0,'AddedNode',' ',34.12147825,-117.3789789
5216,5217,-2.050677333047968,0.7586866087386629,San Bernardino County,0.3579446287531701,0.0,66,0.0,'AddedNode',' ',34.0904996,-117.5331537
5217,5218,-1.6982541034289769,0.6557130420954422,San Bernardino County,0.38596990990390406,0.0,115,0.0,'AddedNode',' ',34.44402097,-116.9457885
5218,5219,-1.2831152056045796,0.5517395384099693,San Bernardino County,0.43000020732474503,0.0,66,0.0,'AddedNode',' ',34.86543799,-116.8661956
5219,5220,-1.2831152056045796,0.5517395384099693,San Bernardino County,0.43000020732474503,0.0,66,0.0,'AddedNode',' ',34.86244768,-116.8908223
5220,5221,-1.2831079534139191,0.5517364199679852,San Bernardino County,0.4299977769556917,0.0,66,0.0,'AddedNode',' ',34.8937998,-117.008551
5221,5222,-1.2831149647124096,0.5517394348263361,San Bernardino County,0.4300001265964654,0.0,66,0.0,'AddedNode',' ',34.89986217,-117.0212639
5222,5223,-1.2831149647124096,0.5517394348263361,San Bernardino County,0.4300001265964654,0.0,66,0.0,'AddedNode',' ',34.89945331,-117.015158
5223,5224,-1.2831079534139191,0.5517364199679852,San Bernardino County,0.4299977769556917,0.0,66,0.0,'AddedNode',' ',34.89928135,-117.0152644
5224,5225,-1.2831079534139191,0.5517364199679852,San Bernardino County,0.4299977769556917,0.0,66,0.0,'AddedNode',' ',34.89682895,-117.0066846
5225,5226,-1.2831239485776318,0.5517432978883816,San Bernardino County,0.43000313728786027,0.0,66,0.0,'AddedNode',' ',34.89890623,-117.0053427
5226,5227,-1.2831254583943943,0.5517439471095895,San Bernardino County,0.4300036432607598,0.0,66,0.0,'AddedNode',' ',34.90092855,-117.0223267
5227,5228,-1.2831149647124096,0.5517394348263361,San Bernardino County,0.4300001265964654,0.0,66,0.0,'AddedNode',' ',34.90137989,-117.0223169
5228,5229,-1.283115255749294,0.5517395599721964,San Bernardino County,0.43000022412934485,0.0,66,0.0,'AddedNode',' ',34.89930446,-117.0223133
5229,5230,-1.283115255749294,0.5517395599721964,San Bernardino County,0.43000022412934485,0.0,66,0.0,'AddedNode',' ',34.89143366,-117.0493817
5230,5231,-1.2831152056045796,0.5517395384099693,San Bernardino County,0.43000020732474503,0.0,66,0.0,'AddedNode',' ',34.86191645,-116.8909005
5231,5232,-1.283115255749294,0.5517395599721964,San Bernardino County,0.43000022412934485,0.0,66,0.0,'AddedNode',' ',34.89186573,-117.0493719
5232,5233,-1.951307763562084,0.6340021741121636,San Bernardino County,0.29799120991036754,0.0,66,0.0,'AddedNode',' ',34.15650611,-117.2896391
5233,5234,-1.9512911613502493,0.6339967798639601,San Bernardino County,0.29798867452702915,0.0,66,0.0,'AddedNode',' ',34.1212581,-117.3089952
5234,5235,-1.951307763562084,0.6340021741121636,San Bernardino County,0.29799120991036754,0.0,66,0.0,'AddedNode',' ',34.14226423,-117.2902435
5235,5236,-1.9512911613502493,0.6339967798639601,San Bernardino County,0.29798867452702915,0.0,66,0.0,'AddedNode',' ',34.12122901,-117.2584848
5236,5237,-1.9512911613502495,0.6339967798639601,San Bernardino County,0.29798867452702915,0.0,66,0.0,'AddedNode',' ',34.11417089,-117.2263103
5237,5238,-1.908389879974607,0.8276749489088732,San Bernardino County,0.3942347813301898,0.0,66,0.0,'AddedNode',' ',34.11561529,-117.2435131
5238,5239,-1.9059644930774367,0.8386243769540721,San Bernardino County,0.39967597186946713,0.0,66,0.0,'AddedNode',' ',34.10421571,-117.2679466
5239,5240,-2.098260382611659,0.92323456834913,San Bernardino County,0.4399999374077756,0.0,66,0.0,'AddedNode',' ',34.08902391,-117.2625713
5240,5241,-2.098260720183915,0.9232347168809226,San Bernardino County,0.4400000081958305,0.0,66,0.0,'AddedNode',' ',34.09709751,-117.2850207
5241,5242,-2.0314711251569,0.660048165669372,San Bernardino County,0.3102332444874833,0.0,66,0.0,'AddedNode',' ',34.0403078,-117.1562122
5242,5243,-2.031480301026971,0.6600511470143361,San Bernardino County,0.3102346457675251,0.0,66,0.0,'AddedNode',' ',34.06293503,-117.2393158
5243,5244,-1.9277248753578224,0.6263398244446505,San Bernardino County,0.2943897824367535,0.0,66,0.0,'AddedNode',' ',34.06288939,-117.2435717
5244,5245,-2.031480301026971,0.6600511470143361,San Bernardino County,0.3102346457675251,0.0,66,0.0,'AddedNode',' ',34.0566502,-117.2392989
5245,5246,-2.0315089178591705,0.6600604449498897,San Bernardino County,0.31023901594664816,0.0,66,0.0,'AddedNode',' ',34.04811229,-117.226509
5246,5247,-2.03148341587765,0.6600521590648895,San Bernardino County,0.3102351214475483,0.0,66,0.0,'AddedNode',' ',34.04854616,-117.2397634
5247,5248,-1.951096780645767,0.6339336233534656,San Bernardino County,0.29795898995220527,0.0,66,0.0,'AddedNode',' ',34.04315554,-117.2434511
5248,5249,-2.0314711251569,0.660048165669372,San Bernardino County,0.3102332444874833,0.0,66,0.0,'AddedNode',' ',34.04399071,-117.1945346
5249,5250,-2.0314711251568998,0.6600481656693719,San Bernardino County,0.3102332444874833,0.0,66,0.0,'AddedNode',' ',34.02822915,-117.163838
5250,5251,-2.0314799443020695,0.6600510311103421,San Bernardino County,0.3102345912907854,0.0,66,0.0,'AddedNode',' ',34.0280433,-117.1187652
5251,5252,-2.0314801214603286,0.6600510886710834,San Bernardino County,0.3102346183452588,0.0,66,0.0,'AddedNode',' ',34.02979564,-117.1119091
5252,5253,3.895879677214541,0.5134901502491396,San Bernardino County,0.24134862213063474,5.47628012,66,0.06965083248533963,'AddedNode',' ',34.01034822,-117.0519515
5253,5254,-2.0813694756737506,0.9158025692964503,San Bernardino County,0.43645795660452086,0.0,66,0.0,'AddedNode',' ',34.10608368,-117.3729044
5254,5255,-2.0813694756737506,0.9158025692964503,San Bernardino County,0.43645795660452086,0.0,66,0.0,'AddedNode',' ',34.10416549,-117.3710587
5255,5256,-2.03148341587765,0.6600521590648895,San Bernardino County,0.3102351214475483,0.0,66,0.0,'AddedNode',' ',34.04853365,-117.2609856
5256,5257,-2.021562550314111,0.8894875221382088,San Bernardino County,0.4239165944204629,0.0,66,0.0,'AddedNode',' ',34.06580991,-117.3310541
5257,5258,-2.088179947107491,0.9187991767272959,San Bernardino County,0.4378860953757602,0.0,66,0.0,'AddedNode',' ',34.0603811,-117.3137941
5258,5259,-2.082840994197562,0.9164500374469273,San Bernardino County,0.43676653034672036,0.0,66,0.0,'AddedNode',' ',34.06183931,-117.3236478
5259,5260,-2.098268503665574,0.9232381416128527,San Bernardino County,0.44000164037240463,0.0,66,0.0,'AddedNode',' ',34.05586774,-117.3186748
5260,5261,-2.08817994710749,0.9187991767272956,San Bernardino County,0.43788609537576006,0.0,66,0.0,'AddedNode',' ',34.06143475,-117.3207767
5261,5262,-2.08817994710749,0.9187991767272956,San Bernardino County,0.43788609537576006,0.0,66,0.0,'AddedNode',' ',34.06144673,-117.3208133
5262,5263,-2.098268503665574,0.9232381416128527,San Bernardino County,0.44000164037240463,0.0,66,0.0,'AddedNode',' ',34.05159001,-117.3405948
5263,5264,-2.081369475673751,0.9158025692964504,San Bernardino County,0.43645795660452097,0.0,66,0.0,'AddedNode',' ',34.05602622,-117.4006983
5264,5265,-2.012032231740269,0.7292862681962275,San Bernardino County,0.3436191595587575,0.0,66,0.0,'AddedNode',' ',34.10669489,-117.4534763
5265,5266,-2.0828576378851373,0.9164573606694605,San Bernardino County,0.4367700204862436,0.0,66,0.0,'AddedNode',' ',34.06321342,-117.3329947
5266,5267,-2.098260712302914,0.9232347134132822,San Bernardino County,0.44000000654320454,0.0,66,0.0,'AddedNode',' ',34.05587302,-117.3181086
5267,5268,-2.093113033213357,0.897871710884486,San Bernardino County,0.42645876192425225,0.0,115,0.0,'AddedNode',' ',34.04849731,-117.3137061
5268,5269,-2.098260712302914,0.9232347134132822,San Bernardino County,0.44000000654320454,0.0,66,0.0,'AddedNode',' ',34.05623409,-117.3184043
5269,5270,8.896609863353879,0.7021011521242931,San Bernardino County,0.33461102257145264,10.4922943,115,0.05088816475987628,'AddedNode',' ',34.06955519,-117.3484152
5270,5271,-2.092205964754868,0.9205706244921419,San Bernardino County,0.4387303411745794,0.0,115,0.0,'AddedNode',' ',34.06871931,-117.3355753
5271,5272,-2.092205964754868,0.9205706244921419,San Bernardino County,0.4387303411745794,0.0,115,0.0,'AddedNode',' ',34.09250042,-117.3486013
5272,5273,-2.0912807043866293,0.8505230089490771,Riverside County,0.4011677439495515,0.0,115,0.0,'AddedNode',' ',34.0118861,-117.3139072
5273,5274,-2.0615776301160373,0.9070941572510565,San Bernardino County,0.43230765625154993,0.0,66,0.0,'AddedNode',' ',34.06309914,-117.3485606
5274,5275,-1.6394494564053725,0.5155789964561016,Riverside County,0.26322119406119576,0.0,115,0.0,'AddedNode',' ',33.94645853,-117.172487
5275,5276,-1.6394494564053725,0.5155789964561016,Riverside County,0.26322119406119576,0.0,115,0.0,'AddedNode',' ',33.94651104,-117.1565545
5276,5277,-2.081369475673751,0.9158025692964504,San Bernardino County,0.43645795660452097,0.0,66,0.0,'AddedNode',' ',34.04884451,-117.4006732
5277,5278,-2.0928763284593725,0.920865584522124,Riverside County,0.43887091476137857,0.0,66,0.0,'AddedNode',' ',34.01461063,-117.4273287
5278,5279,-2.0813661962119294,0.915801126333249,San Bernardino County,0.4364572689096055,0.0,66,0.0,'AddedNode',' ',34.04658905,-117.4095473
5279,5280,-2.0813661962119294,0.915801126333249,San Bernardino County,0.4364572689096055,0.0,66,0.0,'AddedNode',' ',34.0483596,-117.4887688
5280,5281,-2.073648744790119,0.9124054477076523,San Bernardino County,0.43483893871060636,0.0,66,0.0,'AddedNode',' ',34.04829314,-117.507187
5281,5282,-2.065963773289801,0.9090240602475125,San Bernardino County,0.43322741946964743,0.0,66,0.0,'AddedNode',' ',34.06311732,-117.4886384
5282,5283,-2.051511408934927,0.75899519078417,San Bernardino County,0.3580902162519432,0.0,66,0.0,'AddedNode',' ',34.09163425,-117.5663831
5283,5284,-2.050677333047968,0.7586866087386629,San Bernardino County,0.3579446287531701,0.0,66,0.0,'AddedNode',' ',34.0989553,-117.5397588
5284,5285,-1.854853210680383,0.6862377954056232,San Bernardino County,0.3237636332098108,0.0,66,0.0,'AddedNode',' ',34.10244854,-117.5455666
5285,5286,-2.092205964754868,0.9205706244921419,San Bernardino County,0.4387303411745794,0.0,66,0.0,'AddedNode',' ',34.07771634,-117.4333648
5286,5287,-1.9782557269237897,0.8704325198464675,San Bernardino County,0.41483526221832995,0.0,66,0.0,'AddedNode',' ',34.07715981,-117.4882392
5287,5288,-1.9851833383551667,0.8543678584310642,San Bernardino County,0.406695419473999,0.0,66,0.0,'AddedNode',' ',34.0774765,-117.4934499
5288,5289,-2.001184562943217,0.8277652826529588,San Bernardino County,0.39316566333287645,0.0,66,0.0,'AddedNode',' ',34.07741619,-117.5007009
5289,5290,-2.0513186570809974,0.7444761616926502,San Bernardino County,0.3508053939889398,0.0,66,0.0,'AddedNode',' ',34.07741312,-117.5017793
5290,5291,-2.0468780567232066,0.7110814497114193,San Bernardino County,0.3340943360827492,0.0,66,0.0,'AddedNode',' ',34.07741998,-117.5059142
5291,5292,-2.0468780567232066,0.7110814497114193,San Bernardino County,0.3340943360827492,0.0,66,0.0,'AddedNode',' ',34.08821032,-117.5227505
5292,5293,-2.0468780567232066,0.7110814497114193,San Bernardino County,0.3340943360827492,0.0,66,0.0,'AddedNode',' ',34.06679477,-117.522025
5293,5294,-2.057685590722425,0.823169014555967,San Bernardino County,0.39022972745843676,0.0,66,0.0,'AddedNode',' ',34.06281738,-117.5153969
5294,5295,-2.057685590722425,0.823169014555967,San Bernardino County,0.39022972745843676,0.0,66,0.0,'AddedNode',' ',34.06271225,-117.5249668
5295,5296,-2.057685590722425,0.823169014555967,San Bernardino County,0.39022972745843676,0.0,66,0.0,'AddedNode',' ',34.06173017,-117.5243003
5296,5297,-2.057685590722425,0.823169014555967,San Bernardino County,0.39022972745843676,0.0,66,0.0,'AddedNode',' ',34.06272905,-117.5288175
5297,5298,-2.058842634108854,0.8348931372957363,San Bernardino County,0.3961010747745178,0.0,66,0.0,'AddedNode',' ',34.06277131,-117.5420625
5298,5299,-2.0626181272334283,0.8731495633855553,San Bernardino County,0.4152595883478514,0.0,66,0.0,'AddedNode',' ',34.04793175,-117.5420249
5299,5300,-2.066167391614488,0.9091136523103748,San Bernardino County,0.4332701177214278,0.0,66,0.0,'AddedNode',' ',34.04383826,-117.5417993
5300,5301,-2.0736487447901193,0.9124054477076525,San Bernardino County,0.4348389387106064,0.0,66,0.0,'AddedNode',' ',34.03355866,-117.5244986
5301,5302,-2.066167391614488,0.9091136523103748,San Bernardino County,0.4332701177214278,0.0,66,0.0,'AddedNode',' ',34.03354198,-117.541813
5302,5303,-2.0505126709369836,0.7486676838360719,San Bernardino County,0.35291805502945617,0.0,66,0.0,'AddedNode',' ',34.07737642,-117.5417725
5303,5304,-2.051510339890572,0.7589947952711252,San Bernardino County,0.3580900296508245,0.0,66,0.0,'AddedNode',' ',34.09197584,-117.6109734
5304,5305,-1.8719425361908404,0.6925603124628966,San Bernardino County,0.32674656581305506,0.0,66,0.0,'AddedNode',' ',34.1288449,-117.6854848
5305,5306,-2.051510339890572,0.7589947952711252,San Bernardino County,0.3580900296508245,0.0,66,0.0,'AddedNode',' ',34.08434187,-117.5932856
5306,5307,-2.051511408934927,0.75899519078417,San Bernardino County,0.3580902162519432,0.0,66,0.0,'AddedNode',' ',34.09156818,-117.5755956
5307,5308,-2.0661806977756023,0.909119507021265,San Bernardino County,0.43327290799002643,0.0,66,0.0,'AddedNode',' ',34.03357727,-117.5581553
5308,5309,-1.987532898521926,0.8575722313720834,Riverside County,0.4079177966539231,0.0,66,0.0,'AddedNode',' ',34.01882147,-117.5581282
5309,5310,-2.0515103398905725,0.7589947952711252,San Bernardino County,0.3580900296508245,0.0,66,0.0,'AddedNode',' ',34.07737964,-117.5453742
5310,5311,-2.051510339890572,0.7589947952711252,San Bernardino County,0.3580900296508245,0.0,66,0.0,'AddedNode',' ',34.07771812,-117.5932245
5311,5312,-2.0515119294411064,0.7589953833552107,San Bernardino County,0.3580903071060178,0.0,66,0.0,'AddedNode',' ',34.09238826,-117.64156
5312,5313,-2.0515078566818445,0.7589938765614003,San Bernardino County,0.35808959620807285,0.0,66,0.0,'AddedNode',' ',34.0848446,-117.5932349
5313,5314,-2.0661806977756023,0.909119507021265,San Bernardino County,0.43327290799002643,0.0,66,0.0,'AddedNode',' ',34.03980186,-117.5581553
5314,5315,-2.012733769462262,0.8740893653960238,San Bernardino County,0.4160422565183117,0.0,66,0.0,'AddedNode',' ',34.01895385,-117.580237
5315,5316,-1.8587591359021212,0.7205642504525084,San Bernardino County,0.34085733343723557,0.0,66,0.0,'AddedNode',' ',34.05631758,-117.6459626
5316,5317,-2.006540027786125,0.8480705131842367,San Bernardino County,0.40308963840822204,0.0,66,0.0,'AddedNode',' ',34.01902052,-117.5929259
5317,5318,-1.966963498521892,0.6818162649728795,San Bernardino County,0.3203255038209844,0.0,66,0.0,'AddedNode',' ',33.99773972,-117.5931461
5318,5319,-1.965990121634132,0.685685520894781,Riverside County,0.32222938329600825,0.0,66,0.0,'AddedNode',' ',33.91510261,-117.5885814
5319,5320,-2.0284017952896187,0.7031128625253735,San Bernardino County,0.33033090218288297,0.0,66,0.0,'AddedNode',' ',34.00436981,-117.5649584
5320,5321,-1.905885307905099,0.8015711833615263,Riverside County,0.37977521944387743,0.0,66,0.0,'AddedNode',' ',33.95910737,-117.5581278
5321,5322,-1.919798852030098,0.7903891410058219,Riverside County,0.3741597690162691,0.0,66,0.0,'AddedNode',' ',34.01196754,-117.5581365
5322,5323,-1.8587591359021212,0.7205642504525084,San Bernardino County,0.34085733343723557,0.0,66,0.0,'AddedNode',' ',34.04117528,-117.6458526
5323,5324,6.876412046536759,0.5469862239387957,Riverside County,0.2569807245259864,8.45440599,66,0.047964815904091934,'AddedNode',' ',34.00447133,-117.5416516
5324,5325,-2.0284017952896187,0.7031128625253735,San Bernardino County,0.33033090218288297,0.0,66,0.0,'AddedNode',' ',34.00434407,-117.5653046
5325,5326,-2.028409263192081,0.703115451153667,San Bernardino County,0.3303321183516734,0.0,66,0.0,'AddedNode',' ',33.99741104,-117.592741
5326,5327,-1.9506978277988232,0.7655583531264807,San Bernardino County,0.3616901069974534,0.0,66,0.0,'AddedNode',' ',33.96583983,-117.6111509
5327,5328,-2.045656538010521,0.7090939416068485,San Bernardino County,0.33314088526570484,0.0,66,0.0,'AddedNode',' ',34.04084148,-117.6676633
5328,5329,-1.992634853579928,0.690714827368987,San Bernardino County,0.3245061557491531,0.0,66,0.0,'AddedNode',' ',33.9978948,-117.6068376
5329,5330,-2.045656538010521,0.7090939416068484,San Bernardino County,0.33314088526570484,0.0,66,0.0,'AddedNode',' ',34.02657728,-117.6674695
5330,5331,-2.0456565380105207,0.7090939416068482,San Bernardino County,0.33314088526570473,0.0,66,0.0,'AddedNode',' ',34.04660767,-117.6764002
5331,5332,-1.7997702330002983,0.6238614082039483,San Bernardino County,0.29309761318959965,0.0,66,0.0,'AddedNode',' ',34.04874946,-117.6743535
5332,5333,5.845815206693217,0.4853341335255096,San Bernardino County,0.22801582894075387,7.24594978,66,0.044059489101393526,'AddedNode',' ',34.04904872,-117.6700379
5333,5334,-2.040492610406144,0.7083239831647045,San Bernardino County,0.3328022201330097,0.0,66,0.0,'AddedNode',' ',34.04764821,-117.6893606
5334,5335,-1.98210361326771,0.6870643422732522,San Bernardino County,0.322791113827223,0.0,66,0.0,'AddedNode',' ',34.04886578,-117.6764988
5335,5336,-2.0456565380105207,0.7090939416068482,San Bernardino County,0.33314088526570473,0.0,66,0.0,'AddedNode',' ',34.04462802,-117.6763851
5336,5337,-2.0456565380105207,0.7090939416068482,San Bernardino County,0.33314088526570473,0.0,66,0.0,'AddedNode',' ',34.02650163,-117.6762425
5337,5338,-1.8587591359021212,0.7205642504525084,San Bernardino County,0.34085733343723557,0.0,66,0.0,'AddedNode',' ',34.05674734,-117.6459701
5338,5339,-1.9881547508285127,0.7598165348054178,San Bernardino County,0.3370747358662921,0.0,66,0.0,'AddedNode',' ',34.09256495,-117.6498058
5339,5340,-2.0515119294411064,0.7589953833552107,San Bernardino County,0.3580903071060178,0.0,66,0.0,'AddedNode',' ',34.09255818,-117.6415599
5340,5341,-1.9881547508285127,0.7598165348054178,San Bernardino County,0.3370747358662921,0.0,66,0.0,'AddedNode',' ',34.09236733,-117.6498069
5341,5342,-2.0515012767277816,0.7589914421837667,San Bernardino County,0.35808844768061965,0.0,66,0.0,'AddedNode',' ',34.0920683,-117.6286908
5342,5343,-2.0331822803996733,0.7592300483029153,San Bernardino County,0.352011553895178,0.0,66,0.0,'AddedNode',' ',34.08892936,-117.6497924
5343,5344,-2.0133502797713274,0.7594891900623074,San Bernardino County,0.34543241664167834,0.0,66,0.0,'AddedNode',' ',34.09221568,-117.6864486
5344,5345,-2.013423632554597,0.7329997280169744,San Bernardino County,0.33793773316579884,0.0,66,0.0,'AddedNode',' ',34.09231959,-117.6980683
5345,5346,-2.0135272532683985,0.6985058010181766,San Bernardino County,0.32817886521839373,0.0,66,0.0,'AddedNode',' ',34.08136589,-117.6893976
5346,5347,-2.0135272532683977,0.6985058010181765,San Bernardino County,0.3281788652183937,0.0,66,0.0,'AddedNode',' ',34.08134575,-117.7025942
5347,5348,-2.0135272532683977,0.6985058010181765,Los Angeles County,0.3281788652183937,0.0,66,0.0,'AddedNode',' ',34.0942771,-117.76702
5348,5349,-2.020985444306945,0.7054154010986717,San Bernardino County,0.3315228844215852,0.0,66,0.0,'AddedNode',' ',34.04164362,-117.7231063
5349,5350,-2.020985444306945,0.7054154010986717,San Bernardino County,0.3315228844215852,0.0,66,0.0,'AddedNode',' ',34.03365254,-117.693912
5350,5351,-2.020985444306945,0.7054154010986717,San Bernardino County,0.3315228844215852,0.0,66,0.0,'AddedNode',' ',34.04743731,-117.6939935
5351,5352,-2.020990557295559,0.7054171857631402,San Bernardino County,0.3315237231573306,0.0,66,0.0,'AddedNode',' ',33.99715447,-117.6846511
5352,5353,5.555986355164729,0.5487796559653713,San Bernardino County,0.2579090478803944,7.12821698,66,0.05688554439874283,'AddedNode',' ',33.99701022,-117.7143935
5353,5354,-2.020990557295559,0.7054171857631402,San Bernardino County,0.3315237231573306,0.0,66,0.0,'AddedNode',' ',33.99704226,-117.7332801
5354,5355,-2.020990557295559,0.7054171857631402,San Bernardino County,0.3315237231573306,0.0,66,0.0,'AddedNode',' ',33.99711925,-117.6905831
5355,5356,-2.020990557295559,0.7054171857631402,San Bernardino County,0.3315237231573306,0.0,66,0.0,'AddedNode',' ',33.99714568,-117.6887822
5356,5357,-2.0209888059360246,0.7054165744593865,San Bernardino County,0.3315234358639381,0.0,66,0.0,'AddedNode',' ',34.03359246,-117.7241668
5357,5358,-2.020985444306945,0.7054154010986717,San Bernardino County,0.3315228844215851,0.0,66,0.0,'AddedNode',' ',34.04175929,-117.7243091
5358,5359,-2.020990557295559,0.7054171857631402,San Bernardino County,0.3315237231573306,0.0,66,0.0,'AddedNode',' ',33.98976758,-117.6888896
5359,5360,0.0,0.0,San Bernardino County,0.0,0.0,66,0.0,'AddedNode',' ',33.97618215,-117.6887631
5360,5361,-1.8058594727779949,1.8765585048223177,San Bernardino County,0.34229490557978376,2.45904622,66,0.593667365640702,'AddedNode',' ',33.98275054,-117.6759729
5361,5362,-2.020990557295559,0.7054171857631402,San Bernardino County,0.3315237231573306,0.0,66,0.0,'AddedNode',' ',33.99704611,-117.7089863
5362,5363,-2.020990557295559,0.7054171857631402,San Bernardino County,0.3315237231573306,0.0,66,0.0,'AddedNode',' ',33.98976766,-117.7325277
5363,5364,-2.020990557295559,0.7054171857631402,San Bernardino County,0.3315237231573306,0.0,66,0.0,'AddedNode',' ',33.98995248,-117.6905272
5364,5365,-2.020990557295559,0.7054171857631402,San Bernardino County,0.3315237231573306,0.0,66,0.0,'AddedNode',' ',34.00292925,-117.7690764
5365,5366,-2.020990557295559,0.7054171857631403,Los Angeles County,0.3315237231573306,0.0,66,0.0,'AddedNode',' ',34.02512799,-117.7676893
5366,5367,-2.0314711251569,0.660048165669372,San Bernardino County,0.3102332444874833,0.0,66,0.0,'AddedNode',' ',34.05471411,-117.1749288
5367,5368,-1.7555572123966172,0.7724451734545116,Los Angeles County,0.44000053307482623,0.0,66,0.0,'AddedNode',' ',34.8080132,-118.7218404
5368,5369,9.040018251195303,0.600926589474067,Los Angeles County,0.34230004768486966,10.4057605,66,0.044926426750941356,'AddedNode',' ',34.81545051,-118.6858143
5369,5370,-1.7555572123966174,0.7724451734545117,Los Angeles County,0.4400005330748263,0.0,66,0.0,'AddedNode',' ',34.76501639,-118.7224604
5370,5371,-1.7555572123966174,0.7724451734545117,Los Angeles County,0.4400005330748263,0.0,66,0.0,'AddedNode',' ',34.77555751,-118.7747439
5371,5372,-2.2589920845677507,0.9222007346456734,Los Angeles County,0.40239567509108054,0.0,66,0.0,'AddedNode',' ',34.7761284,-118.3256714
5372,5373,-2.3692881007396918,0.9550097310510823,Los Angeles County,0.3941558126216389,0.0,66,0.0,'AddedNode',' ',34.71841909,-118.2677041
5373,5374,-2.3692881007396913,0.9550097310510822,Los Angeles County,0.39415581262163885,0.0,66,0.0,'AddedNode',' ',34.76361198,-117.9697761
5374,5375,-2.0303566000401685,0.8192532120861604,Los Angeles County,0.33973299041759847,0.0,66,0.0,'AddedNode',' ',34.69040596,-117.9696352
5375,5376,-2.3692881007396913,0.9550097310510822,Los Angeles County,0.3941558126216389,0.0,66,0.0,'AddedNode',' ',34.71891561,-118.1791182
5376,5377,-2.3692881007396913,0.9550097310510822,Los Angeles County,0.39415581262163885,0.0,66,0.0,'AddedNode',' ',34.71861807,-118.1485509
5377,5378,-2.355183644763398,0.950813594911138,Los Angeles County,0.39520818584633566,0.0,66,0.0,'AddedNode',' ',34.70097264,-118.1462024
5378,5379,-2.369285278433925,0.9550085934395482,Los Angeles County,0.39415534310160766,0.0,66,0.0,'AddedNode',' ',34.70074184,-118.1482175
5379,5380,-2.3692755263223146,0.9550046625704052,Los Angeles County,0.3941537207360223,0.0,66,0.0,'AddedNode',' ',34.68957557,-118.1481556
5380,5381,-2.3692842528392455,0.9550081800441073,Los Angeles County,0.39415517248322474,0.0,66,0.0,'AddedNode',' ',34.68929138,-118.2285011
5381,5382,-2.369276731278057,0.9550051482624823,Los Angeles County,0.3941539211929906,0.0,66,0.0,'AddedNode',' ',34.68916978,-118.2999968
5382,5383,-2.3692927818624008,0.9550116179122615,Los Angeles County,0.39415659137527576,0.0,66,0.0,'AddedNode',' ',34.69212929,-118.3059984
5383,5384,-2.2597970676883348,0.9108762202322691,Los Angeles County,0.3759408361087923,0.0,66,0.0,'AddedNode',' ',34.64612032,-118.0947425
5384,5385,-2.369275495671485,0.9550046502157065,Los Angeles County,0.39415371563693674,0.0,66,0.0,'AddedNode',' ',34.64590163,-118.1478774
5385,5386,-2.3692754467747883,0.9550046305064862,Los Angeles County,0.3941537075024607,0.0,66,0.0,'AddedNode',' ',34.64589409,-118.16575
5386,5387,-2.3692755263223138,0.955004662570405,Los Angeles County,0.3941537207360222,0.0,66,0.0,'AddedNode',' ',34.68931416,-118.1658225
5387,5388,-2.0303201117107883,0.8192384889675478,Los Angeles County,0.3397268849436854,0.0,66,0.0,'AddedNode',' ',34.61657546,-117.9689678
5388,5389,-2.3692369925730925,0.954989130434204,Los Angeles County,0.3941473102445193,0.0,66,0.0,'AddedNode',' ',34.60226179,-118.0723655
5389,5390,-2.3692754467747883,0.9550046305064862,Los Angeles County,0.3941537075024607,0.0,66,0.0,'AddedNode',' ',34.64276899,-118.1656356
5390,5391,-2.0303201117107883,0.8192384889675478,Los Angeles County,0.3397268849436854,0.0,66,0.0,'AddedNode',' ',34.61662612,-117.9694177
5391,5392,-2.369280088414779,0.9550065014530198,Los Angeles County,0.39415447968773526,0.0,66,0.0,'AddedNode',' ',34.60202677,-118.1118996
5392,5393,-2.3692800884147784,0.9550065014530198,Los Angeles County,0.3941544796877352,0.0,66,0.0,'AddedNode',' ',34.61155737,-118.1135318
5393,5394,-2.369280088414779,0.9550065014530198,Los Angeles County,0.39415447968773526,0.0,66,0.0,'AddedNode',' ',34.6019799,-118.1163138
5394,5395,-2.3692800884147793,0.95500650145302,Los Angeles County,0.3941544796877353,0.0,66,0.0,'AddedNode',' ',34.63122824,-118.1653817
5395,5396,-2.369277266703457,0.9550053640810937,Los Angeles County,0.39415401026659613,0.0,66,0.0,'AddedNode',' ',34.624012,-118.1478659
5396,5397,-2.3692753896493444,0.9550046074804327,Los Angeles County,0.39415369799904676,0.0,66,0.0,'AddedNode',' ',34.66036394,-118.2277077
5397,5398,-2.3692753896493444,0.9550046074804327,Los Angeles County,0.3941536979990467,0.0,66,0.0,'AddedNode',' ',34.66035855,-118.228135
5398,5399,-0.3582710848173325,0.7495843746143372,Los Angeles County,0.30937175685050017,1.50137629,115,0.3831966571615826,'AddedNode',' ',34.51022848,-118.1993437
5399,5400,-2.3692832319977035,0.9550077685645553,Los Angeles County,0.39415500265557596,0.0,66,0.0,'AddedNode',' ',34.64571869,-118.2537825
5400,5401,-2.3692753896493444,0.9550046074804327,Los Angeles County,0.3941536979990467,0.0,66,0.0,'AddedNode',' ',34.66029531,-118.2540885
5401,5402,-2.3692832319977035,0.9550077685645553,Los Angeles County,0.3941550026555759,0.0,66,0.0,'AddedNode',' ',34.63086996,-118.2013671
5402,5403,-2.369277266703457,0.9550053640810937,Los Angeles County,0.39415401026659613,0.0,66,0.0,'AddedNode',' ',34.56514574,-118.1401953
5403,5404,-2.315011333195506,0.9332695169223171,Los Angeles County,0.38544037362927214,0.0,66,0.0,'AddedNode',' ',34.5662904,-118.0581309
5404,5405,-2.1954758661988443,0.8853904728793593,Los Angeles County,0.3662463730070576,0.0,66,0.0,'AddedNode',' ',34.60224144,-118.0584283
5405,5406,-2.284365429939162,0.9209945433344048,Los Angeles County,0.38051954741083677,0.0,66,0.0,'AddedNode',' ',34.58762671,-118.0582945
5406,5407,-2.369277266703457,0.9550053640810937,Los Angeles County,0.39415401026659613,0.0,66,0.0,'AddedNode',' ',34.58731705,-118.1476515
5407,5408,-2.3692790996504978,0.9550061029031305,Los Angeles County,0.3941543151964736,0.0,66,0.0,'AddedNode',' ',34.57240717,-118.129236
5408,5409,-2.369280088414779,0.9550065014530198,Los Angeles County,0.39415447968773526,0.0,66,0.0,'AddedNode',' ',34.60157836,-118.1296536
5409,5410,-2.372037213895266,0.9738988391461061,Los Angeles County,0.3948260238852561,0.0,66,0.0,'AddedNode',' ',34.43903055,-118.5154338
5410,5411,-2.372052850470659,0.9739052591308072,Los Angeles County,0.39482862659606227,0.0,66,0.0,'AddedNode',' ',34.41746937,-118.5418997
5411,5412,-2.37212575753025,0.9739351929363501,Los Angeles County,0.3948407619893365,0.0,66,0.0,'AddedNode',' ',34.47270747,-118.6162484
5412,5413,-2.3720200157495297,0.9738917780198852,Los Angeles County,0.39482316125078315,0.0,66,0.0,'AddedNode',' ',34.46408583,-118.605277
5413,5414,-2.3897218771713633,0.9632461525011697,Los Angeles County,0.39755518467429896,0.0,230,0.0,'AddedNode',' ',34.43192303,-118.135376
5414,5415,-2.389721877171364,0.96324615250117,Los Angeles County,0.39755518467429896,0.0,230,0.0,'AddedNode',' ',34.45211865,-118.5903213
5415,5416,-2.3720609470708127,0.9739085833912547,Los Angeles County,0.39482997427662436,0.0,66,0.0,'AddedNode',' ',34.44182131,-118.588822
5416,5417,-2.3720609470708127,0.9739085833912547,Los Angeles County,0.3948299742766244,0.0,66,0.0,'AddedNode',' ',34.44097987,-118.5880998
5417,5418,-3.055276184336266,1.2986527079609584,Los Angeles County,0.39262204954143526,0.0,66,0.0,'AddedNode',' ',34.45164356,-118.4222812
5418,5419,-2.827781976800958,1.1513658232109008,Los Angeles County,0.3937881542323806,0.0,230,0.0,'AddedNode',' ',34.33658968,-118.4944739
5419,5420,-4.348389341266799,1.9132913101573916,Los Angeles County,0.38844483162987087,0.0,66,0.0,'AddedNode',' ',34.38173169,-118.4922855
5420,5421,-4.348426411934669,1.9133076212512545,Los Angeles County,0.38844814318001264,0.0,66,0.0,'AddedNode',' ',34.3796346,-118.4932938
5421,5422,-2.372052850470659,0.973905259130807,Los Angeles County,0.39482862659606227,0.0,66,0.0,'AddedNode',' ',34.41815871,-118.5814303
5422,5423,-2.8266872349459806,1.1541034382290933,Los Angeles County,0.3870666896228734,0.0,66,0.0,'AddedNode',' ',34.31636797,-118.49421
5423,5424,-2.129013076223058,0.8752398472049092,Los Angeles County,0.36330392607117595,0.0,66,0.0,'AddedNode',' ',34.14929446,-118.664482
5424,5425,-2.128977827983055,0.8752253566108684,Los Angeles County,0.3632979111602656,0.0,66,0.0,'AddedNode',' ',34.14733701,-118.6293019
5425,5426,-2.12898275099336,0.8752273804663513,Los Angeles County,0.3632987512438669,0.0,66,0.0,'AddedNode',' ',34.10718572,-118.7114849
5426,5427,-2.128982750993359,0.8752273804663512,Los Angeles County,0.3632987512438668,0.0,66,0.0,'AddedNode',' ',34.1503754,-118.6937874
5427,5428,-2.128982750993359,0.8752273804663512,Los Angeles County,0.3632987512438668,0.0,66,0.0,'AddedNode',' ',34.1505132,-118.6945355
5428,5429,-2.128964805792404,0.8752200031725629,Los Angeles County,0.36329568899778003,0.0,66,0.0,'AddedNode',' ',34.1515967,-118.693859
5429,5430,-2.3217874775335985,0.9544896364299605,Ventura County,0.3961997770287407,0.0,66,0.0,'AddedNode',' ',34.15507946,-118.875218
5430,5431,-2.3312440687396028,0.9583772524970755,Los Angeles County,0.3978134903265877,0.0,66,0.0,'AddedNode',' ',34.14717589,-118.7665871
5431,5432,-2.1290008801869247,0.8752348333997234,Los Angeles County,0.3633018448872418,0.0,66,0.0,'AddedNode',' ',34.1039066,-118.7115906
5432,5433,-2.1290008801869242,0.8752348333997234,Los Angeles County,0.36330184488724176,0.0,66,0.0,'AddedNode',' ',34.06361525,-118.6968108
5433,5434,-2.129000880186924,0.8752348333997232,Los Angeles County,0.3633018448872417,0.0,66,0.0,'AddedNode',' ',34.08673675,-118.703785
5434,5435,-2.1290008801869247,0.8752348333997234,Los Angeles County,0.3633018448872418,0.0,66,0.0,'AddedNode',' ',34.10351453,-118.7113359
5435,5436,-2.28424334585793,0.9390551985496878,Los Angeles County,0.38979308531273604,0.0,66,0.0,'AddedNode',' ',34.11324679,-118.7510052
5436,5437,-4.348453382346936,1.9133194882326516,Los Angeles County,0.38845055246686105,0.0,66,0.0,'AddedNode',' ',34.41339563,-118.4573922
5437,5438,-3.040713215921176,1.2557386617645778,Los Angeles County,0.3912896859423851,0.0,66,0.0,'AddedNode',' ',34.30228722,-118.4558762
5438,5439,-2.790623871126026,1.136236448570153,Los Angeles County,0.3886136315964253,0.0,66,0.0,'AddedNode',' ',34.31421477,-118.4859569
5439,5440,-3.7009318472358297,1.6025090738531669,Los Angeles County,0.4021162161423391,0.0,66,0.0,'AddedNode',' ',34.19920548,-118.344321
5440,5441,-4.494032201856457,1.9501889280805476,Los Angeles County,0.40684239405422057,0.0,66,0.0,'AddedNode',' ',34.24168249,-118.3903234
5441,5442,-3.465776629619739,1.4987871548224956,Los Angeles County,0.41442077390838894,0.0,66,0.0,'AddedNode',' ',34.17589743,-118.3146591
5442,5443,-3.7009318472358297,1.6025090738531669,Los Angeles County,0.4021162161423391,0.0,66,0.0,'AddedNode',' ',34.19095373,-118.3443234
5443,5444,-4.494011866007402,1.950180103322315,Los Angeles County,0.4068405530603997,0.0,66,0.0,'AddedNode',' ',34.25580969,-118.4291046
5444,5445,-4.494032201856457,1.9501889280805476,Los Angeles County,0.40684239405422057,0.0,66,0.0,'AddedNode',' ',34.23202363,-118.4039331
5445,5446,-3.5449088713689916,1.5099159850351376,Los Angeles County,0.35629632855180277,0.0,66,0.0,'AddedNode',' ',34.30766777,-118.496179
5446,5447,-4.494032201856457,1.9501889280805473,Los Angeles County,0.4068423940542205,0.0,66,0.0,'AddedNode',' ',34.24558066,-118.3849736
5447,5448,-1.8541510838776778,0.6471826574582986,Los Angeles County,0.3041553402633895,0.0,66,0.0,'AddedNode',' ',34.05782378,-117.7754627
5448,5449,-1.89179257685112,0.6603212423692448,Los Angeles County,0.3103300588194499,0.0,66,0.0,'AddedNode',' ',34.05787261,-117.7751288
5449,5450,-2.073648744790119,0.9124054477076523,San Bernardino County,0.43483893871060636,0.0,66,0.0,'AddedNode',' ',34.04828648,-117.5066255
5450,5451,-2.018021777329533,0.8879295820249944,Riverside County,0.42317410320988663,0.0,66,0.0,'AddedNode',' ',34.0204543,-117.542042
5451,5452,-2.0928763284593725,0.920865584522124,Riverside County,0.4388709147613785,0.0,66,0.0,'AddedNode',' ',34.01268832,-117.435875
5452,5453,-2.0928735858703007,0.9208643777829323,Riverside County,0.43887033964733174,0.0,66,0.0,'AddedNode',' ',34.01187328,-117.4408185
5453,5454,-2.092862167788656,0.9208593538270087,Riverside County,0.43886794530426043,0.0,66,0.0,'AddedNode',' ',34.00851774,-117.4395108
5454,5455,-2.0928763284593717,0.9208655845221235,Riverside County,0.4388709147613784,0.0,66,0.0,'AddedNode',' ',34.01102534,-117.4348254
5455,5456,-1.9884333613452787,0.8258687809617479,Riverside County,0.39062697599860124,0.0,66,0.0,'AddedNode',' ',33.96254217,-117.4359934
5456,5457,-1.9884333613452785,0.8258687809617478,Riverside County,0.39062697599860124,0.0,66,0.0,'AddedNode',' ',33.96014511,-117.4516939
5457,5458,-2.020990557295559,0.7054171857631402,San Bernardino County,0.3315237231573306,0.0,66,0.0,'AddedNode',' ',33.97792336,-117.6887961
5458,5459,-2.0928735858703007,0.9208643777829323,Riverside County,0.43887033964733174,0.0,66,0.0,'AddedNode',' ',34.01220777,-117.4841336
5459,5460,-1.905885307905099,0.8015711833615262,Riverside County,0.37977521944387743,0.0,66,0.0,'AddedNode',' ',33.96467723,-117.5581373
5460,5461,-1.905885307905099,0.8015711833615262,Riverside County,0.37977521944387743,0.0,66,0.0,'AddedNode',' ',33.95851721,-117.5249822
5461,5462,-1.9884299503608696,0.825867364255716,Riverside County,0.3906263059120143,0.0,66,0.0,'AddedNode',' ',33.95897543,-117.5221423
5462,5463,-1.9587645181263622,0.8171356442260348,Riverside County,0.3867265716504748,0.0,66,0.0,'AddedNode',' ',33.89600264,-117.5630452
5463,5464,-1.9353761312683295,0.8073787365499008,Riverside County,0.3821089105777216,0.0,66,0.0,'AddedNode',' ',33.89189865,-117.5689462
5464,5465,-1.9353761312683293,0.8073787365499008,Riverside County,0.38210891057772156,0.0,66,0.0,'AddedNode',' ',33.89299338,-117.5800961
5465,5466,-1.935376131268329,0.8073787365499007,Riverside County,0.3821089105777215,0.0,66,0.0,'AddedNode',' ',33.91465347,-117.5879504
5466,5467,-1.9353761312683295,0.8073787365499008,Riverside County,0.3821089105777216,0.0,66,0.0,'AddedNode',' ',33.88441489,-117.5728533
5467,5468,-1.9353761312683295,0.8073787365499008,Riverside County,0.3821089105777216,0.0,66,0.0,'AddedNode',' ',33.85862773,-117.5887857
5468,5469,-1.9353761312683293,0.8073787365499008,Riverside County,0.38210891057772156,0.0,66,0.0,'AddedNode',' ',33.88154733,-117.5881676
5469,5470,-1.9353761312683293,0.8073787365499008,Riverside County,0.38210891057772156,0.0,66,0.0,'AddedNode',' ',33.89651525,-117.589878
5470,5471,-1.797771409026995,0.7353756830626759,Riverside County,0.3471250712393516,0.0,66,0.0,'AddedNode',' ',33.84539506,-117.5374577
5471,5472,-2.084825884369522,0.8478978362825581,Riverside County,0.39992952395429615,0.0,115,0.0,'AddedNode',' ',33.94678274,-117.2441442
5472,5473,-2.08482641372537,0.8478980515713657,Riverside County,0.39992962549996186,0.0,115,0.0,'AddedNode',' ',33.97552888,-117.2614166
5473,5474,-2.08482641372537,0.8478980515713657,Riverside County,0.39992962549996186,0.0,115,0.0,'AddedNode',' ',33.99251173,-117.2763461
5474,5475,-2.064372079568875,0.83957928221805,San Bernardino County,0.3960058963370909,0.0,115,0.0,'AddedNode',' ',34.02478073,-117.3329146
5475,5476,-2.0848233408631196,0.8478968018395425,Riverside County,0.399929036036666,0.0,115,0.0,'AddedNode',' ',33.94677339,-117.2616521
5476,5477,-2.0848233408631196,0.8478968018395425,Riverside County,0.399929036036666,0.0,115,0.0,'AddedNode',' ',33.90625979,-117.2434723
5477,5478,-2.0065699107714092,0.84176589793736,Riverside County,0.4046713210503835,0.0,115,0.0,'AddedNode',' ',33.94641428,-117.1741914
5478,5479,0.4064098356021797,0.6548386381824368,Riverside County,0.3148077362571421,1.96738957,115,0.24977691455843834,'AddedNode',' ',33.92320993,-117.1749645
5479,5480,-2.0065699107714092,0.84176589793736,Riverside County,0.4046713210503835,0.0,115,0.0,'AddedNode',' ',33.92319374,-117.174313
5480,5481,-2.0065699107714092,0.84176589793736,Riverside County,0.4046713210503835,0.0,115,0.0,'AddedNode',' ',33.8366345,-117.1562116
5481,5482,-1.7780689581246418,0.6578625921486138,Riverside County,0.31894673017452424,0.0,115,0.0,'AddedNode',' ',33.74278846,-117.1567557
5482,5483,-1.8833981786918055,0.7659772705931388,Riverside County,0.3612899008342788,0.0,115,0.0,'AddedNode',' ',33.83028087,-117.2170887
5483,5484,-1.8833981786918055,0.7659772705931386,Riverside County,0.36128990083427875,0.0,115,0.0,'AddedNode',' ',33.83028185,-117.2128249
5484,5485,-1.8833936532939557,0.7659754301156797,Riverside County,0.36128903273290813,0.0,115,0.0,'AddedNode',' ',33.85838377,-117.3262839
5485,5486,-1.8833936532939557,0.7659754301156797,Riverside County,0.36128903273290813,0.0,115,0.0,'AddedNode',' ',33.83725367,-117.2615478
5486,5487,-1.615935910536981,0.508184385823499,Riverside County,0.2594459855020608,0.0,115,0.0,'AddedNode',' ',33.77286879,-116.963358
5487,5488,-1.6159359105369815,0.508184385823499,Riverside County,0.2594459855020609,0.0,115,0.0,'AddedNode',' ',33.76540192,-116.9239997
5488,5489,-1.6394518916592757,0.5155797623020744,Riverside County,0.263221585052475,0.0,115,0.0,'AddedNode',' ',33.77275315,-116.9891098
5489,5490,-1.6394518916592757,0.5155797623020744,Riverside County,0.263221585052475,0.0,115,0.0,'AddedNode',' ',33.78022514,-116.989217
5490,5491,-1.5618040959000743,0.4911608499299085,Riverside County,0.2507548722568454,0.0,115,0.0,'AddedNode',' ',33.73483411,-117.006549
5491,5492,-1.5618122714295395,0.4911634209950066,Riverside County,0.2507561848759198,0.0,115,0.0,'AddedNode',' ',33.73363289,-117.0065092
5492,5493,-1.5618040959000745,0.4911608499299086,Riverside County,0.2507548722568454,0.0,115,0.0,'AddedNode',' ',33.72480328,-117.0237723
5493,5494,-1.7349054726020756,0.6276151691682658,Riverside County,0.3106586424936656,0.0,115,0.0,'AddedNode',' ',33.71456529,-117.0765305
5494,5495,-2.0065699107714083,0.8417658979373598,Riverside County,0.4046713210503834,0.0,115,0.0,'AddedNode',' ',33.74044072,-117.154228
5495,5496,-1.9637465170206423,0.8073005550815107,Riverside County,0.388605664138768,0.0,115,0.0,'AddedNode',' ',33.68774751,-117.1453859
5496,5497,-1.9640432061303417,0.8075393379287285,Riverside County,0.38871697025041263,0.0,115,0.0,'AddedNode',' ',33.59730436,-117.1374341
5497,5498,-1.9639077518686643,0.8074302350710351,Riverside County,0.38866611446632704,0.0,115,0.0,'AddedNode',' ',33.59791316,-117.1374335
5498,5499,-1.9639077518686643,0.8074302350710351,Riverside County,0.38866611446632704,0.0,115,0.0,'AddedNode',' ',33.50423171,-117.1224137
5499,5500,-1.5618114042496982,0.4911631482816816,Riverside County,0.2507560456461848,0.0,66,0.0,'AddedNode',' ',33.7468061,-116.976118
5500,5501,-1.963740758171004,0.8072981876056324,Riverside County,0.38860452452040634,0.0,115,0.0,'AddedNode',' ',33.67496943,-117.326482
5501,5502,-1.9016967002290939,0.78184336900761,Riverside County,0.37634987680460164,0.0,115,0.0,'AddedNode',' ',33.55754936,-117.2028641
5502,5503,3.1836974198914483,0.6138683904893077,Riverside County,0.29549282620582923,4.67680585,115,0.09433849597252894,'AddedNode',' ',33.51782986,-117.1590692
5503,5504,-1.9192969905219446,0.7890892119315287,Riverside County,0.37983744557415705,0.0,115,0.0,'AddedNode',' ',33.51802459,-117.1593138
5504,5505,-1.9192969905219446,0.7890892119315287,Riverside County,0.37983744557415705,0.0,115,0.0,'AddedNode',' ',33.50543755,-117.139935
5505,5506,-1.9639077518686643,0.8074302350710351,Riverside County,0.38866611446632704,0.0,115,0.0,'AddedNode',' ',33.50733164,-117.1203791
5506,5507,-1.9639077518686643,0.8074302350710351,Riverside County,0.38866611446632704,0.0,115,0.0,'AddedNode',' ',33.54417055,-117.0441089
5507,5508,-1.963888286422922,0.8074222321546982,Riverside County,0.3886622621676862,0.0,115,0.0,'AddedNode',' ',33.49017333,-117.0639435
5508,5509,-1.9639077518686643,0.8074302350710351,Riverside County,0.38866611446632704,0.0,115,0.0,'AddedNode',' ',33.50397394,-117.1229885
5509,5510,-1.6394494564053725,0.5155789964561015,Riverside County,0.26322119406119576,0.0,115,0.0,'AddedNode',' ',33.92587984,-117.0024293
5510,5511,-1.6604767474960953,0.522191722207657,Riverside County,0.26659722291475246,0.0,115,0.0,'AddedNode',' ',33.91879935,-116.9921098
5511,5512,-1.7690983403618215,0.5748002518885736,Riverside County,0.27016535512188533,0.0,66,0.0,'AddedNode',' ',33.92161503,-116.8762127
5512,5513,-1.7246348057667973,0.5718088119978505,Riverside County,0.2870503511698288,0.0,115,0.0,'AddedNode',' ',33.95035916,-116.6667423
5513,5514,-0.7230448771684564,0.44487748160272994,Riverside County,0.2233303066376891,0.618751844,115,0.48430380626711667,'AddedNode',' ',33.95234362,-116.6645783
5514,5515,-1.7246348057667975,0.5718088119978505,Riverside County,0.2870503511698288,0.0,115,0.0,'AddedNode',' ',33.92943082,-116.6805055
5515,5516,-1.6604767474960953,0.522191722207657,Riverside County,0.26659722291475246,0.0,115,0.0,'AddedNode',' ',33.92538212,-116.7196688
5516,5517,-1.724637612848988,0.571809742695948,Riverside County,0.2870508183840621,0.0,115,0.0,'AddedNode',' ',33.93252293,-116.6153876
5517,5518,-1.724637612848988,0.571809742695948,Riverside County,0.2870508183840621,0.0,115,0.0,'AddedNode',' ',33.93335978,-116.6153851
5518,5519,1.853670501801802,0.4448489239096852,Riverside County,0.2233159705595366,3.19538109,115,0.09376828421222437,'AddedNode',' ',33.93349656,-116.5800433
5519,5520,0.0,0.0,Riverside County,0.0,0.0,115,0.0,'AddedNode',' ',33.92176763,-116.5803924
5520,5521,-1.8062526136314927,0.6369189065162566,Riverside County,0.3137558862666645,0.0,115,0.0,'AddedNode',' ',33.93265189,-116.5689145
5521,5522,0.0,0.0,Riverside County,0.0,0.0,115,0.0,'AddedNode',' ',33.9201343,-116.5803663
5522,5523,-1.6604767474960953,0.522191722207657,Riverside County,0.26659722291475246,0.0,115,0.0,'AddedNode',' ',33.92901897,-116.7083748
5523,5524,-1.6081270367213378,0.4720521207462192,Riverside County,0.24657922423470216,0.0,115,0.0,'AddedNode',' ',33.87744442,-116.4648689
5524,5525,-1.6094923656120164,0.4728390500151817,Riverside County,0.24692173393889652,0.0,115,0.0,'AddedNode',' ',33.81265981,-116.3709243
5525,5526,-1.5212192232227741,0.3992274100527635,Riverside County,0.2169377269848629,0.0,115,0.0,'AddedNode',' ',33.81634144,-116.3709894
5526,5527,-1.5314017179828208,0.4018996948548956,Riverside County,0.21838983016273353,0.0,115,0.0,'AddedNode',' ',33.81640495,-116.3531465
5527,5528,-1.5856275418190107,0.46430655767953266,Riverside County,0.24273583364008536,0.0,115,0.0,'AddedNode',' ',33.90194783,-116.5439256
5528,5529,-1.8062526136314927,0.6369189065162566,Riverside County,0.3137558862666645,0.0,115,0.0,'AddedNode',' ',33.93282419,-116.5273103
5529,5530,-1.8062526136314927,0.6369189065162566,Riverside County,0.3137558862666645,0.0,115,0.0,'AddedNode',' ',33.91507749,-116.5276779
5530,5531,-1.6335131322184864,0.49317672279476765,Riverside County,0.2551866599031237,0.0,115,0.0,'AddedNode',' ',33.90190745,-116.5427374
5531,5532,-1.6726146051885409,0.5257108148835284,Riverside County,0.2684432299947483,0.0,115,0.0,'AddedNode',' ',33.9031489,-116.5277898
5532,5533,-1.6081270367213374,0.47205212074621916,Riverside County,0.24657922423470213,0.0,115,0.0,'AddedNode',' ',33.89928577,-116.5277708
5533,5534,-1.6215328506967566,0.4895597356628544,Riverside County,0.25331510590950673,0.0,115,0.0,'AddedNode',' ',33.91018312,-116.5599384
5534,5535,-1.5441730310040973,0.4351504754025356,Riverside County,0.23052152410162968,0.0,115,0.0,'AddedNode',' ',33.84648654,-116.5055053
5535,5536,-1.544173031004097,0.4351504754025355,Riverside County,0.23052152410162968,0.0,115,0.0,'AddedNode',' ',33.80855552,-116.4734452
5536,5537,-1.4052890890595175,0.39601275433790606,Riverside County,0.20978826602271577,0.0,66,0.0,'AddedNode',' ',33.81214922,-116.5411509
5537,5538,-1.5441695896278989,0.4351495056171174,Riverside County,0.23052101035655692,0.0,115,0.0,'AddedNode',' ',33.80856579,-116.4723914
5538,5539,-1.6081299651943664,0.4720529803747636,Riverside County,0.24657967326676933,0.0,115,0.0,'AddedNode',' ',33.8613918,-116.4556626
5539,5540,-1.5441695896278989,0.4351495056171174,Riverside County,0.23052101035655692,0.0,115,0.0,'AddedNode',' ',33.80861736,-116.4582103
5540,5541,-1.5441695896278989,0.4351495056171174,Riverside County,0.23052101035655692,0.0,115,0.0,'AddedNode',' ',33.79230714,-116.4493304
5541,5542,-1.6094923656120164,0.4728390500151817,Riverside County,0.2469217339388965,0.0,115,0.0,'AddedNode',' ',33.80199857,-116.4057411
5542,5543,-1.5314017179828205,0.40189969485489546,Riverside County,0.2183898301627335,0.0,115,0.0,'AddedNode',' ',33.80162456,-116.3706901
5543,5544,-1.5441695896278989,0.4351495056171174,Riverside County,0.23052101035655692,0.0,115,0.0,'AddedNode',' ',33.80185609,-116.4061798
5544,5545,-1.531416086548386,0.4019034657283694,Riverside County,0.21839187923226025,0.0,115,0.0,'AddedNode',' ',33.80913258,-116.388022
5545,5546,-1.4170623908290905,0.3718925842754924,Riverside County,0.20208415024556856,0.0,115,0.0,'AddedNode',' ',33.81637156,-116.3709902
5546,5547,-1.5314010631985908,0.4018995230139089,Riverside County,0.21838973678539494,0.0,115,0.0,'AddedNode',' ',33.75778659,-116.3738515
5547,5548,-1.5314017179828208,0.4018996948548956,Riverside County,0.21838983016273353,0.0,115,0.0,'AddedNode',' ',33.81639336,-116.3675047
5548,5549,-1.531406243588839,0.4019008825508843,Riverside County,0.21839047554945218,0.0,115,0.0,'AddedNode',' ',33.75804828,-116.335338
5549,5550,-1.531406243588839,0.40190088255088435,Riverside County,0.21839047554945218,0.0,115,0.0,'AddedNode',' ',33.79469037,-116.3709613
5550,5551,-2.2263654534738113,0.8799974656110939,Los Angeles County,0.33688852910152944,0.0,66,0.0,'AddedNode',' ',33.9486267,-117.9062393
5551,5552,5.922700493021131,0.6845963692906326,San Bernardino County,0.26208332738596135,7.65470742,66,0.05930078232541457,'AddedNode',' ',33.98251583,-117.7404383
5552,5553,-2.1171971018725997,0.8357838427656485,Los Angeles County,0.32062678999956756,0.0,66,0.0,'AddedNode',' ',33.94741969,-117.9166115
5553,5554,11.31227755369488,0.6502022094973192,Orange County,0.24943321061568655,12.9593616,66,0.031701983053220924,'AddedNode',' ',33.93564311,-117.9066675
5554,5555,1.2825377817229033,0.7281032315697571,Los Angeles County,0.27928021542653136,3.12673681,66,0.16472390648915136,'AddedNode',' ',33.94755777,-117.9155134
5555,5556,-2.3705344241234245,0.9359042859729145,Orange County,0.3589869393129972,0.0,66,0.0,'AddedNode',' ',33.91839167,-117.8639667
5556,5557,-2.415180129548853,0.9569884157413254,Orange County,0.3648396757765021,0.0,66,0.0,'AddedNode',' ',33.87859823,-117.8777865
5557,5558,-2.4045221565048402,0.9517979242582839,Orange County,0.3634837894284024,0.0,66,0.0,'AddedNode',' ',33.87858527,-117.8811406
5558,5559,-2.1041128775673883,0.8316756787300501,Orange County,0.31838954888616267,0.0,66,0.0,'AddedNode',' ',33.93906478,-117.9242559
5559,5560,-2.226380297691474,0.8800033329649471,Orange County,0.3368907752945999,0.0,66,0.0,'AddedNode',' ',33.93905739,-117.9155431
5560,5561,-2.2263802976914744,0.8800033329649471,Orange County,0.3368907752945999,0.0,66,0.0,'AddedNode',' ',33.92076979,-117.9154803
5561,5562,-1.8620315476233256,0.735990149433795,Orange County,0.28175835563774626,0.0,66,0.0,'AddedNode',' ',33.9248592,-117.9242209
5562,5563,-1.9147785331663585,0.747608057741669,Orange County,0.29197372969891716,0.0,66,0.0,'AddedNode',' ',33.93897986,-117.9329146
5563,5564,-2.0404277391927637,0.7932333374857974,Orange County,0.3132783167702409,0.0,66,0.0,'AddedNode',' ',33.92472617,-117.9549818
5564,5565,-2.2806467808625053,0.8947911256815019,Los Angeles County,0.3507117918745501,0.0,66,0.0,'AddedNode',' ',33.92446702,-117.9942279
5565,5566,-2.2806467808625053,0.8947911256815018,Los Angeles County,0.3507117918745501,0.0,66,0.0,'AddedNode',' ',33.93129857,-117.9933659
5566,5567,-2.1832180734494435,0.8350208783247787,Los Angeles County,0.33858770687507594,0.0,66,0.0,'AddedNode',' ',33.93160718,-117.9920976
5567,5568,-2.2263654534738113,0.8799974656110939,Orange County,0.33688852910152944,0.0,66,0.0,'AddedNode',' ',33.91723585,-117.9153874
5568,5569,-2.123028637433461,0.7980960583773603,Los Angeles County,0.33109769846067344,0.0,66,0.0,'AddedNode',' ',33.93222658,-117.9852405
5569,5570,-2.123095407739079,0.7981211588949844,Orange County,0.33110811164781834,0.0,66,0.0,'AddedNode',' ',33.93905619,-117.959262
5570,5571,-2.2120593403904953,0.8527149729133533,Orange County,0.34217664497502887,0.0,66,0.0,'AddedNode',' ',33.92473642,-117.9593183
5571,5572,-2.1219196980144814,0.8367434918923822,Orange County,0.3216016691567251,0.0,66,0.0,'AddedNode',' ',33.91726073,-117.9331888
5572,5573,-2.1230286374334604,0.7980960583773602,Los Angeles County,0.3310976984606734,0.0,66,0.0,'AddedNode',' ',33.91723536,-117.9854228
5573,5574,-2.4218699086198083,0.9562643646784141,Orange County,0.3667367514301305,0.0,66,0.0,'AddedNode',' ',33.8799803,-117.8370334
5574,5575,-2.370534424123424,0.9359042859729144,Orange County,0.35898693931299713,0.0,66,0.0,'AddedNode',' ',33.91847255,-117.8471988
5575,5576,-2.370534424123424,0.9359042859729144,Orange County,0.35898693931299713,0.0,66,0.0,'AddedNode',' ',33.92052716,-117.8473782
5576,5577,-2.370534424123424,0.9359042859729144,Orange County,0.35898693931299713,0.0,66,0.0,'AddedNode',' ',33.92236338,-117.8473403
5577,5578,-2.3705344241234236,0.9359042859729141,Orange County,0.35898693931299713,0.0,66,0.0,'AddedNode',' ',33.92339751,-117.8640601
5578,5579,-2.2263654534738113,0.8799974656110939,Orange County,0.33688852910152944,0.0,66,0.0,'AddedNode',' ',33.9172447,-117.9070112
5579,5580,-2.226373032358045,0.8800004612553657,Orange County,0.33688967592096,0.0,66,0.0,'AddedNode',' ',33.91101194,-117.8799243
5580,5581,-2.0856891822528167,0.8229323017739298,Orange County,0.3159855509241897,0.0,66,0.0,'AddedNode',' ',33.8889657,-117.787457
5581,5582,-2.0448723596270892,0.8048359860770535,Orange County,0.31032488853631357,0.0,66,0.0,'AddedNode',' ',33.91720315,-117.9634242
5582,5583,-2.0448723596270892,0.8048359860770536,Orange County,0.31032488853631357,0.0,66,0.0,'AddedNode',' ',33.91723959,-117.9684388
5583,5584,-2.183780784680745,0.8592675809228535,Orange County,0.3314686053536673,0.0,66,0.0,'AddedNode',' ',33.87781403,-117.9671094
5584,5585,-2.3380845235547163,0.920480601618249,Orange County,0.3547590126854081,0.0,66,0.0,'AddedNode',' ',33.87601607,-117.9680409
5585,5586,-2.049147006960813,0.8058577265537341,Orange County,0.3111471565891021,0.0,66,0.0,'AddedNode',' ',33.87674632,-117.9592976
5586,5587,-2.0491371398276765,0.8058538461559638,Orange County,0.3111456583410952,0.0,66,0.0,'AddedNode',' ',33.86643397,-117.959475
5587,5588,-2.338095927343113,0.9204850911762174,Orange County,0.3547607429892836,0.0,66,0.0,'AddedNode',' ',33.86639292,-117.9679212
5588,5589,-2.383799002475662,0.9396855498049744,Orange County,0.3613780768508584,0.0,66,0.0,'AddedNode',' ',33.84562982,-117.9812477
5589,5590,-2.383799002475662,0.9396855498049747,Orange County,0.3613780768508584,0.0,66,0.0,'AddedNode',' ',33.84656166,-117.9813154
5590,5591,-2.4246689268344186,0.9557963365372705,Orange County,0.367573857053161,0.0,66,0.0,'AddedNode',' ',33.81740995,-117.9802012
5591,5592,-2.4872878729479706,0.9804805145010215,Orange County,0.37706673556239845,0.0,66,0.0,'AddedNode',' ',33.81768722,-117.9791538
5592,5593,-2.414335645347677,0.949928582489481,Orange County,0.36647872168226664,0.0,66,0.0,'AddedNode',' ',33.8320679,-117.9761157
5593,5594,-2.9699419232378466,1.2765606245059222,Orange County,0.4224386872954295,0.0,66,0.0,'AddedNode',' ',33.83193014,-117.9932325
5594,5595,-2.4872878729479706,0.9804805145010215,Orange County,0.3770667355623984,0.0,66,0.0,'AddedNode',' ',33.81008158,-117.9846376
5595,5596,-2.6689864701353634,1.1123780896924205,Orange County,0.4026808235220263,0.0,66,0.0,'AddedNode',' ',33.81021292,-118.0719619
5596,5597,-2.57727194382188,1.0534616027656312,Los Angeles County,0.3895063900177781,0.0,66,0.0,'AddedNode',' ',33.84974671,-118.0722526
5597,5598,-2.6689864701353634,1.1123780896924205,Los Angeles County,0.4026808235220263,0.0,66,0.0,'AddedNode',' ',33.81747882,-118.0719383
5598,5599,-2.4921030364340617,0.9839692731052934,Orange County,0.3777457427479065,0.0,66,0.0,'AddedNode',' ',33.81016978,-118.0459118
5599,5600,-2.4991440566637264,0.9890807132008311,Orange County,0.37873830832900757,0.0,66,0.0,'AddedNode',' ',33.81676763,-118.0458704
5600,5601,-3.0071904085915775,1.2984584131329862,Orange County,0.42619030789887635,0.0,66,0.0,'AddedNode',' ',33.76646014,-117.990218
5601,5602,-3.0071994754335454,1.2984623280554333,Orange County,0.4261915928857395,0.0,66,0.0,'AddedNode',' ',33.73736135,-117.9891228
5602,5603,-3.0021245194184303,1.296271040362017,Orange County,0.4254723510776798,0.0,66,0.0,'AddedNode',' ',33.73760548,-117.9572312
5603,5604,-3.0021135311583267,1.296266295800869,Orange County,0.4254707937802291,0.0,66,0.0,'AddedNode',' ',33.73796564,-117.9545381
5604,5605,-2.996127492001202,1.2936816164660634,Orange County,0.42462242985083476,0.0,66,0.0,'AddedNode',' ',33.71551712,-117.9204225
5605,5606,-2.996127492001202,1.2936816164660634,Orange County,0.42462242985083476,0.0,66,0.0,'AddedNode',' ',33.72168161,-117.920021
5606,5607,-3.0021226228792717,1.2962702214656747,Orange County,0.42547208229303424,0.0,66,0.0,'AddedNode',' ',33.73810642,-117.9288239
5607,5608,-2.996127492001202,1.2936816164660634,Orange County,0.42462242985083476,0.0,66,0.0,'AddedNode',' ',33.71683147,-117.9208816
5608,5609,-3.0076702067136627,1.2986655825581237,Orange County,0.42625830668897513,0.0,66,0.0,'AddedNode',' ',33.71626281,-117.9285955
5609,5610,-3.009801938835731,1.299586031592723,Orange County,0.4265604237637258,0.0,66,0.0,'AddedNode',' ',33.70140219,-117.9780604
5610,5611,-2.215119618038272,0.8729920111238472,Orange County,0.3358594152368466,0.0,66,0.0,'AddedNode',' ',33.85903927,-117.9679047
5611,5612,-2.215119618038272,0.8729920111238472,Orange County,0.3358594152368466,0.0,66,0.0,'AddedNode',' ',33.84676697,-117.967714
5612,5613,10.248085683004707,0.7310328606187261,Orange County,0.2811358005239152,12.1025735,66,0.04307868214911645,'AddedNode',' ',33.81762151,-117.9587409
5613,5614,-2.38381288873737,0.9396910237226391,Orange County,0.36138018197404437,0.0,66,0.0,'AddedNode',' ',33.80731123,-117.9587501
5614,5615,-2.414335645347677,0.949928582489481,Orange County,0.36647872168226664,0.0,66,0.0,'AddedNode',' ',33.81775953,-117.9759796
5615,5616,-2.38381288873737,0.9396910237226391,Orange County,0.36138018197404437,0.0,66,0.0,'AddedNode',' ',33.80718509,-117.975521
5616,5617,-2.422646426008985,0.9518816378422422,Orange County,0.3680861550817682,0.0,66,0.0,'AddedNode',' ',33.8083741,-117.8978385
5617,5618,-2.200977799553459,0.8647858516212514,Orange County,0.3344068069365723,0.0,66,0.0,'AddedNode',' ',33.85943529,-117.911531
5618,5619,-2.2034106533467415,0.8661975785710501,Orange County,0.33465670291828575,0.0,66,0.0,'AddedNode',' ',33.86796616,-117.920031
5619,5620,-2.3524287463777145,0.9242924200449903,Orange County,0.3574175922090521,0.0,66,0.0,'AddedNode',' ',33.85947578,-117.906951
5620,5621,-2.3524287463777145,0.9242924200449903,Orange County,0.3574175922090521,0.0,66,0.0,'AddedNode',' ',33.85960768,-117.8924773
5621,5622,-2.40770568831287,0.9577973926991861,Orange County,0.36272008702134845,0.0,66,0.0,'AddedNode',' ',33.87154541,-117.8797807
5622,5623,-2.3703910114676945,0.9351798747336595,Orange County,0.35914064008620206,0.0,66,0.0,'AddedNode',' ',33.85957177,-117.8895794
5623,5624,-2.370391011467694,0.9351798747336593,Orange County,0.359140640086202,0.0,66,0.0,'AddedNode',' ',33.87828638,-117.886658
5624,5625,-3.0071904085915775,1.2984584131329862,Orange County,0.42619030789887635,0.0,66,0.0,'AddedNode',' ',33.76642845,-117.9896083
5625,5626,-2.4872587399511095,0.980469030371636,Orange County,0.37706231907159204,0.0,66,0.0,'AddedNode',' ',33.78829395,-117.9842379
5626,5627,-2.4872587399511095,0.980469030371636,Orange County,0.37706231907159204,0.0,66,0.0,'AddedNode',' ',33.76679683,-117.9809555
5627,5628,-2.3847324777677814,0.9400535226257504,Orange County,0.36151958941358,0.0,66,0.0,'AddedNode',' ',33.76605819,-117.9790108
5628,5629,-3.007194408611404,1.298460140279821,Orange County,0.4261908747966946,0.0,66,0.0,'AddedNode',' ',33.73743863,-117.9805616
5629,5630,-3.0094444020864803,1.299431652741706,Orange County,0.4265097523141187,0.0,66,0.0,'AddedNode',' ',33.71757802,-117.9783167
5630,5631,-3.0071994754335454,1.2984623280554333,Orange County,0.4261915928857395,0.0,66,0.0,'AddedNode',' ',33.75338301,-118.0371607
5631,5632,-3.0089871288451997,1.2992342092125082,Orange County,0.42644494583464243,0.0,66,0.0,'AddedNode',' ',33.71757105,-117.9804362
5632,5633,-3.0071994754335454,1.2984623280554333,Orange County,0.4261915928857395,0.0,66,0.0,'AddedNode',' ',33.73751453,-117.9989622
5633,5634,-2.641344102382286,1.1404916236493878,Orange County,0.37434119670141475,0.0,66,0.0,'AddedNode',' ',33.76502558,-117.9289523
5634,5635,-3.010375700057997,1.2998337728345324,Orange County,0.4266417393569385,0.0,66,0.0,'AddedNode',' ',33.69410186,-117.9456255
5635,5636,-3.010364777941112,1.2998290568330053,Orange County,0.426640191433553,0.0,66,0.0,'AddedNode',' ',33.68960806,-117.9455238
5636,5637,-3.010356800358376,1.2998256122358856,Orange County,0.4266390608205952,0.0,66,0.0,'AddedNode',' ',33.65483363,-117.9513485
5637,5638,-2.8062967811852397,1.211715644898123,Orange County,0.39771890925560627,0.0,66,0.0,'AddedNode',' ',33.65363498,-117.951514
5638,5639,-2.9803661103269885,1.2868760950800504,Orange County,0.42238866770213507,0.0,66,0.0,'AddedNode',' ',33.64327898,-117.9546049
5639,5640,-2.9352061228386512,1.267376709366502,Orange County,0.4159884248317883,0.0,66,0.0,'AddedNode',' ',33.63623423,-117.9361557
5640,5641,-2.865956290960027,1.2374757005863637,Orange County,0.40617407882763246,0.0,66,0.0,'AddedNode',' ',33.6524293,-117.9442653
5641,5642,-2.443341575888858,1.0549971881748512,Orange County,0.34627953572713943,0.0,66,0.0,'AddedNode',' ',33.65722624,-117.9077756
5642,5643,-2.5313931736071162,1.0930165093061062,Orange County,0.3587585385316569,0.0,66,0.0,'AddedNode',' ',33.63635422,-117.9274743
5643,5644,-2.575037836954876,1.111861601439397,Orange County,0.3649440239791968,0.0,66,0.0,'AddedNode',' ',33.63012632,-117.924813
5644,5645,-2.5313931736071162,1.0930165093061064,Orange County,0.358758538531657,0.0,66,0.0,'AddedNode',' ',33.63229725,-117.9270966
5645,5646,-3.010364777941112,1.2998290568330053,Orange County,0.426640191433553,0.0,66,0.0,'AddedNode',' ',33.68325742,-117.9454319
5646,5647,-3.0055512466828107,1.2977506483154195,Orange County,0.42595799972291337,0.0,66,0.0,'AddedNode',' ',33.67953143,-117.9537772
5647,5648,-2.9961138843115855,1.2936757408756734,Orange County,0.4246205013180054,0.0,66,0.0,'AddedNode',' ',33.71475077,-117.9209307
5648,5649,-2.5171221916407402,1.0868545195149149,Orange County,0.35673600142163814,0.0,66,0.0,'AddedNode',' ',33.71265007,-117.8839667
5649,5650,-2.9156556357663574,1.2589351107409739,Orange County,0.4132176564490784,0.0,66,0.0,'AddedNode',' ',33.71605239,-117.8851719
5650,5651,-2.5170076468311096,1.0868050608337085,Orange County,0.356719767701437,0.0,66,0.0,'AddedNode',' ',33.71270975,-117.8852343
5651,5652,-2.7166986502103594,1.173028554571903,Orange County,0.3850207259552569,0.0,66,0.0,'AddedNode',' ',33.7037379,-117.8852962
5652,5653,-2.9352061228386512,1.267376709366502,Orange County,0.4159884248317883,0.0,66,0.0,'AddedNode',' ',33.63544628,-117.9361406
5653,5654,-2.621652472909828,1.1319890819135003,Orange County,0.3715504250881773,0.0,66,0.0,'AddedNode',' ',33.63206994,-117.927301
5654,5655,-2.9504826601069265,1.273972882419881,Orange County,0.41815347301210753,0.0,66,0.0,'AddedNode',' ',33.69623803,-117.9041007
5655,5656,-2.8516182186538135,1.2312847422217315,Orange County,0.4041420334229241,0.0,66,0.0,'AddedNode',' ',33.70014689,-117.8768461
5656,5657,-2.9341705863718692,1.2669295806999705,Orange County,0.41584166471830897,0.0,66,0.0,'AddedNode',' ',33.71576586,-117.8441422
5657,5658,-2.8516182186538135,1.2312847422217315,Orange County,0.4041420334229241,0.0,66,0.0,'AddedNode',' ',33.70733903,-117.8767459
5658,5659,-2.8516182186538135,1.2312847422217315,Orange County,0.40414203342292415,0.0,66,0.0,'AddedNode',' ',33.69405435,-117.8543789
5659,5660,0.059734424190032165,0.9578814076606023,Orange County,0.3144034248093165,2.27815879,66,0.3061596151035152,'AddedNode',' ',33.69320659,-117.865807
5660,5661,-2.9803661103269885,1.2868760950800509,Orange County,0.4223886677021351,0.0,66,0.0,'AddedNode',' ',33.64322864,-117.9557825
5661,5662,-3.0016129300720324,1.2960501439768057,Orange County,0.4253998467159885,0.0,66,0.0,'AddedNode',' ',33.6468015,-117.9769723
5662,5663,-3.0016129300720324,1.2960501439768057,Orange County,0.4253998467159885,0.0,66,0.0,'AddedNode',' ',33.6548369,-117.9534334
5663,5664,-3.0093603802675593,1.299395373416874,Orange County,0.42649784442668526,0.0,66,0.0,'AddedNode',' ',33.68327785,-117.9538374
5664,5665,-3.0016129300720324,1.2960501439768057,Orange County,0.4253998467159885,0.0,66,0.0,'AddedNode',' ',33.65044492,-117.9537499
5665,5666,-3.010356800358376,1.2998256122358856,Orange County,0.4266390608205952,0.0,66,0.0,'AddedNode',' ',33.67229525,-117.9463598
5666,5667,-2.99612296333452,1.2936796610576742,Orange County,0.42462178803120076,0.0,66,0.0,'AddedNode',' ',33.70176547,-117.9292478
5667,5668,-3.010356800358376,1.2998256122358856,Orange County,0.4266390608205952,0.0,66,0.0,'AddedNode',' ',33.68647052,-117.9393585
5668,5669,-2.907230083461667,1.2552970872742653,Orange County,0.4120235555631834,0.0,66,0.0,'AddedNode',' ',33.68705355,-117.9127836
5669,5670,-2.865956290960027,1.2374757005863637,Orange County,0.40617407882763246,0.0,66,0.0,'AddedNode',' ',33.65045494,-117.952435
5670,5671,-2.93417058637187,1.2669295806999705,Orange County,0.4158416647183091,0.0,66,0.0,'AddedNode',' ',33.71608664,-117.8537213
5671,5672,-2.501100520577593,1.079936609187402,Orange County,0.3544653500841143,0.0,66,0.0,'AddedNode',' ',33.74540957,-117.9026973
5672,5673,-2.5011005205775936,1.0799366091874023,Orange County,0.35446535008411434,0.0,66,0.0,'AddedNode',' ',33.74862464,-117.9027578
5673,5674,-2.5011005205775936,1.0799366091874023,Orange County,0.35446535008411434,0.0,66,0.0,'AddedNode',' ',33.74867875,-117.9046524
5674,5675,-2.501100520577593,1.079936609187402,Orange County,0.3544653500841143,0.0,66,0.0,'AddedNode',' ',33.74540667,-117.9015495
5675,5676,-2.501100520577593,1.079936609187402,Orange County,0.3544653500841143,0.0,66,0.0,'AddedNode',' ',33.74540379,-117.9024719
5676,5677,-2.5011005205775936,1.0799366091874023,Orange County,0.35446535008411434,0.0,66,0.0,'AddedNode',' ',33.74876721,-117.9289512
5677,5678,-2.3568822990900036,0.9336730139787479,Orange County,0.3677955945356818,0.0,66,0.0,'AddedNode',' ',33.75916555,-118.0294503
5678,5679,-2.6689864701353643,1.1123780896924205,Los Angeles County,0.4026808235220263,0.0,66,0.0,'AddedNode',' ',33.83020159,-118.1252866
5679,5680,-2.289563704655703,0.8959112805022168,Orange County,0.36175064189946693,0.0,66,0.0,'AddedNode',' ',33.75944711,-118.0916171
5680,5681,-2.2410876101595893,0.8682548881101853,Los Angeles County,0.35652128904020364,0.0,66,0.0,'AddedNode',' ',33.76153065,-118.0984496
5681,5682,-2.6689914041127607,1.1123801460716538,Los Angeles County,0.4026815679312257,0.0,66,0.0,'AddedNode',' ',33.77188211,-118.098401
5682,5683,-2.6689864701353634,1.1123780896924205,Orange County,0.4026808235220263,0.0,66,0.0,'AddedNode',' ',33.81027138,-118.0745403
5683,5684,-2.6689864701353634,1.1123780896924202,Orange County,0.4026808235220262,0.0,66,0.0,'AddedNode',' ',33.80369716,-118.083625
5684,5685,-2.6689865523891045,1.1123781239740695,Los Angeles County,0.40268083593198206,0.0,66,0.0,'AddedNode',' ',33.79544558,-118.1032246
5685,5686,-3.0094444020864812,1.299431652741706,Orange County,0.4265097523141188,0.0,66,0.0,'AddedNode',' ',33.72486624,-117.9785171
5686,5687,-3.0016129300720324,1.2960501439768057,Orange County,0.4253998467159885,0.0,66,0.0,'AddedNode',' ',33.65032784,-117.9769341
5687,5688,-3.0016263386897215,1.2960559336110098,Orange County,0.42540174703559747,0.0,66,0.0,'AddedNode',' ',33.65059175,-117.9774791
5688,5689,-3.002280370959837,1.2963383346525816,Orange County,0.42549443894289407,0.0,66,0.0,'AddedNode',' ',33.66478282,-117.9976965
5689,5690,-3.0049703630341753,1.2974998317198132,Orange County,0.42587567471271176,0.0,66,0.0,'AddedNode',' ',33.66481269,-117.9966718
5690,5691,-3.0016263386897215,1.2960559336110098,Orange County,0.42540174703559747,0.0,66,0.0,'AddedNode',' ',33.65747942,-117.9964087
5691,5692,-3.010356800358376,1.2998256122358856,Orange County,0.4266390608205952,0.0,66,0.0,'AddedNode',' ',33.67259492,-117.9462745
5692,5693,-3.0089971630501093,1.299238541827346,Orange County,0.42644636791981133,0.0,66,0.0,'AddedNode',' ',33.70860862,-117.9802711
5693,5694,-3.006791412590683,1.2982861328168853,Orange County,0.4261337606885681,0.0,66,0.0,'AddedNode',' ',33.69355065,-118.0150326
5694,5695,-3.01036388108286,1.299828669583452,Orange County,0.4266400643274365,0.0,66,0.0,'AddedNode',' ',33.69394552,-117.9712498
5695,5696,-3.0049896838749333,1.2975081741607042,Orange County,0.42587841293475714,0.0,66,0.0,'AddedNode',' ',33.68671906,-118.0066425
5696,5697,-3.0049896838749333,1.2975081741607042,Orange County,0.42587841293475714,0.0,66,0.0,'AddedNode',' ',33.69193717,-118.0150137
5697,5698,-2.42264410898529,0.9518807274608155,Orange County,0.36808580304346245,0.0,66,0.0,'AddedNode',' ',33.77850076,-117.8975809
5698,5699,-2.422638655662408,0.9518785847965536,Orange County,0.36808497448976585,0.0,66,0.0,'AddedNode',' ',33.80356469,-117.9002894
5699,5700,-2.4280230290352174,0.953994158117464,Orange County,0.3689030523037814,0.0,66,0.0,'AddedNode',' ',33.81293845,-117.8739244
5700,5701,-2.4218699086198083,0.9562643646784144,Orange County,0.36673675143013057,0.0,66,0.0,'AddedNode',' ',33.88032029,-117.8315705
5701,5702,-2.3171257758300716,0.9147219733196926,Orange County,0.3509241540142104,0.0,66,0.0,'AddedNode',' ',33.89953821,-117.8285679
5702,5703,-2.40770568831287,0.9577973926991861,Orange County,0.36272008702134845,0.0,66,0.0,'AddedNode',' ',33.8594885,-117.8833406
5703,5704,-2.44874403381773,0.9686376893054437,Orange County,0.3703433191136249,0.0,66,0.0,'AddedNode',' ',33.85409178,-117.8259391
5704,5705,-2.44874403381773,0.9686376893054437,Orange County,0.3703433191136249,0.0,66,0.0,'AddedNode',' ',33.86773205,-117.8262046
5705,5706,-2.4077172370035944,0.9578019868262503,Orange County,0.3627218268278891,0.0,66,0.0,'AddedNode',' ',33.84975676,-117.8419243
5706,5707,-2.5160718257413843,1.0162152822015182,Orange County,0.3750238851761095,0.0,66,0.0,'AddedNode',' ',33.80929553,-117.8451822
5707,5708,-2.4604345936560943,0.9768969023123342,Orange County,0.37115655935087327,0.0,66,0.0,'AddedNode',' ',33.8524464,-117.8284383
5708,5709,-2.4280230290352174,0.953994158117464,Orange County,0.36890305230378134,0.0,66,0.0,'AddedNode',' ',33.84972747,-117.8359951
5709,5710,-2.4280230290352174,0.9539941581174642,Orange County,0.36890305230378145,0.0,66,0.0,'AddedNode',' ',33.84775693,-117.834648
5710,5711,-2.80792907131069,1.212420442585695,Orange County,0.3979502435366542,0.0,66,0.0,'AddedNode',' ',33.76729466,-117.8511691
5711,5712,-2.80792907131069,1.212420442585695,Orange County,0.3979502435366542,0.0,66,0.0,'AddedNode',' ',33.77341352,-117.8498291
5712,5713,-2.5063822396477113,1.0093706013215078,Orange County,0.3743496110723001,0.0,66,0.0,'AddedNode',' ',33.84932152,-117.8417803
5713,5714,-2.516062089412581,1.0162113497994216,Orange County,0.37502243396322377,0.0,66,0.0,'AddedNode',' ',33.84564048,-117.8433404
5714,5715,-2.2821842930143257,0.8967011489125823,Orange County,0.346742737475244,0.0,66,0.0,'AddedNode',' ',33.85938226,-117.8024224
5715,5716,-2.4280230290352174,0.9539941581174642,Orange County,0.36890305230378145,0.0,66,0.0,'AddedNode',' ',33.850066,-117.8274028
5716,5717,-2.6482326863183383,1.1434660078921635,Orange County,0.37531747266329124,0.0,66,0.0,'AddedNode',' ',33.81385647,-117.832546
5717,5718,-2.4441378298406518,0.9678566362640253,Orange County,0.36937323029821134,0.0,66,0.0,'AddedNode',' ',33.81363567,-117.8334809
5718,5719,-2.9341612454790718,1.266925547446604,Orange County,0.41584034089193406,0.0,66,0.0,'AddedNode',' ',33.75269017,-117.8437465
5719,5720,-2.516071825741385,1.0162152822015185,Orange County,0.37502388517610963,0.0,66,0.0,'AddedNode',' ',33.80930999,-117.852872
5720,5721,-2.4883847157001786,0.9966497324853564,Orange County,0.3730991777454616,0.0,66,0.0,'AddedNode',' ',33.79064333,-117.8617295
5721,5722,-2.6482326863183383,1.1434660078921635,Orange County,0.37531747266329124,0.0,66,0.0,'AddedNode',' ',33.75999555,-117.8359248
5722,5723,-2.80792907131069,1.212420442585695,Orange County,0.3979502435366542,0.0,66,0.0,'AddedNode',' ',33.76729976,-117.8499265
5723,5724,-2.648265380549034,1.1434801247564583,Orange County,0.3753221062123366,0.0,66,0.0,'AddedNode',' ',33.76000905,-117.8339314
5724,5725,-2.80792907131069,1.212420442585695,Orange County,0.3979502435366542,0.0,66,0.0,'AddedNode',' ',33.76002761,-117.8436808
5725,5726,-2.926995006953705,1.2638312762367745,Orange County,0.41482471467988014,0.0,66,0.0,'AddedNode',' ',33.7528933,-117.8437065
5726,5727,-2.93417058637187,1.2669295806999712,Orange County,0.41584166471830913,0.0,66,0.0,'AddedNode',' ',33.71606501,-117.8832905
5727,5728,-2.9341612454790718,1.2669255474466041,Orange County,0.4158403408919341,0.0,66,0.0,'AddedNode',' ',33.73363214,-117.8452784
5728,5729,-3.027110747394659,1.3070597080285211,Orange County,0.4290134930565836,0.0,66,0.0,'AddedNode',' ',33.68719727,-117.8282667
5729,5730,-2.428037713622166,0.9539999278362831,Orange County,0.36890528341480566,0.0,66,0.0,'AddedNode',' ',33.85468926,-117.8166132
5730,5731,-2.441931884014571,0.963822028049892,Orange County,0.36987022131014624,0.0,66,0.0,'AddedNode',' ',33.8573399,-117.8178527
5731,5732,-2.3705344241234245,0.9359042859729146,Orange County,0.3589869393129972,0.0,66,0.0,'AddedNode',' ',33.89947487,-117.8375629
5732,5733,-2.648265380549034,1.1434801247564583,Orange County,0.3753221062123365,0.0,66,0.0,'AddedNode',' ',33.78874547,-117.8055842
5733,5734,-2.6482648110790588,1.1434798788681109,Orange County,0.3753220255049149,0.0,66,0.0,'AddedNode',' ',33.78860615,-117.8026317
5734,5735,-2.648265380549034,1.1434801247564583,Orange County,0.3753221062123365,0.0,66,0.0,'AddedNode',' ',33.78951608,-117.8055821
5735,5736,-2.6482624464002966,1.1434788578363118,Orange County,0.37532169037376834,0.0,66,0.0,'AddedNode',' ',33.7895155,-117.8014352
5736,5737,-2.648243577812285,1.143470710671178,Orange County,0.37531901624667896,0.0,66,0.0,'AddedNode',' ',33.81410142,-117.8219944
5737,5738,-2.6482653805490335,1.1434801247564583,Orange County,0.37532210621233647,0.0,66,0.0,'AddedNode',' ',33.75950549,-117.8062886
5738,5739,-2.9341705863718692,1.2669295806999705,Orange County,0.41584166471830897,0.0,66,0.0,'AddedNode',' ',33.73238932,-117.8276631
5739,5740,-2.6482781581758594,1.1434856419385442,Orange County,0.3753239171055528,0.0,66,0.0,'AddedNode',' ',33.75778379,-117.8025623
5740,5741,-2.369701081331967,1.0232003590045118,Orange County,0.33584292853413955,0.0,66,0.0,'AddedNode',' ',33.73454109,-117.8029321
5741,5742,-2.9341705863718692,1.2669295806999705,Orange County,0.41584166471830897,0.0,66,0.0,'AddedNode',' ',33.73262125,-117.8274159
5742,5743,-2.8246007329436136,1.2196190088109429,Orange County,0.4003130139765378,0.0,66,0.0,'AddedNode',' ',33.69606926,-117.7619273
5743,5744,-2.908040048102984,1.25564681750746,Orange County,0.41213834679119604,0.0,66,0.0,'AddedNode',' ',33.68638966,-117.7607915
5744,5745,-2.9080449405277804,1.25564892998099,Orange County,0.41213904016399494,0.0,66,0.0,'AddedNode',' ',33.6803996,-117.7524695
5745,5746,-3.0271109194832695,1.3070597823337275,Orange County,0.42901351744562716,0.0,66,0.0,'AddedNode',' ',33.5581,-117.6430205
5746,5747,-2.7660858838996267,1.1943531999624915,Orange County,0.3920200700181294,0.0,66,0.0,'AddedNode',' ',33.64936589,-117.6879009
5747,5748,-2.8012399156189334,1.2095321683813405,Orange County,0.3970022312938284,0.0,66,0.0,'AddedNode',' ',33.61713746,-117.705032
5748,5749,-2.5744940999599972,1.1116268241956562,Orange County,0.36486696353214243,0.0,66,0.0,'AddedNode',' ',33.61640931,-117.7622576
5749,5750,-2.9700782338616087,1.2824339487791114,Orange County,0.4209306312486139,0.0,66,0.0,'AddedNode',' ',33.57434986,-117.7630653
5750,5751,-3.0271109194832695,1.3070597823337273,Orange County,0.4290135174456271,0.0,66,0.0,'AddedNode',' ',33.59288108,-117.729836
5751,5752,-3.0271109194832695,1.3070597823337273,Orange County,0.4290135174456271,0.0,66,0.0,'AddedNode',' ',33.56020113,-117.6547602
5752,5753,-3.0271109194832695,1.3070597823337273,Orange County,0.4290135174456271,0.0,66,0.0,'AddedNode',' ',33.55761074,-117.6462013
5753,5754,-2.8373120883057874,1.2251075759017336,Orange County,0.4021145149523786,0.0,66,0.0,'AddedNode',' ',33.62912022,-117.7242364
5754,5755,-2.4883847157001786,0.9966497324853564,Orange County,0.3730991777454616,0.0,66,0.0,'AddedNode',' ',33.80225786,-117.8617101
5755,5756,-2.4280230290352174,0.9539941581174642,Orange County,0.3689030523037814,0.0,66,0.0,'AddedNode',' ',33.81253398,-117.8775161
5756,5757,-2.9080449405277804,1.2556489299809899,Orange County,0.41213904016399483,0.0,66,0.0,'AddedNode',' ',33.66751805,-117.762019
5757,5758,-2.9080382296032186,1.2556460323073235,Orange County,0.4121380890665861,0.0,66,0.0,'AddedNode',' ',33.66565302,-117.7711635
5758,5759,-2.945781369146512,1.2719429375308922,Orange County,0.4174871884176179,0.0,66,0.0,'AddedNode',' ',33.6751203,-117.8363939
5759,5760,-2.908044940527781,1.2556489299809903,Orange County,0.41213904016399494,0.0,66,0.0,'AddedNode',' ',33.62575668,-117.8323808
5760,5761,-2.530020868287898,1.0924239690459236,Orange County,0.3585640502728298,0.0,66,0.0,'AddedNode',' ',33.63696075,-117.862679
5761,5762,-2.9457813691465113,1.271942937530892,Orange County,0.4174871884176179,0.0,66,0.0,'AddedNode',' ',33.6545681,-117.8654051
5762,5763,-2.945781369146512,1.2719429375308922,Orange County,0.4174871884176179,0.0,66,0.0,'AddedNode',' ',33.6722232,-117.8483392
5763,5764,-2.945781369146512,1.2719429375308922,Orange County,0.4174871884176179,0.0,66,0.0,'AddedNode',' ',33.66047352,-117.8601436
5764,5765,-2.8063319838347818,1.2117308448589674,Orange County,0.39772389830718213,0.0,66,0.0,'AddedNode',' ',33.60772578,-117.8503984
5765,5766,-2.9080449405277804,1.2556489299809899,Orange County,0.41213904016399483,0.0,66,0.0,'AddedNode',' ',33.63242819,-117.7968428
5766,5767,-2.530044256077061,1.0924340675323767,Orange County,0.3585673648780626,0.0,66,0.0,'AddedNode',' ',33.60983208,-117.8638627
5767,5768,-2.75412000038233,1.18918651611061,Orange County,0.39032422010920825,0.0,66,0.0,'AddedNode',' ',33.57756915,-117.8037575
5768,5769,-2.0134236325545967,0.7329997280169744,San Bernardino County,0.3379377331657988,0.0,66,0.0,'AddedNode',' ',34.09352102,-117.6981767
5769,5770,-2.013427975714174,0.7330013091719473,San Bernardino County,0.3379384621318636,0.0,66,0.0,'AddedNode',' ',34.09972126,-117.6981177
5770,5771,-2.0135272532683977,0.6985058010181765,Los Angeles County,0.3281788652183937,0.0,66,0.0,'AddedNode',' ',34.09026237,-117.7700268
5771,5772,-1.8737609677216476,0.6540273945721948,Los Angeles County,0.3073721498022401,0.0,66,0.0,'AddedNode',' ',34.06109122,-117.7955807
5772,5773,-1.9377062330830568,0.7025602377260087,Los Angeles County,0.3278933257142841,0.0,66,0.0,'AddedNode',' ',34.12179219,-117.7683109
5773,5774,-1.8719338715151226,0.6925571068033175,Los Angeles County,0.3267450533985551,0.0,66,0.0,'AddedNode',' ',34.1367935,-117.7473658
5774,5775,-1.9377062330830568,0.7025602377260087,Los Angeles County,0.3278933257142841,0.0,66,0.0,'AddedNode',' ',34.12103983,-117.7941783
5775,5776,-1.8829047902150018,0.6771026933364173,Los Angeles County,0.3164390315213601,0.0,66,0.0,'AddedNode',' ',34.11747198,-117.8077876
5776,5777,-1.8829018984522734,0.6771016534429812,Los Angeles County,0.316438545534707,0.0,66,0.0,'AddedNode',' ',34.1140893,-117.8724492
5777,5778,-1.958663260907989,0.7130638651046354,Los Angeles County,0.3287466242693109,0.0,66,0.0,'AddedNode',' ',34.12084384,-117.7332834
5778,5779,-2.0134279757141744,0.7330013091719474,San Bernardino County,0.33793846213186374,0.0,66,0.0,'AddedNode',' ',34.10665859,-117.6981659
5779,5780,-1.937012386888017,0.674156353158096,Los Angeles County,0.31678835333880406,0.0,66,0.0,'AddedNode',' ',34.07724374,-117.8126833
5780,5781,-1.8828955110137646,0.6770993564857265,Los Angeles County,0.3164374720683979,0.0,66,0.0,'AddedNode',' ',34.11414965,-117.9078245
5781,5782,-1.8829101386260687,0.6771046166538134,Los Angeles County,0.31643993036979207,0.0,66,0.0,'AddedNode',' ',34.12528595,-117.9218693
5782,5783,-1.8828955110137646,0.6770993564857265,Los Angeles County,0.3164374720683979,0.0,66,0.0,'AddedNode',' ',34.11420135,-117.920856
5783,5784,-1.8737609677216476,0.6540273945721948,Los Angeles County,0.3073721498022401,0.0,66,0.0,'AddedNode',' ',34.05823052,-117.7934297
5784,5785,-1.8737609677216471,0.6540273945721948,Los Angeles County,0.3073721498022401,0.0,66,0.0,'AddedNode',' ',34.05832744,-117.7913399
5785,5786,-1.89179257685112,0.6603212423692448,Los Angeles County,0.3103300588194499,0.0,66,0.0,'AddedNode',' ',34.05849755,-117.7751708
5786,5787,-2.020985590459831,0.7054154521126446,Los Angeles County,0.3315229083965357,0.0,66,0.0,'AddedNode',' ',34.005511,-117.8087809
5787,5788,-1.8575787309520733,0.6483790614416227,Los Angeles County,0.3047176122223903,0.0,66,0.0,'AddedNode',' ',34.04180664,-117.8183178
5788,5789,-1.8575787309520733,0.6483790614416227,Los Angeles County,0.3047176122223903,0.0,66,0.0,'AddedNode',' ',34.03976542,-117.8213144
5789,5790,-1.857592529532762,0.6483838777708838,Los Angeles County,0.304719875744517,0.0,66,0.0,'AddedNode',' ',34.02250033,-117.8380851
5790,5791,-1.8119612489020207,0.6324564953053365,Los Angeles County,0.29723451071273566,0.0,66,0.0,'AddedNode',' ',34.01959786,-117.8397468
5791,5792,11.127756466047188,0.5494430770254397,Los Angeles County,0.25802654307628015,12.7119146,66,0.03215525433045426,'AddedNode',' ',34.07792037,-117.9075702
5792,5793,-2.0363102455890214,0.7062657086657913,Los Angeles County,0.3316727554143261,0.0,66,0.0,'AddedNode',' ',34.05007367,-117.9078704
5793,5794,-1.8829158921046243,0.6771066856356582,Los Angeles County,0.31644089729344727,0.0,66,0.0,'AddedNode',' ',34.09932453,-117.8724251
5794,5795,-1.9438259339373603,0.6784832393113296,Los Angeles County,0.318865621841916,0.0,66,0.0,'AddedNode',' ',34.01253031,-117.8442315
5795,5796,-2.020985590459831,0.7054154521126446,Los Angeles County,0.3315229083965357,0.0,66,0.0,'AddedNode',' ',34.00508966,-117.8299328
5796,5797,-1.9683104369926023,0.6870294391823228,Los Angeles County,0.3228820649585,0.0,66,0.0,'AddedNode',' ',34.00256076,-117.8873655
5797,5798,-1.9662644162688754,0.682051155674604,Los Angeles County,0.3203057072870801,0.0,66,0.0,'AddedNode',' ',34.03231915,-117.9161657
5798,5799,-2.0363102455890223,0.7062657086657915,Los Angeles County,0.3316727554143261,0.0,66,0.0,'AddedNode',' ',34.051139,-117.9078671
5799,5800,-1.923363120342184,0.6847938668093162,Los Angeles County,0.3204566419061024,0.0,66,0.0,'AddedNode',' ',34.09294104,-117.8795084
5800,5801,-2.0362870350131135,0.7062576584023909,Los Angeles County,0.331668974892334,0.0,66,0.0,'AddedNode',' ',34.09168894,-117.8899718
5801,5802,-1.9198954848274683,0.6841353292249654,Los Angeles County,0.3201125665323906,0.0,66,0.0,'AddedNode',' ',34.09931334,-117.9033459
5802,5803,-2.036310245589022,0.7062657086657913,Los Angeles County,0.3316727554143261,0.0,66,0.0,'AddedNode',' ',34.05738417,-117.9077793
5803,5804,-2.0363102455890223,0.7062657086657914,Los Angeles County,0.3316727554143261,0.0,66,0.0,'AddedNode',' ',34.05738796,-117.9034505
5804,5805,-2.0363102455890214,0.7062657086657913,Los Angeles County,0.3316727554143261,0.0,66,0.0,'AddedNode',' ',34.05009013,-117.9081898
5805,5806,-2.0363363486582085,0.7062747621500025,Los Angeles County,0.33167700706355324,0.0,66,0.0,'AddedNode',' ',34.08916268,-117.9079668
5806,5807,-2.0362870350131135,0.7062576584023909,Los Angeles County,0.331668974892334,0.0,66,0.0,'AddedNode',' ',34.09090579,-117.8903159
5807,5808,-1.9823796590761809,0.6960126645100034,Los Angeles County,0.32631700096216276,0.0,66,0.0,'AddedNode',' ',34.09606994,-117.9078938
5808,5809,-1.9712585065710773,0.6863763568135464,Los Angeles County,0.322168011899457,0.0,66,0.0,'AddedNode',' ',34.09615972,-117.9344617
5809,5810,-1.964563981845857,0.6926242794405442,Los Angeles County,0.3245472099086457,0.0,66,0.0,'AddedNode',' ',34.09295406,-117.8814684
5810,5811,-1.8829018984522732,0.677101653442981,Los Angeles County,0.31643854553470696,0.0,66,0.0,'AddedNode',' ',34.11414603,-117.8816023
5811,5812,-2.0363092032826176,0.7062653471564031,Los Angeles County,0.33167258564420493,0.0,66,0.0,'AddedNode',' ',34.0301523,-118.025724
5812,5813,-2.036310245589022,0.7062657086657913,Los Angeles County,0.3316727554143261,0.0,66,0.0,'AddedNode',' ',34.01051421,-117.9499263
5813,5814,-2.036310245589022,0.7062657086657914,Los Angeles County,0.3316727554143261,0.0,66,0.0,'AddedNode',' ',34.01036328,-117.9492921
5814,5815,-2.036309203282617,0.706265347156403,Los Angeles County,0.33167258564420493,0.0,66,0.0,'AddedNode',' ',34.0108605,-117.9513201
5815,5816,-2.0363102455890223,0.7062657086657916,Los Angeles County,0.3316727554143261,0.0,66,0.0,'AddedNode',' ',34.00939195,-117.9481591
5816,5817,-2.036310245589022,0.7062657086657914,Los Angeles County,0.3316727554143261,0.0,66,0.0,'AddedNode',' ',34.00992982,-117.9477265
5817,5818,-1.9742543119429101,0.6889721761181042,Los Angeles County,0.32328566258503355,0.0,66,0.0,'AddedNode',' ',34.0959812,-117.9252355
5818,5819,-1.966268460357949,0.6820525584745549,Los Angeles County,0.32030636607172797,0.0,66,0.0,'AddedNode',' ',34.00924875,-117.9253585
5819,5820,-2.0102065872904613,0.6977571742049439,Los Angeles County,0.32764525856945426,0.0,66,0.0,'AddedNode',' ',34.09949346,-117.9799455
5820,5821,-2.0363258606269072,0.7062711245231352,Los Angeles County,0.3316752987805212,0.0,66,0.0,'AddedNode',' ',34.08642412,-117.9270667
5821,5822,-2.0363102455890214,0.7062657086657913,Los Angeles County,0.3316727554143261,0.0,66,0.0,'AddedNode',' ',34.08649777,-117.9079312
5822,5823,-1.9881229365615538,0.6896075394006578,Los Angeles County,0.3238529028746001,0.0,66,0.0,'AddedNode',' ',34.08694701,-117.9270903
5823,5824,-1.966268460357949,0.6820525584745549,Los Angeles County,0.32030636607172797,0.0,66,0.0,'AddedNode',' ',34.08936149,-117.9253018
5824,5825,-1.966268460357949,0.6820525584745549,Los Angeles County,0.32030636607172797,0.0,66,0.0,'AddedNode',' ',34.08948956,-117.926832
5825,5826,-1.966268460357949,0.6820525584745549,Los Angeles County,0.32030636607172797,0.0,66,0.0,'AddedNode',' ',34.0899407,-117.93454
5826,5827,-1.966268460357949,0.6820525584745549,Los Angeles County,0.32030636607172797,0.0,66,0.0,'AddedNode',' ',34.08292825,-117.9254614
5827,5828,-2.0102065872904613,0.6977571742049439,Los Angeles County,0.32764525856945426,0.0,66,0.0,'AddedNode',' ',34.09249709,-117.9431255
5828,5829,-2.01984142469468,0.7005725202519867,Los Angeles County,0.32900020033072974,0.0,66,0.0,'AddedNode',' ',34.08963795,-117.9342783
5829,5830,-0.7364260682560918,0.549467440278899,Los Angeles County,0.25803798441812453,0.84780231,66,0.4821773811670743,'AddedNode',' ',34.02187025,-117.969048
5830,5831,-2.0363092032826176,0.7062653471564031,Los Angeles County,0.33167258564420493,0.0,66,0.0,'AddedNode',' ',34.06071625,-117.9635763
5831,5832,-2.012808307373154,0.6981355901395622,Los Angeles County,0.32785591668107983,0.0,66,0.0,'AddedNode',' ',34.06683778,-117.9715667
5832,5833,-2.082454261668659,0.7442190655187818,Los Angeles County,0.3405539857748309,0.0,66,0.0,'AddedNode',' ',34.07794868,-117.9973045
5833,5834,-2.0296270458126697,0.7039477343608321,Los Angeles County,0.3305842006179199,0.0,66,0.0,'AddedNode',' ',34.06660582,-117.9715891
5834,5835,-2.0088120302610664,0.6967283375418617,Los Angeles County,0.3271938657821811,0.0,66,0.0,'AddedNode',' ',34.05847347,-117.990702
5835,5836,-2.0363092032826176,0.7062653471564031,Los Angeles County,0.33167258564420493,0.0,66,0.0,'AddedNode',' ',34.02785317,-117.9934487
5836,5837,-2.0363092032826167,0.7062653471564029,Los Angeles County,0.3316725856442049,0.0,66,0.0,'AddedNode',' ',34.0405517,-117.9768145
5837,5838,-2.0363092032826176,0.7062653471564031,Los Angeles County,0.33167258564420493,0.0,66,0.0,'AddedNode',' ',34.0367618,-117.9720267
5838,5839,-2.036309203282617,0.7062653471564029,Los Angeles County,0.3316725856442049,0.0,66,0.0,'AddedNode',' ',34.05004856,-117.990568
5839,5840,-2.0224870966291335,0.7014838155553864,Los Angeles County,0.3294278049656238,0.0,66,0.0,'AddedNode',' ',34.06794443,-117.9729991
5840,5841,-2.036252999777242,0.7062458537571826,Los Angeles County,0.33166343125747416,0.0,66,0.0,'AddedNode',' ',34.03177345,-117.9776858
5841,5842,-2.036309203282617,0.7062653471564029,Los Angeles County,0.33167258564420493,0.0,66,0.0,'AddedNode',' ',34.04576741,-117.9543324
5842,5843,-2.0363092032826176,0.7062653471564031,Los Angeles County,0.33167258564420493,0.0,66,0.0,'AddedNode',' ',34.04687586,-117.9558278
5843,5844,-2.0363092032826176,0.7062653471564031,Los Angeles County,0.33167258564420493,0.0,66,0.0,'AddedNode',' ',34.04895766,-117.9590814
5844,5845,-1.966268460357949,0.6820525584745549,Los Angeles County,0.32030636607172797,0.0,66,0.0,'AddedNode',' ',34.08286008,-117.9262106
5845,5846,-1.959564123244127,0.6851472220698626,Los Angeles County,0.3214090486218556,0.0,66,0.0,'AddedNode',' ',34.11784805,-117.9340321
5846,5847,-1.959564123244127,0.6851472220698626,Los Angeles County,0.3214090486218556,0.0,66,0.0,'AddedNode',' ',34.12427928,-117.9339337
5847,5848,-1.8838074157803482,0.677208055791853,Los Angeles County,0.3165018646768689,0.0,66,0.0,'AddedNode',' ',34.10686915,-117.9252359
5848,5849,-2.358078096980468,0.9406407821391384,Los Angeles County,0.39169264849108626,0.0,66,0.0,'AddedNode',' ',34.03850337,-118.0224761
5849,5850,-2.5382731511201695,1.0289392338731427,Los Angeles County,0.38487833523728704,0.0,66,0.0,'AddedNode',' ',33.90319758,-118.0464969
5850,5851,-2.2806467808625053,0.8947911256815018,Los Angeles County,0.3507117918745501,0.0,66,0.0,'AddedNode',' ',33.92847582,-118.005401
5851,5852,-2.2806467808625053,0.8947911256815018,Los Angeles County,0.3507117918745501,0.0,66,0.0,'AddedNode',' ',33.9095557,-118.0465355
5852,5853,-2.1641712076829562,0.7945480650920592,Los Angeles County,0.34203279946061793,0.0,66,0.0,'AddedNode',' ',33.90259035,-118.0379658
5853,5854,-2.1641712076829562,0.7945480650920592,Los Angeles County,0.34203279946061793,0.0,66,0.0,'AddedNode',' ',33.90259228,-118.037737
5854,5855,-2.164163095427794,0.7945450867802603,Los Angeles County,0.3420315173728916,0.0,66,0.0,'AddedNode',' ',33.93681368,-118.1298552
5855,5856,-2.1641712076829562,0.7945480650920592,Los Angeles County,0.34203279946061793,0.0,66,0.0,'AddedNode',' ',33.90219578,-118.1092891
5856,5857,-2.164171207682956,0.794548065092059,Los Angeles County,0.3420327994606179,0.0,66,0.0,'AddedNode',' ',33.90219047,-118.1096583
5857,5858,-2.571723286712529,1.049897201386869,Orange County,0.38870934709488103,0.0,66,0.0,'AddedNode',' ',33.84995136,-118.0458595
5858,5859,-2.5382731511201695,1.028939233873143,Los Angeles County,0.38487833523728704,0.0,66,0.0,'AddedNode',' ',33.90261772,-118.0464941
5859,5860,-2.1641712076829562,0.7945480650920592,Los Angeles County,0.34203279946061793,0.0,66,0.0,'AddedNode',' ',33.91087301,-118.0817281
5860,5861,-2.164163095427794,0.7945450867802603,Los Angeles County,0.3420315173728916,0.0,66,0.0,'AddedNode',' ',33.94153199,-118.1386518
5861,5862,-2.160469520754444,0.8080452837963819,Los Angeles County,0.33846068106406285,0.0,66,0.0,'AddedNode',' ',33.94054981,-118.1393703
5862,5863,-2.4987321045601,1.0030084019576968,Los Angeles County,0.3782244488533874,0.0,66,0.0,'AddedNode',' ',33.87463549,-118.1436414
5863,5864,-2.1522198968581012,0.7883192302613737,Los Angeles County,0.3405825326525546,0.0,66,0.0,'AddedNode',' ',33.94714087,-118.148864
5864,5865,-2.118650821379677,0.7708200447474777,Los Angeles County,0.3365098315951083,0.0,66,0.0,'AddedNode',' ',33.94729543,-118.1170516
5865,5866,-2.1355071142224418,0.7840244060045448,Los Angeles County,0.33750263100837385,0.0,66,0.0,'AddedNode',' ',33.93579438,-118.0943162
5866,5867,-2.113096809041967,0.7757967461243762,Los Angeles County,0.33396083200909255,0.0,66,0.0,'AddedNode',' ',33.93544724,-118.0677859
5867,5868,-2.1130968090419664,0.775796746124376,Los Angeles County,0.33396083200909255,0.0,66,0.0,'AddedNode',' ',33.93878599,-118.0610994
5868,5869,-2.113092748808451,0.775795255461035,Los Angeles County,0.3339601903163139,0.0,66,0.0,'AddedNode',' ',33.94157413,-118.048576
5869,5870,-2.118650821379677,0.7708200447474778,Los Angeles County,0.33650983159510833,0.0,66,0.0,'AddedNode',' ',33.95889053,-118.1402706
5870,5871,-2.275728523725615,0.8712608647836995,Los Angeles County,0.3636416098889221,0.0,66,0.0,'AddedNode',' ',33.96230416,-118.1558782
5871,5872,-2.1522347871976444,0.7883246843234906,Los Angeles County,0.34058488900543515,0.0,66,0.0,'AddedNode',' ',33.95455025,-118.17751
5872,5873,-1.9585123121588313,0.7532129850340706,Los Angeles County,0.3131245535250409,0.0,66,0.0,'AddedNode',' ',33.96713872,-118.1997586
5873,5874,-2.2912218831925677,0.8811678452572838,Los Angeles County,0.36631775289207047,0.0,66,0.0,'AddedNode',' ',33.98123482,-118.1862868
5874,5875,-2.2912218831925677,0.8811678452572838,Los Angeles County,0.36631775289207047,0.0,66,0.0,'AddedNode',' ',33.99626615,-118.1454694
5875,5876,-2.25805573814163,0.8646840260710857,Los Angeles County,0.36082719075943315,0.0,66,0.0,'AddedNode',' ',33.96403746,-118.1947757
5876,5877,-2.2580785030951347,0.8646927435227049,Los Angeles County,0.36083082849701514,0.0,66,0.0,'AddedNode',' ',33.96645002,-118.1944345
5877,5878,-2.2770934582318345,0.8648093491927885,Los Angeles County,0.35406637372601757,0.0,66,0.0,'AddedNode',' ',33.90196412,-118.1002895
5878,5879,-2.4841929991648857,0.9936686272526901,Los Angeles County,0.3761359631473631,0.0,66,0.0,'AddedNode',' ',33.85337488,-118.1001552
5879,5880,-2.4841929991648857,0.99366862725269,Los Angeles County,0.3761359631473631,0.0,66,0.0,'AddedNode',' ',33.88018891,-118.0996096
5880,5881,-2.1816760445873324,0.8054624509288424,Los Angeles County,0.3439249785879383,0.0,66,0.0,'AddedNode',' ',33.90215312,-118.1164665
5881,5882,-0.9046220223562713,0.7803248597785579,Los Angeles County,0.29425270958875754,1.0393525,66,0.5503616632228657,'AddedNode',' ',33.86680213,-118.1176304
5882,5883,-2.4987321045600996,1.0030084019576968,Los Angeles County,0.3782244488533874,0.0,66,0.0,'AddedNode',' ',33.86674897,-118.1173052
5883,5884,-2.4987321045600996,1.0030084019576968,Los Angeles County,0.3782244488533874,0.0,66,0.0,'AddedNode',' ',33.8637559,-118.1194884
5884,5885,-2.164171207682956,0.794548065092059,Los Angeles County,0.3420327994606179,0.0,66,0.0,'AddedNode',' ',33.90998419,-118.1109124
5885,5886,-2.4841929991648857,0.9936686272526901,Los Angeles County,0.3761359631473631,0.0,66,0.0,'AddedNode',' ',33.88213001,-118.0996814
5886,5887,-2.4841929991648857,0.9936686272526901,Los Angeles County,0.3761359631473631,0.0,66,0.0,'AddedNode',' ',33.85432465,-118.1004111
5887,5888,-2.4841929991648857,0.9936686272526901,Los Angeles County,0.3761359631473631,0.0,66,0.0,'AddedNode',' ',33.85347401,-118.0993713
5888,5889,-2.4841929991648857,0.99366862725269,Los Angeles County,0.376135963147363,0.0,66,0.0,'AddedNode',' ',33.85319777,-118.0993716
5889,5890,-2.4841929991648852,0.99366862725269,Los Angeles County,0.376135963147363,0.0,66,0.0,'AddedNode',' ',33.85079914,-118.0636331
5890,5891,-2.5717232867125297,1.0498972013868693,Los Angeles County,0.3887093470948811,0.0,66,0.0,'AddedNode',' ',33.84983418,-118.0638832
5891,5892,-2.6689864701353634,1.1123780896924205,Los Angeles County,0.4026808235220263,0.0,66,0.0,'AddedNode',' ',33.84621395,-118.0721978
5892,5893,-2.571723286712529,1.049897201386869,Los Angeles County,0.38870934709488103,0.0,66,0.0,'AddedNode',' ',33.88048302,-118.0463108
5893,5894,-2.510095532340925,1.0103081533842502,Los Angeles County,0.3798567608730464,0.0,66,0.0,'AddedNode',' ',33.88050253,-118.0472893
5894,5895,-2.4841929991648857,0.99366862725269,Los Angeles County,0.3761359631473631,0.0,66,0.0,'AddedNode',' ',33.88027549,-118.090598
5895,5896,-2.4841929991648857,0.99366862725269,Los Angeles County,0.3761359631473631,0.0,66,0.0,'AddedNode',' ',33.88031226,-118.072947
5896,5897,-2.4484854290527265,0.9776220939665758,Orange County,0.37078592008451655,0.0,66,0.0,'AddedNode',' ',33.85008062,-118.0280065
5897,5898,0.8438696096750689,0.6761903259841883,Los Angeles County,0.25646091032479107,2.53740965,66,0.17116937362211704,'AddedNode',' ',33.88710096,-118.0377027
5898,5899,-2.1769021484204,0.8691853385962132,Los Angeles County,0.3296587582096806,0.0,66,0.0,'AddedNode',' ',33.88250603,-118.0291038
5899,5900,-2.1769021484204,0.8691853385962133,Orange County,0.3296587582096806,0.0,66,0.0,'AddedNode',' ',33.87145284,-118.0285662
5900,5901,-2.1130968090419664,0.7757967461243759,Los Angeles County,0.33396083200909255,0.0,66,0.0,'AddedNode',' ',33.93555233,-118.06416
5901,5902,-2.113096809041967,0.7757967461243762,Los Angeles County,0.33396083200909255,0.0,66,0.0,'AddedNode',' ',33.93541683,-118.082118
5902,5903,-2.2770934582318345,0.8648093491927885,Los Angeles County,0.35406637372601757,0.0,66,0.0,'AddedNode',' ',33.90244969,-118.0644098
5903,5904,-2.224260185054349,0.8361329878318452,Los Angeles County,0.3475891585929095,0.0,66,0.0,'AddedNode',' ',33.92526834,-118.0641217
5904,5905,-2.101450765903912,0.7663180278447438,Los Angeles County,0.3333596602428799,0.0,66,0.0,'AddedNode',' ',33.94824898,-118.0581638
5905,5906,-2.2806467808625053,0.8947911256815018,Los Angeles County,0.3507117918745501,0.0,66,0.0,'AddedNode',' ',33.92690512,-118.0120856
5906,5907,-2.1337997980210353,0.7905012778141975,Los Angeles County,0.3360304254136352,0.0,66,0.0,'AddedNode',' ',33.92525983,-118.0245151
5907,5908,-2.113092748808451,0.775795255461035,Los Angeles County,0.3339601903163139,0.0,66,0.0,'AddedNode',' ',33.94032328,-118.0468043
5908,5909,-2.113203550169094,0.7758359347780848,Los Angeles County,0.3339777017310439,0.0,66,0.0,'AddedNode',' ',33.94411585,-118.0522303
5909,5910,-2.1131547727738753,0.7758180267748487,Los Angeles County,0.33396999278963596,0.0,66,0.0,'AddedNode',' ',33.95047641,-118.0458723
5910,5911,-2.1009110236642137,0.7658809215140631,Los Angeles County,0.33333127691774417,0.0,66,0.0,'AddedNode',' ',33.94944071,-118.0599331
5911,5912,-2.093648983715442,0.7590766088239954,Los Angeles County,0.33316930468997663,0.0,66,0.0,'AddedNode',' ',33.95409325,-118.0434544
5912,5913,-2.1117697713648926,0.7753095410387155,Los Angeles County,0.3337511025708356,0.0,66,0.0,'AddedNode',' ',33.95739267,-118.0712809
5913,5914,-2.1355071142224418,0.7840244060045448,Los Angeles County,0.33750263100837385,0.0,66,0.0,'AddedNode',' ',33.96204546,-118.0835594
5914,5915,-2.1355071142224418,0.7840244060045448,Los Angeles County,0.33750263100837385,0.0,66,0.0,'AddedNode',' ',33.93542984,-118.090319
5915,5916,-2.113106833933724,0.7758004266364912,Los Angeles County,0.33396241637625346,0.0,66,0.0,'AddedNode',' ',33.94173951,-118.0554831
5916,5917,-2.08855106252744,0.7547011678186006,Los Angeles County,0.3329600414391537,0.0,66,0.0,'AddedNode',' ',33.95625612,-118.0465182
5917,5918,-2.0391369945629223,0.7122427089912233,Los Angeles County,0.33094294238540123,0.0,66,0.0,'AddedNode',' ',33.96463082,-118.0704023
5918,5919,-2.060059160969501,0.7563246449784928,Los Angeles County,0.3255785861023769,0.0,66,0.0,'AddedNode',' ',33.96335603,-118.0703449
5919,5920,-2.0658156050146124,0.7354031321842055,Los Angeles County,0.33197548344782374,0.0,66,0.0,'AddedNode',' ',33.95869582,-118.0661048
5920,5921,-2.1117697713648926,0.7753095410387154,Los Angeles County,0.3337511025708355,0.0,66,0.0,'AddedNode',' ',33.95454876,-118.0673025
5921,5922,-2.0391369945629223,0.7122427089912232,Los Angeles County,0.3309429423854011,0.0,66,0.0,'AddedNode',' ',33.96451993,-118.0660176
5922,5923,-2.0391369945629223,0.7122427089912232,Los Angeles County,0.3309429423854011,0.0,66,0.0,'AddedNode',' ',33.95894805,-118.0505052
5923,5924,-2.0363267635761932,0.7062714376984573,Los Angeles County,0.33167544585225467,0.0,66,0.0,'AddedNode',' ',34.02093632,-118.1053631
5924,5925,-2.192538805124271,0.8246194560606201,Los Angeles County,0.36109499861670263,0.0,66,0.0,'AddedNode',' ',34.02703055,-118.1253215
5925,5926,-2.036309203282618,0.7062653471564032,Los Angeles County,0.33167258564420504,0.0,66,0.0,'AddedNode',' ',34.00526559,-118.0716682
5926,5927,-2.036309203282618,0.7062653471564032,Los Angeles County,0.33167258564420504,0.0,66,0.0,'AddedNode',' ',34.02342268,-118.0374798
5927,5928,-2.036309203282618,0.7062653471564032,Los Angeles County,0.33167258564420504,0.0,66,0.0,'AddedNode',' ',34.00564165,-118.0773435
5928,5929,-2.0363092032826176,0.7062653471564031,Los Angeles County,0.33167258564420504,0.0,66,0.0,'AddedNode',' ',34.00199629,-118.0784804
5929,5930,-2.036309203282618,0.7062653471564032,Los Angeles County,0.33167258564420504,0.0,66,0.0,'AddedNode',' ',34.00503301,-118.067709
5930,5931,-2.0363049533218485,0.7062638731169925,Los Angeles County,0.33167189341363656,0.0,66,0.0,'AddedNode',' ',33.98981295,-118.0648967
5931,5932,-2.036309203282618,0.7062653471564032,Los Angeles County,0.33167258564420504,0.0,66,0.0,'AddedNode',' ',34.02267657,-118.0879207
5932,5933,-2.275738798034178,0.8712647982946038,Los Angeles County,0.36364325163400163,0.0,66,0.0,'AddedNode',' ',33.96464546,-118.1784148
5933,5934,-2.179454373438712,0.8066053498202325,Los Angeles County,0.3456669274591438,0.0,66,0.0,'AddedNode',' ',33.95481989,-118.1800558
5934,5935,-2.0363430520700527,0.70627708713458,Los Angeles County,0.3316780989104767,0.0,66,0.0,'AddedNode',' ',33.96190382,-118.1113387
5935,5936,-2.1276976071871605,0.7689620395569865,Los Angeles County,0.34409376389513746,0.0,66,0.0,'AddedNode',' ',33.96911795,-118.117814
5936,5937,-2.1970699571780656,0.8165634148035288,Los Angeles County,0.35352190741334066,0.0,66,0.0,'AddedNode',' ',33.9709992,-118.1160933
5937,5938,-2.2912218831925677,0.8811678452572838,Los Angeles County,0.36631775289207047,0.0,66,0.0,'AddedNode',' ',33.97251202,-118.1209945
5938,5939,-2.291230016142054,0.8811709730615473,Los Angeles County,0.36631905317808916,0.0,66,0.0,'AddedNode',' ',33.99610368,-118.1973786
5939,5940,-2.1852973840552994,0.810922759870474,Los Angeles County,0.3467938999964357,0.0,66,0.0,'AddedNode',' ',33.95703702,-118.1864331
5940,5941,-2.56144853318005,1.034512808767772,Los Angeles County,0.3879794915543139,0.0,66,0.0,'AddedNode',' ',33.94461205,-118.1664104
5941,5942,-2.2912218831925677,0.8811678452572838,Los Angeles County,0.36631775289207047,0.0,66,0.0,'AddedNode',' ',33.97787111,-118.1489679
5942,5943,-2.2912058367605876,0.8811616740523053,Los Angeles County,0.3663151874081476,0.0,66,0.0,'AddedNode',' ',33.97981576,-118.1682702
5943,5944,-2.291230846492274,0.8811712924011623,Los Angeles County,0.36631918593346696,0.0,66,0.0,'AddedNode',' ',33.98001977,-118.1683094
5944,5945,-2.291216529194907,0.8811657861941189,Los Angeles County,0.3663168969014714,0.0,66,0.0,'AddedNode',' ',33.97805254,-118.1489875
5945,5946,-2.275720995180403,0.8712579824861215,Los Angeles County,0.3636404068929264,0.0,66,0.0,'AddedNode',' ',33.96250271,-118.1787654
5946,5947,-2.081010159870364,0.7369388033955321,Los Angeles County,0.3377476580277675,0.0,66,0.0,'AddedNode',' ',33.9792087,-118.1098525
5947,5948,-2.0363092032826176,0.7062653471564032,Los Angeles County,0.331672585644205,0.0,66,0.0,'AddedNode',' ',33.99916743,-118.0792754
5948,5949,-2.0363092032826176,0.7062653471564032,Los Angeles County,0.331672585644205,0.0,66,0.0,'AddedNode',' ',33.97119499,-118.1051507
5949,5950,-2.0363430520700527,0.70627708713458,Los Angeles County,0.3316780989104767,0.0,66,0.0,'AddedNode',' ',33.96172185,-118.1111781
5950,5951,-2.2535195808380033,0.8618621779351011,Los Angeles County,0.3663031034468312,0.0,66,0.0,'AddedNode',' ',34.00447331,-118.1397344
5951,5952,-2.2912044136239555,0.881161126736374,Los Angeles County,0.3663149598788033,0.0,66,0.0,'AddedNode',' ',33.98348839,-118.2086389
5952,5953,-2.291204413623955,0.881161126736374,Los Angeles County,0.36631495987880325,0.0,66,0.0,'AddedNode',' ',33.98461637,-118.2193242
5953,5954,10.69549168351353,0.9099979752540464,Los Angeles County,0.34229998409148743,12.7636689,66,0.05546501040164834,'AddedNode',' ',33.98457165,-118.2193321
5954,5955,-2.658495313737541,1.169737938044518,Los Angeles County,0.44000238294163985,0.0,66,0.0,'AddedNode',' ',33.99117107,-118.2303977
5955,5956,-2.1573393363788798,0.8191870046469849,Los Angeles County,0.3354946839642759,0.0,66,0.0,'AddedNode',' ',33.90186664,-118.125391
5956,5957,-2.1641712076829562,0.7945480650920592,Los Angeles County,0.34203279946061793,0.0,66,0.0,'AddedNode',' ',33.93411416,-118.1248252
5957,5958,-2.4667821834329784,0.9714313812347117,Los Angeles County,0.3713025074015928,0.0,66,0.0,'AddedNode',' ',33.91251903,-118.1468865
5958,5959,-2.157312889646059,0.8191769622677093,Los Angeles County,0.3354905711489576,0.0,66,0.0,'AddedNode',' ',33.90359942,-118.1515592
5959,5960,-2.5336401733636498,1.0451946303083524,Los Angeles County,0.3738013662047103,0.0,66,0.0,'AddedNode',' ',33.95710563,-118.2310164
5960,5961,-3.420215121131645,1.4526144013130518,Los Angeles County,0.4016413969388936,0.0,66,0.0,'AddedNode',' ',34.02759657,-118.2392222
5961,5962,-3.420215121131645,1.4526144013130518,Los Angeles County,0.4016413969388938,0.0,66,0.0,'AddedNode',' ',34.02745999,-118.2389698
5962,5963,-2.658470241846582,1.1697269064124962,Los Angeles County,0.43999823334178545,0.0,66,0.0,'AddedNode',' ',34.00403866,-118.2388971
5963,5964,-3.3750970125005186,1.4093772868790833,Los Angeles County,0.37779996799027016,0.0,66,0.0,'AddedNode',' ',34.03805122,-118.2326159
5964,5965,-3.3750970125005186,1.4093772868790833,Los Angeles County,0.37779996799027016,0.0,66,0.0,'AddedNode',' ',34.04816669,-118.2324953
5965,5966,-2.4841929991648857,0.9936686272526901,Los Angeles County,0.3761359631473631,0.0,66,0.0,'AddedNode',' ',33.88025011,-118.1072331
5966,5967,-2.4987321045600996,1.0030084019576968,Los Angeles County,0.3782244488533874,0.0,66,0.0,'AddedNode',' ',33.89846722,-118.1176317
5967,5968,-2.1266275805528387,0.8108031848086098,Los Angeles County,0.3488413566389301,0.0,66,0.0,'AddedNode',' ',34.00538215,-118.1281807
5968,5969,-2.2203935289278705,0.8448998043415705,Los Angeles County,0.3662902321298785,0.0,66,0.0,'AddedNode',' ',34.00793619,-118.1377135
5969,5970,-2.2912218831925677,0.8811678452572838,Los Angeles County,0.36631775289207047,0.0,66,0.0,'AddedNode',' ',34.01685096,-118.1367226
5970,5971,-2.2912218831925677,0.8811678452572838,Los Angeles County,0.36631775289207047,0.0,66,0.0,'AddedNode',' ',33.99701393,-118.1449701
5971,5972,-2.291220024366384,0.8811671303820137,Los Angeles County,0.36631745570521324,0.0,66,0.0,'AddedNode',' ',33.99377496,-118.1532708
5972,5973,-2.291216529194907,0.881165786194119,Los Angeles County,0.3663168969014715,0.0,66,0.0,'AddedNode',' ',33.9857299,-118.1622497
5973,5974,-2.291220024366384,0.8811671303820137,Los Angeles County,0.36631745570521324,0.0,66,0.0,'AddedNode',' ',33.99389134,-118.1533855
5974,5975,-2.2912218831925677,0.881167845257284,Los Angeles County,0.36631775289207047,0.0,66,0.0,'AddedNode',' ',34.00012302,-118.1717195
5975,5976,-2.2912218831925677,0.881167845257284,Los Angeles County,0.36631775289207047,0.0,66,0.0,'AddedNode',' ',34.00350039,-118.1668266
5976,5977,-2.1504272417726398,0.8016995792851681,Los Angeles County,0.35414449214922505,0.0,66,0.0,'AddedNode',' ',34.13398351,-117.986441
5977,5978,-2.150430801643951,0.8017009064388042,Los Angeles County,0.3541450784089195,0.0,66,0.0,'AddedNode',' ',34.14310769,-118.0095862
5978,5979,-2.150430801643951,0.8017009064388042,Los Angeles County,0.3541450784089195,0.0,66,0.0,'AddedNode',' ',34.14306002,-118.0097795
5979,5980,-2.1504272417726398,0.8016995792851681,Los Angeles County,0.354144492149225,0.0,66,0.0,'AddedNode',' ',34.13585382,-117.9861708
5980,5981,2.499230834076358,0.6236919900531182,Los Angeles County,0.2755110377778233,4.172182,66,0.11047373098183208,'AddedNode',' ',34.1258706,-117.9731108
5981,5982,17.89879955378235,0.6236880682074009,Los Angeles County,0.2755093053332821,19.5717402,66,0.02354980755892299,'AddedNode',' ',34.12235495,-117.9774665
5982,5983,-2.1504383778818954,0.8017037309318419,Los Angeles County,0.35414632610653374,0.0,66,0.0,'AddedNode',' ',34.11726029,-117.9775471
5983,5984,-2.1504383778818954,0.8017037309318419,Los Angeles County,0.35414632610653374,0.0,66,0.0,'AddedNode',' ',34.12889668,-117.9880394
5984,5985,-2.1504383778818954,0.8017037309318419,Los Angeles County,0.35414632610653374,0.0,66,0.0,'AddedNode',' ',34.13210863,-117.9865878
5985,5986,-2.340984583686494,0.929203259639759,Los Angeles County,0.3886017347023187,0.0,66,0.0,'AddedNode',' ',34.14440319,-118.0257913
5986,5987,-2.340984583686494,0.929203259639759,Los Angeles County,0.3886017347023187,0.0,66,0.0,'AddedNode',' ',34.14332989,-118.0251937
5987,5988,-2.358078096980468,0.9406407821391384,Los Angeles County,0.39169264849108626,0.0,66,0.0,'AddedNode',' ',34.10835403,-118.0244318
5988,5989,-2.150438377881895,0.8017037309318419,Los Angeles County,0.35414632610653374,0.0,66,0.0,'AddedNode',' ',34.11690112,-117.9771463
5989,5990,-2.0102065872904613,0.6977571742049439,Los Angeles County,0.32764525856945426,0.0,66,0.0,'AddedNode',' ',34.10444703,-117.9798814
5990,5991,-2.0102065872904613,0.6977571742049439,Los Angeles County,0.32764525856945426,0.0,66,0.0,'AddedNode',' ',34.10448628,-117.9799342
5991,5992,-1.9839538926104257,0.6903047001693234,Los Angeles County,0.32404187314750516,0.0,66,0.0,'AddedNode',' ',34.11596199,-117.9760255
5992,5993,-1.9740706579976801,0.6874991005827998,Los Angeles County,0.3226853227453725,0.0,66,0.0,'AddedNode',' ',34.11248879,-117.970198
5993,5994,-1.9712520054448033,0.6863740931736675,Los Angeles County,0.32216694940312796,0.0,66,0.0,'AddedNode',' ',34.10683918,-117.9343168
5994,5995,-1.9694495616413787,0.6861872885562188,Los Angeles County,0.3220510415240858,0.0,66,0.0,'AddedNode',' ',34.10722388,-117.9631147
5995,5996,-2.358078096980468,0.9406407821391384,Los Angeles County,0.39169264849108626,0.0,66,0.0,'AddedNode',' ',34.10617793,-118.0383773
5996,5997,-2.358078096980468,0.9406407821391384,Los Angeles County,0.39169264849108626,0.0,66,0.0,'AddedNode',' ',34.121818,-118.0247982
5997,5998,-2.340984583686494,0.929203259639759,Los Angeles County,0.38860173470231874,0.0,66,0.0,'AddedNode',' ',34.15698035,-118.0543019
5998,5999,-2.3408003992188555,0.9291301515941541,Los Angeles County,0.3885711602149306,0.0,66,0.0,'AddedNode',' ',34.15695233,-118.0566154
5999,6000,-0.65016609529847,0.7228571074181132,Los Angeles County,0.30230579043973876,1.17096112,66,0.4701584817027266,'AddedNode',' ',34.16436304,-118.0597757
6000,6001,-2.2775252027809683,0.9180220551020628,Los Angeles County,0.37889009647587113,0.0,66,0.0,'AddedNode',' ',34.15145942,-118.0870155
6001,6002,-2.277525202780968,0.9180220551020627,Los Angeles County,0.37889009647587113,0.0,66,0.0,'AddedNode',' ',34.12164502,-118.0793967
6002,6003,-2.2775252027809683,0.9180220551020628,Los Angeles County,0.37889009647587113,0.0,66,0.0,'AddedNode',' ',34.12755274,-118.0799439
6003,6004,2.4488824374287255,0.6668708045174366,Los Angeles County,0.2752338487471984,4.10332533,66,0.11097308846696774,'AddedNode',' ',34.1515072,-118.0870894
6004,6005,-2.167757108528104,0.8737768667952082,Los Angeles County,0.3606290279394367,0.0,66,0.0,'AddedNode',' ',34.15596505,-118.0861466
6005,6006,-2.167757108528104,0.8737768667952082,Los Angeles County,0.3606290279394367,0.0,66,0.0,'AddedNode',' ',34.15791504,-118.0857626
6006,6007,-2.167818824937705,0.873801743369617,Los Angeles County,0.3606392951085372,0.0,66,0.0,'AddedNode',' ',34.17562913,-118.0931504
6007,6008,-2.1678188249377044,0.8738017433696167,Los Angeles County,0.3606392951085371,0.0,66,0.0,'AddedNode',' ',34.1600168,-118.0861258
6008,6009,-2.1680227589757988,0.8738839448506489,Los Angeles County,0.36067322166499144,0.0,66,0.0,'AddedNode',' ',34.15998925,-118.0862265
6009,6010,-2.167894559959595,0.8738322705490107,Los Angeles County,0.3606518944201566,0.0,66,0.0,'AddedNode',' ',34.16185463,-118.0858007
6010,6011,-2.167818824937705,0.873801743369617,Los Angeles County,0.3606392951085372,0.0,66,0.0,'AddedNode',' ',34.16954201,-118.0889412
6011,6012,-2.139613297797977,0.7929098368333487,Los Angeles County,0.3516440538711849,0.0,66,0.0,'AddedNode',' ',34.0921791,-118.0818165
6012,6013,-2.139613297797977,0.7929098368333487,Los Angeles County,0.3516440538711849,0.0,66,0.0,'AddedNode',' ',34.04079704,-118.1087551
6013,6014,-2.139613297797977,0.7929098368333487,Los Angeles County,0.3516440538711849,0.0,66,0.0,'AddedNode',' ',34.04095016,-118.1084088
6014,6015,-2.261891090847085,0.9117202765093539,Los Angeles County,0.37628919872435096,0.0,66,0.0,'AddedNode',' ',34.09240272,-118.0817216
6015,6016,-2.261891090847085,0.9117202765093539,Los Angeles County,0.37628919872435096,0.0,66,0.0,'AddedNode',' ',34.12140541,-118.0804917
6016,6017,-2.3580780969804676,0.9406407821391384,Los Angeles County,0.3916926484910862,0.0,66,0.0,'AddedNode',' ',34.12164411,-118.038605
6017,6018,-2.313015779574842,0.9279875774692775,Los Angeles County,0.3845307374481031,0.0,66,0.0,'AddedNode',' ',34.12437324,-118.0672729
6018,6019,-2.126907394265449,0.8558225607760517,Los Angeles County,0.3537411146892577,0.0,66,0.0,'AddedNode',' ',34.09916504,-118.0819397
6019,6020,-2.139613297797977,0.7929098368333488,Los Angeles County,0.35164405387118497,0.0,66,0.0,'AddedNode',' ',34.0405153,-118.1079955
6020,6021,-2.139613297797977,0.7929098368333488,Los Angeles County,0.35164405387118497,0.0,66,0.0,'AddedNode',' ',34.04980546,-118.0990948
6021,6022,-2.1396223913909265,0.7929132067877741,Los Angeles County,0.3516455483972716,0.0,66,0.0,'AddedNode',' ',34.05517429,-118.0993796
6022,6023,-1.9591974856634686,0.7289998225944582,Los Angeles County,0.32217538403601,0.0,66,0.0,'AddedNode',' ',34.09186795,-118.0826366
6023,6024,-1.9592274896067081,0.729010986792789,Los Angeles County,0.322180317960235,0.0,66,0.0,'AddedNode',' ',34.09172277,-118.0996832
6024,6025,-2.139622391390926,0.7929132067877739,Los Angeles County,0.3516455483972715,0.0,66,0.0,'AddedNode',' ',34.08734348,-118.082274
6025,6026,-2.1395407232970527,0.7928829417697661,Los Angeles County,0.3516321262991611,0.0,66,0.0,'AddedNode',' ',34.07498464,-118.0834325
6026,6027,-2.261891090847085,0.9117202765093539,Los Angeles County,0.37628919872435096,0.0,66,0.0,'AddedNode',' ',34.10642347,-118.0817461
6027,6028,-2.1620583828342284,0.8147184609115677,Los Angeles County,0.3561678709778436,0.0,66,0.0,'AddedNode',' ',34.09188561,-118.0816687
6028,6029,-2.1620583828342284,0.8147184609115677,Los Angeles County,0.35616787097784364,0.0,66,0.0,'AddedNode',' ',34.09082567,-118.0750242
6029,6030,-2.358078096980468,0.9406407821391385,Los Angeles County,0.39169264849108626,0.0,66,0.0,'AddedNode',' ',34.10638693,-118.0383549
6030,6031,-1.8617833272821538,0.6947339868392549,Los Angeles County,0.3062860250665057,0.0,66,0.0,'AddedNode',' ',34.08214797,-118.0451551
6031,6032,-2.082450612331229,0.7442177613333589,Los Angeles County,0.34055338898073556,0.0,66,0.0,'AddedNode',' ',34.0708484,-118.0262861
6032,6033,-2.082459513214339,0.7442209422948967,Los Angeles County,0.3405548445859203,0.0,66,0.0,'AddedNode',' ',34.05196764,-118.0487604
6033,6034,-2.249737494916198,0.867974755487423,Los Angeles County,0.3718698713044325,0.0,66,0.0,'AddedNode',' ',34.05187505,-118.0687994
6034,6035,-2.281236683923227,0.8912781497084256,Los Angeles County,0.3777666303119908,0.0,66,0.0,'AddedNode',' ',34.08706928,-118.0732265
6035,6036,-2.167818824937705,0.873801743369617,Los Angeles County,0.3606392951085372,0.0,66,0.0,'AddedNode',' ',34.21659619,-118.1585706
6036,6037,-2.3859678928097794,0.9632014110490128,Los Angeles County,0.3871840922890761,0.0,66,0.0,'AddedNode',' ',34.15882522,-118.1868938
6037,6038,-2.4449209448762224,1.0439015325606487,Los Angeles County,0.41967266804892805,0.0,66,0.0,'AddedNode',' ',34.12950858,-118.2170794
6038,6039,-2.385966619969392,0.9632008972107249,Los Angeles County,0.3871838857382875,0.0,66,0.0,'AddedNode',' ',34.13117439,-118.2018976
6039,6040,-2.3859631847250387,0.9631995104224877,Los Angeles County,0.3871833282823507,0.0,66,0.0,'AddedNode',' ',34.11304705,-118.1892524
6040,6041,-2.3859631847250387,0.9631995104224877,Los Angeles County,0.3871833282823507,0.0,66,0.0,'AddedNode',' ',34.13699413,-118.1867134
6041,6042,-2.3859678928097794,0.9632014110490128,Los Angeles County,0.3871840922890761,0.0,66,0.0,'AddedNode',' ',34.13599163,-118.1882326
6042,6043,-2.3859631847250387,0.9631995104224877,Los Angeles County,0.3871833282823507,0.0,66,0.0,'AddedNode',' ',34.10625912,-118.1850514
6043,6044,-2.0086703101020604,0.7476663912252759,Los Angeles County,0.3296340911117575,0.0,66,0.0,'AddedNode',' ',34.03654147,-118.1785775
6044,6045,-2.112263602630712,0.7829404737533014,Los Angeles County,0.3471594258973717,0.0,66,0.0,'AddedNode',' ',34.05766575,-118.1823086
6045,6046,-2.1115835219593073,0.7827788277961265,Los Angeles County,0.3470532490755736,0.0,66,0.0,'AddedNode',' ',34.06983078,-118.1299793
6046,6047,-2.3859678928097794,0.9632014110490128,Los Angeles County,0.3871840922890761,0.0,66,0.0,'AddedNode',' ',34.13417829,-118.1909214
6047,6048,-2.3859678928097794,0.9632014110490129,Los Angeles County,0.38718409228907613,0.0,66,0.0,'AddedNode',' ',34.13312433,-118.193629
6048,6049,-2.385967892809779,0.9632014110490128,Los Angeles County,0.3871840922890761,0.0,66,0.0,'AddedNode',' ',34.13653846,-118.1875077
6049,6050,-2.424949944944254,1.0165574883594393,Los Angeles County,0.4086643925010597,0.0,66,0.0,'AddedNode',' ',34.12941452,-118.2167517
6050,6051,-2.4792239884371314,1.0908585549123377,Los Angeles County,0.43857681279559946,0.0,66,0.0,'AddedNode',' ',34.12413212,-118.2211439
6051,6052,-2.4792239884371314,1.0908585549123377,Los Angeles County,0.43857681279559946,0.0,66,0.0,'AddedNode',' ',34.15317096,-118.2749214
6052,6053,-2.3859678928097794,0.9632014110490128,Los Angeles County,0.3871840922890761,0.0,66,0.0,'AddedNode',' ',34.18612235,-118.1773461
6053,6054,-4.494032201856457,1.9501889280805473,Los Angeles County,0.4068423940542205,0.0,66,0.0,'AddedNode',' ',34.24625467,-118.3840571
6054,6055,-4.494011866007402,1.950180103322315,Los Angeles County,0.4068405530603997,0.0,66,0.0,'AddedNode',' ',34.2694165,-118.4436581
6055,6056,-4.494044667444779,1.9501943375327344,Los Angeles County,0.40684352255743733,0.0,66,0.0,'AddedNode',' ',34.27362333,-118.3937367
6056,6057,-4.494000167525638,1.9501750267566407,Los Angeles County,0.40683949400293984,0.0,66,0.0,'AddedNode',' ',34.25092526,-118.4062489
6057,6058,-4.494006892526917,1.9501779450764136,Los Angeles County,0.40684010281380234,0.0,66,0.0,'AddedNode',' ',34.26432317,-118.4018596
6058,6059,-4.494032201856456,1.9501889280805473,Los Angeles County,0.4068423940542205,0.0,66,0.0,'AddedNode',' ',34.24560034,-118.3832725
6059,6060,-4.497953320905597,1.9510767042781985,Los Angeles County,0.40752701411276887,0.0,66,0.0,'AddedNode',' ',34.22262405,-118.3881358
6060,6061,-4.528854258747132,1.958101343903094,Los Angeles County,0.4129107591338928,0.0,66,0.0,'AddedNode',' ',34.22225514,-118.3879299
6061,6062,-4.528804761990275,1.9580799434206355,Los Angeles County,0.41290624634936046,0.0,66,0.0,'AddedNode',' ',34.20773678,-118.387672
6062,6063,-4.528824314449452,1.9580883971474292,Los Angeles County,0.4129080290123257,0.0,66,0.0,'AddedNode',' ',34.22244756,-118.3876663
6063,6064,-4.528806450178836,1.9580806733280467,Los Angeles County,0.4129064002671463,0.0,66,0.0,'AddedNode',' ',34.1974854,-118.3876504
6064,6065,-4.528829739679601,1.958090742807023,Los Angeles County,0.4129085236486665,0.0,66,0.0,'AddedNode',' ',34.19845302,-118.387623
6065,6066,-4.564981338596335,1.9662905469629468,Los Angeles County,0.4192145460898931,0.0,66,0.0,'AddedNode',' ',34.18678108,-118.3736123
6066,6067,-4.566095264532701,1.966543204516032,Los Angeles County,0.41940885124272403,0.0,66,0.0,'AddedNode',' ',34.19384902,-118.3751746
6067,6068,-4.565073131336499,1.966311367134525,Los Angeles County,0.41923055774903867,0.0,66,0.0,'AddedNode',' ',34.18679566,-118.373224
6068,6069,-4.56709287691748,1.9667694801559426,Los Angeles County,0.4195828675040946,0.0,66,0.0,'AddedNode',' ',34.18825684,-118.3491663
6069,6070,-4.567092876917481,1.9667694801559428,Los Angeles County,0.4195828675040947,0.0,66,0.0,'AddedNode',' ',34.18611649,-118.3492311
6070,6071,-4.5670928769174814,1.9667694801559432,Los Angeles County,0.41958286750409474,0.0,66,0.0,'AddedNode',' ',34.17744751,-118.354129
6071,6072,-4.293383196933149,1.8504620227660846,Los Angeles County,0.4182999344777305,0.0,66,0.0,'AddedNode',' ',34.1842495,-118.3490142
6072,6073,-4.293383196933149,1.8504620227660846,Los Angeles County,0.4182999344777305,0.0,66,0.0,'AddedNode',' ',34.1755462,-118.3491809
6073,6074,-4.293383196933149,1.8504620227660846,Los Angeles County,0.4182999344777305,0.0,66,0.0,'AddedNode',' ',34.17197625,-118.3578028
6074,6075,-4.293383196933149,1.8504620227660846,Los Angeles County,0.4182999344777305,0.0,66,0.0,'AddedNode',' ',34.17450448,-118.3490543
6075,6076,-4.48485462495859,1.9318241574880515,Los Angeles County,0.4192001283225687,0.0,66,0.0,'AddedNode',' ',34.17151645,-118.3485579
6076,6077,-4.567074974401783,1.9667617706298965,Los Angeles County,0.41958122278412197,0.0,66,0.0,'AddedNode',' ',34.19384243,-118.370181
6077,6078,-4.567092876917481,1.9667694801559428,Los Angeles County,0.4195828675040947,0.0,66,0.0,'AddedNode',' ',34.18679714,-118.3705021
6078,6079,-4.5670928769174814,1.9667694801559432,Los Angeles County,0.41958286750409474,0.0,66,0.0,'AddedNode',' ',34.17462145,-118.3605243
6079,6080,-4.5670928769174814,1.9667694801559432,Los Angeles County,0.41958286750409474,0.0,66,0.0,'AddedNode',' ',34.16876845,-118.360532
6080,6081,-4.293312805524351,1.8504316838415729,Los Angeles County,0.41829307631475315,0.0,66,0.0,'AddedNode',' ',34.1718805,-118.3477376
6081,6082,-4.300793936961028,1.8541029740194996,Los Angeles County,0.42057528813496725,0.0,66,0.0,'AddedNode',' ',34.17138994,-118.3484906
6082,6083,-4.493406998302769,1.935594250932457,Los Angeles County,0.41985747387749295,0.0,66,0.0,'AddedNode',' ',34.16857823,-118.370438
6083,6084,21.700414258548115,1.5058039763085473,Los Angeles County,0.32662995012669754,25.1960798,66,0.04531613927750952,'AddedNode',' ',34.16857715,-118.3701123
6084,6085,-4.493406998302769,1.9355942509324575,Los Angeles County,0.419857473877493,0.0,66,0.0,'AddedNode',' ',34.14335411,-118.370539
6085,6086,-4.493406998302768,1.935594250932457,Los Angeles County,0.41985747387749295,0.0,66,0.0,'AddedNode',' ',34.15032132,-118.3655738
6086,6087,-4.493406998302768,1.935594250932457,Los Angeles County,0.41985747387749295,0.0,66,0.0,'AddedNode',' ',34.14323926,-118.3590107
6087,6088,-2.424949944944254,1.0165574883594393,Los Angeles County,0.4086643925010597,0.0,66,0.0,'AddedNode',' ',34.1182862,-118.2320517
6088,6089,-2.424949944944254,1.0165574883594393,Los Angeles County,0.4086643925010597,0.0,66,0.0,'AddedNode',' ',34.10508299,-118.2379637
6089,6090,-3.821420291759121,1.6507760062636287,Los Angeles County,0.42895200029830644,0.0,66,0.0,'AddedNode',' ',34.08695556,-118.3763312
6090,6091,-3.8065064008381087,1.6379099594254403,Los Angeles County,0.41764889112061593,0.0,66,0.0,'AddedNode',' ',34.07362426,-118.391616
6091,6092,-3.588022852625906,1.5534987368036863,Los Angeles County,0.42409642300232125,0.0,66,0.0,'AddedNode',' ',34.17166104,-118.3470696
6092,6093,-3.821420291759121,1.650776006263629,Los Angeles County,0.42895200029830644,0.0,66,0.0,'AddedNode',' ',34.14033926,-118.3702979
6093,6094,-3.6111044512381003,1.561634676621335,Los Angeles County,0.4317983705459742,0.0,66,0.0,'AddedNode',' ',34.1583884,-118.327964
6094,6095,-3.611055552749952,1.5616135303001037,Los Angeles County,0.4317925235017279,0.0,66,0.0,'AddedNode',' ',34.15430807,-118.3401911
6095,6096,-3.5933041563808605,1.5553594256995826,Los Angeles County,0.4258611073097243,0.0,66,0.0,'AddedNode',' ',34.17121985,-118.3484002
6096,6097,-3.5375291986837802,1.5356774990112774,Los Angeles County,0.4073089276408854,0.0,66,0.0,'AddedNode',' ',34.18899252,-118.334819
6097,6098,-3.5375291986837802,1.5356774990112774,Los Angeles County,0.4073089276408854,0.0,66,0.0,'AddedNode',' ',34.17913819,-118.3193543
6098,6099,-3.5375291986837802,1.5356774990112774,Los Angeles County,0.40730892764088533,0.0,66,0.0,'AddedNode',' ',34.17932304,-118.3191605
6099,6100,-3.5375291986837802,1.5356774990112774,Los Angeles County,0.4073089276408854,0.0,66,0.0,'AddedNode',' ',34.17700422,-118.3180128
6100,6101,-3.5375291986837802,1.5356774990112774,Los Angeles County,0.40730892764088544,0.0,66,0.0,'AddedNode',' ',34.17682385,-118.318279
6101,6102,-3.587933113915638,1.5534598828223247,Los Angeles County,0.4240858160838058,0.0,66,0.0,'AddedNode',' ',34.16860692,-118.3329986
6102,6103,-3.5375291986837802,1.5356774990112774,Los Angeles County,0.4073089276408854,0.0,66,0.0,'AddedNode',' ',34.17737602,-118.3169976
6103,6104,-3.465776629619739,1.4987871548224956,Los Angeles County,0.41442077390838894,0.0,66,0.0,'AddedNode',' ',34.16923098,-118.3055539
6104,6105,-3.6111044512380994,1.5616346766213347,Los Angeles County,0.4317983705459742,0.0,66,0.0,'AddedNode',' ',34.16105265,-118.3102786
6105,6106,-3.6111180023147287,1.561640536831544,Los Angeles County,0.4317999909180479,0.0,66,0.0,'AddedNode',' ',34.16849964,-118.2992102
6106,6107,-3.6111088152621673,1.561636563858718,Los Angeles County,0.4317988923748237,0.0,66,0.0,'AddedNode',' ',34.17140026,-118.3032355
6107,6108,-3.6111172187563882,1.5616401979790149,Los Angeles County,0.43179989722393863,0.0,66,0.0,'AddedNode',' ',34.15879031,-118.2798168
6108,6109,-2.4792308127845235,1.0908615576251903,Los Angeles County,0.438578020028404,0.0,66,0.0,'AddedNode',' ',34.15592853,-118.2773249
6109,6110,-0.16420845227003977,0.8486480341988176,Los Angeles County,0.34119671001166446,1.76453708,66,0.37294859797462243,'AddedNode',' ',34.15809698,-118.267104
6110,6111,-3.611112527165874,1.5616381690843826,Los Angeles County,0.4317993362262808,0.0,66,0.0,'AddedNode',' ',34.16279774,-118.2841036
6111,6112,-3.6111125271658735,1.5616381690843826,Los Angeles County,0.4317993362262807,0.0,66,0.0,'AddedNode',' ',34.16622818,-118.2961373
6112,6113,-2.4792308127845235,1.0908615576251903,Los Angeles County,0.438578020028404,0.0,66,0.0,'AddedNode',' ',34.15476533,-118.2761162
6113,6114,-2.4601022476899743,1.0824449889835888,Los Angeles County,0.4351941607435441,0.0,66,0.0,'AddedNode',' ',34.14636693,-118.2714054
6114,6115,-2.9630871985071696,1.2888101983437652,Los Angeles County,0.4106217710459875,0.0,66,0.0,'AddedNode',' ',34.11293885,-118.2480227
6115,6116,-2.926696359812259,1.2739224652498138,Los Angeles County,0.4127242400782423,0.0,66,0.0,'AddedNode',' ',34.11470259,-118.2458155
6116,6117,-2.718698899920675,1.1672325918954884,Los Angeles County,0.4110412425349053,0.0,66,0.0,'AddedNode',' ',34.10465303,-118.2385302
6117,6118,-3.2609985475221714,1.3995938961231238,Los Angeles County,0.39907775542227775,0.0,66,0.0,'AddedNode',' ',34.11236829,-118.2676481
6118,6119,-3.2609937591257094,1.3995918409825394,Los Angeles County,0.39907716942308635,0.0,66,0.0,'AddedNode',' ',34.10444924,-118.2536715
6119,6120,-2.479305754771488,1.0908945320994548,Los Angeles County,0.4385912773290517,0.0,66,0.0,'AddedNode',' ',34.15826372,-118.2670888
6120,6121,-2.4792177022824573,1.0908557890042814,Los Angeles County,0.43857570076954033,0.0,66,0.0,'AddedNode',' ',34.1589879,-118.26416
6121,6122,-2.424949944944254,1.0165574883594393,Los Angeles County,0.4086643925010597,0.0,66,0.0,'AddedNode',' ',34.12101338,-118.2264236
6122,6123,-2.71868202522621,1.1672253469985423,Los Angeles County,0.4110386912426749,0.0,66,0.0,'AddedNode',' ',34.08689777,-118.2145597
6123,6124,-2.3859631847250387,0.9631995104224877,Los Angeles County,0.3871833282823507,0.0,66,0.0,'AddedNode',' ',34.12001016,-118.1783155
6124,6125,-2.3859631847250387,0.9631995104224877,Los Angeles County,0.3871833282823507,0.0,66,0.0,'AddedNode',' ',34.12011584,-118.1741338
6125,6126,-2.3859631847250387,0.9631995104224877,Los Angeles County,0.3871833282823507,0.0,66,0.0,'AddedNode',' ',34.11902871,-118.1714803
6126,6127,-2.3859631847250387,0.9631995104224877,Los Angeles County,0.3871833282823507,0.0,66,0.0,'AddedNode',' ',34.12437023,-118.1500276
6127,6128,-2.385963184725038,0.9631995104224876,Los Angeles County,0.3871833282823506,0.0,66,0.0,'AddedNode',' ',34.1197466,-118.1705047
6128,6129,-2.385963184725038,0.9631995104224875,Los Angeles County,0.3871833282823506,0.0,66,0.0,'AddedNode',' ',34.12483961,-118.14967
6129,6130,-2.188617523007098,0.8334331908578272,Los Angeles County,0.35832004827089975,0.0,66,0.0,'AddedNode',' ',34.09149252,-118.1492777
6130,6131,-2.3860104586681885,0.9632185946393731,Los Angeles County,0.3871909996843099,0.0,66,0.0,'AddedNode',' ',34.11238363,-118.1652659
6131,6132,-2.385963184725038,0.9631995104224876,Los Angeles County,0.3871833282823506,0.0,66,0.0,'AddedNode',' ',34.11888453,-118.1564669
6132,6133,-2.112263602630712,0.7829404737533013,Los Angeles County,0.3471594258973717,0.0,66,0.0,'AddedNode',' ',34.06972813,-118.1498594
6133,6134,-2.5484621377024195,1.0628451595056696,Los Angeles County,0.398834220964319,0.0,66,0.0,'AddedNode',' ',34.0876565,-118.212112
6134,6135,-2.483567981509653,1.0237582364587978,Los Angeles County,0.3932355561013095,0.0,66,0.0,'AddedNode',' ',34.04500998,-118.1870006
6135,6136,-1.9738473954809101,0.7358089983938523,Los Angeles County,0.3237429448603945,0.0,66,0.0,'AddedNode',' ',34.0423165,-118.1845353
6136,6137,-1.9738473954809101,0.7358089983938523,Los Angeles County,0.3237429448603945,0.0,66,0.0,'AddedNode',' ',34.04247874,-118.1869648
6137,6138,-1.97384739548091,0.7358089983938523,Los Angeles County,0.3237429448603945,0.0,66,0.0,'AddedNode',' ',34.04764911,-118.1798346
6138,6139,-2.1135129680955034,0.783237430989272,Los Angeles County,0.34735448166045035,0.0,66,0.0,'AddedNode',' ',34.05862814,-118.1449336
6139,6140,-2.1115835219593073,0.7827788277961265,Los Angeles County,0.3470532490755736,0.0,66,0.0,'AddedNode',' ',34.06983756,-118.1291296
6140,6141,-2.1098513246355917,0.7823671079720218,Los Angeles County,0.34678281173733927,0.0,66,0.0,'AddedNode',' ',34.06997626,-118.0994514
6141,6142,-2.1115835219593073,0.7827788277961265,Los Angeles County,0.3470532490755736,0.0,66,0.0,'AddedNode',' ',34.06983983,-118.1278449
6142,6143,-2.113512968095504,0.7832374309892722,Los Angeles County,0.34735448166045035,0.0,66,0.0,'AddedNode',' ',34.0597155,-118.1321012
6143,6144,-2.5484621377024195,1.0628451595056696,Los Angeles County,0.398834220964319,0.0,66,0.0,'AddedNode',' ',34.08309036,-118.2136125
6144,6145,-2.498201621500265,1.0320250116311382,Los Angeles County,0.395230629250758,0.0,66,0.0,'AddedNode',' ',34.06608911,-118.2141888
6145,6146,-2.4760538114342743,1.0184437985256984,Los Angeles County,0.39364266973784107,0.0,66,0.0,'AddedNode',' ',34.06744334,-118.2141561
6146,6147,-2.3859631847250387,0.963199510422488,Los Angeles County,0.3871833282823507,0.0,66,0.0,'AddedNode',' ',34.10995592,-118.1948157
6147,6148,5.354978365979082,0.7493245690379347,Los Angeles County,0.30121068113561206,7.21114712,66,0.0775324432295428,'AddedNode',' ',34.10721156,-118.2034767
6148,6149,-2.3859794229472775,0.9632060656987012,Los Angeles County,0.38718596334770805,0.0,66,0.0,'AddedNode',' ',34.1139116,-118.1898663
6149,6150,-2.0854609976477545,0.7774162133211774,Los Angeles County,0.34204938351147723,0.0,66,0.0,'AddedNode',' ',34.04777872,-118.1617516
6150,6151,-1.9701521199285392,0.7534878380393938,Los Angeles County,0.320242540570166,0.0,66,0.0,'AddedNode',' ',34.03333968,-118.162477
6151,6152,-2.3828471824676623,0.9650243999684427,Los Angeles County,0.3859055283764173,0.0,66,0.0,'AddedNode',' ',33.99836708,-118.2059603
6152,6153,-2.291220270620928,0.8811672250876325,Los Angeles County,0.36631749507608863,0.0,66,0.0,'AddedNode',' ',34.00431747,-118.2050008
6153,6154,-2.29120440590047,0.8811611237660432,Los Angeles County,0.36631495864398184,0.0,66,0.0,'AddedNode',' ',33.99839099,-118.2046517
6154,6155,-2.2912044059004697,0.881161123766043,Los Angeles County,0.3663149586439818,0.0,66,0.0,'AddedNode',' ',33.99098065,-118.2046641
6155,6156,-2.2912272790139108,0.8811699204051782,Los Angeles County,0.3663186155693886,0.0,66,0.0,'AddedNode',' ',33.99672772,-118.2049407
6156,6157,-3.675852496492236,1.5490885159372023,Los Angeles County,0.3903070584670183,0.0,66,0.0,'AddedNode',' ',34.01868566,-118.2008948
6157,6158,-3.675671439034098,1.5490122141733549,Los Angeles County,0.39028783353784424,0.0,66,0.0,'AddedNode',' ',34.01863194,-118.2069535
6158,6159,-4.032418569780527,1.7301273175563685,Los Angeles County,0.38205804656347625,0.0,66,0.0,'AddedNode',' ',34.0673359,-118.2263041
6159,6160,-3.965523713271867,1.696162884134173,Los Angeles County,0.38360563201527415,0.0,66,0.0,'AddedNode',' ',34.06274973,-118.2274039
6160,6161,-3.8516531958438005,1.6383475630498696,Los Angeles County,0.3862399803846076,0.0,66,0.0,'AddedNode',' ',34.06574363,-118.2294814
6161,6162,-3.675852496492236,1.5490885159372023,Los Angeles County,0.3903070584670183,0.0,66,0.0,'AddedNode',' ',34.05533369,-118.2276269
6162,6163,-3.4079323022322,1.4246304042088365,Los Angeles County,0.3791654424749039,0.0,66,0.0,'AddedNode',' ',34.05223374,-118.23145
6163,6164,-3.675852496492236,1.5490885159372023,Los Angeles County,0.3903070584670183,0.0,66,0.0,'AddedNode',' ',34.05634015,-118.2306615
6164,6165,-3.675672879951974,1.549012821409182,Los Angeles County,0.39028798653648006,0.0,66,0.0,'AddedNode',' ',34.01646248,-118.2028758
6165,6166,-3.67566529116107,1.5490096233187123,Los Angeles County,0.39028718074825597,0.0,66,0.0,'AddedNode',' ',34.01867097,-118.2028942
6166,6167,-3.6592528174353967,1.5413852968360173,Los Angeles County,0.3896049132544185,0.0,66,0.0,'AddedNode',' ',34.02613268,-118.2323374
6167,6168,-3.659252817435397,1.5413852968360175,Los Angeles County,0.3896049132544186,0.0,66,0.0,'AddedNode',' ',34.02611741,-118.2335301
6168,6169,-2.8789194397303897,1.2515946327839786,Los Angeles County,0.428897753314517,0.0,66,0.0,'AddedNode',' ',34.02211135,-118.2392873
6169,6170,-3.380483898540772,1.4118796800507412,Los Angeles County,0.3780239847569776,0.0,66,0.0,'AddedNode',' ',34.05008317,-118.2318247
6170,6171,-3.3750970125005186,1.4093772868790833,Los Angeles County,0.3777999679902701,0.0,66,0.0,'AddedNode',' ',34.03740024,-118.230484
6171,6172,-3.3750970125005186,1.4093772868790833,Los Angeles County,0.3777999679902701,0.0,66,0.0,'AddedNode',' ',34.03743346,-118.2303329
6172,6173,-3.659252817435397,1.5413852968360175,Los Angeles County,0.3896049132544186,0.0,66,0.0,'AddedNode',' ',34.02540798,-118.221956
6173,6174,-3.6522520349928,1.538133120968514,Los Angeles County,0.38931389031833663,0.0,66,0.0,'AddedNode',' ',34.0243467,-118.2196622
6174,6175,-3.6399335680951554,1.5324108154766207,Los Angeles County,0.3888015530376263,0.0,66,0.0,'AddedNode',' ',34.01874834,-118.2077937
6175,6176,-3.4860310906017338,1.4609128257252564,Los Angeles County,0.3824089435427016,0.0,66,0.0,'AddedNode',' ',34.02108156,-118.2200477
6176,6177,-3.4153786948202147,1.4280905464969422,Los Angeles County,0.3794735501049825,0.0,66,0.0,'AddedNode',' ',34.01885224,-118.2304777
6177,6178,-3.4153786948202147,1.4280905464969422,Los Angeles County,0.3794735501049825,0.0,66,0.0,'AddedNode',' ',34.01495334,-118.2304447
6178,6179,-3.4181532921852233,1.4421595756873271,Los Angeles County,0.3921909669439294,0.0,66,0.0,'AddedNode',' ',34.01862835,-118.2428448
6179,6180,-3.675672879951974,1.549012821409182,Los Angeles County,0.39028798653648006,0.0,66,0.0,'AddedNode',' ',34.02199948,-118.219938
6180,6181,-3.417681813464026,1.4397688692104773,Los Angeles County,0.39002993576016826,0.0,66,0.0,'AddedNode',' ',34.00786723,-118.2396026
6181,6182,-3.4153786948202147,1.4280905464969422,Los Angeles County,0.3794735501049825,0.0,66,0.0,'AddedNode',' ',34.01522613,-118.2428382
6182,6183,-2.658495313737541,1.169737938044518,Los Angeles County,0.4400023829416398,0.0,66,0.0,'AddedNode',' ',33.96746438,-118.2378587
6183,6184,-2.5336401733636498,1.0451946303083524,Los Angeles County,0.3738013662047103,0.0,66,0.0,'AddedNode',' ',33.94814273,-118.2283859
6184,6185,-2.898921678413188,1.232420707671309,Los Angeles County,0.41214063417005187,0.0,66,0.0,'AddedNode',' ',33.94781133,-118.2170574
6185,6186,-2.53364017336365,1.0451946303083526,Los Angeles County,0.37380136620471033,0.0,66,0.0,'AddedNode',' ',33.94867468,-118.2250175
6186,6187,-3.015555372641224,1.292202368726982,Los Angeles County,0.42438197992948784,0.0,66,0.0,'AddedNode',' ',33.92028221,-118.1883367
6187,6188,-3.015544448338773,1.2921976875297367,Los Angeles County,0.42438044254199847,0.0,66,0.0,'AddedNode',' ',33.93751069,-118.1688887
6188,6189,-3.015555372641224,1.2922023687269817,Los Angeles County,0.4243819799294878,0.0,66,0.0,'AddedNode',' ',33.92507545,-118.1737369
6189,6190,-1.965905285069699,0.7542004938738852,Los Angeles County,0.3142129673542862,0.0,66,0.0,'AddedNode',' ',33.95893264,-118.2224493
6190,6191,-1.965918053258653,0.7542053922657295,Los Angeles County,0.31421500810903136,0.0,66,0.0,'AddedNode',' ',33.96315095,-118.1948734
6191,6192,-3.015556405362263,1.292202811260581,Los Angeles County,0.4243821252653033,0.0,66,0.0,'AddedNode',' ',33.93881864,-118.18149
6192,6193,-3.0155538880126675,1.2922017325454833,Los Angeles County,0.424381770996297,0.0,66,0.0,'AddedNode',' ',33.9426435,-118.215442
6193,6194,-3.015559116269348,1.2922039729174317,Los Angeles County,0.4243825067738396,0.0,66,0.0,'AddedNode',' ',33.94063702,-118.1980661
6194,6195,-3.0155402418308705,1.2921958849896396,Los Angeles County,0.42437985055613464,0.0,66,0.0,'AddedNode',' ',33.92067758,-118.1881664
6195,6196,-3.015555372641224,1.292202368726982,Los Angeles County,0.42438197992948784,0.0,66,0.0,'AddedNode',' ',33.91688458,-118.189745
6196,6197,-3.0155578064831263,1.292203411658012,Los Angeles County,0.424382322446377,0.0,66,0.0,'AddedNode',' ',33.92190717,-118.2015668
6197,6198,-3.015560699012087,1.2922046511420586,Los Angeles County,0.4243827295147328,0.0,66,0.0,'AddedNode',' ',33.93178736,-118.1975178
6198,6199,-3.015559223374417,1.2922040188132642,Los Angeles County,0.4243825218468379,0.0,66,0.0,'AddedNode',' ',33.89992219,-118.2069454
6199,6200,-3.015555372641224,1.2922023687269817,Los Angeles County,0.4243819799294878,0.0,66,0.0,'AddedNode',' ',33.90945835,-118.1735283
6200,6201,-3.015559223374417,1.2922040188132642,Los Angeles County,0.4243825218468379,0.0,66,0.0,'AddedNode',' ',33.88900827,-118.177368
6201,6202,-3.015559223374417,1.2922040188132642,Los Angeles County,0.4243825218468379,0.0,66,0.0,'AddedNode',' ',33.88903193,-118.1732669
6202,6203,-3.0155553726412236,1.2922023687269815,Los Angeles County,0.42438197992948773,0.0,66,0.0,'AddedNode',' ',33.90175195,-118.1732454
6203,6204,-3.015559223374417,1.292204018813264,Los Angeles County,0.4243825218468379,0.0,66,0.0,'AddedNode',' ',33.92108585,-118.2022263
6204,6205,-2.976155141334292,1.2753188875993864,Los Angeles County,0.41883714784866605,0.0,66,0.0,'AddedNode',' ',33.91633011,-118.2318571
6205,6206,-2.906298012334373,1.2453842532082766,Los Angeles County,0.40900608754510104,0.0,66,0.0,'AddedNode',' ',33.89750455,-118.2244932
6206,6207,-2.9062980123343727,1.2453842532082762,Los Angeles County,0.409006087545101,0.0,66,0.0,'AddedNode',' ',33.88091125,-118.1958955
6207,6208,-3.0155592233744164,1.2922040188132637,Los Angeles County,0.42438252184683783,0.0,66,0.0,'AddedNode',' ',33.88142848,-118.1924522
6208,6209,-3.0155592233744164,1.2922040188132637,Los Angeles County,0.42438252184683783,0.0,66,0.0,'AddedNode',' ',33.88860967,-118.1930616
6209,6210,-2.906298012334373,1.2453842532082766,Los Angeles County,0.40900608754510104,0.0,66,0.0,'AddedNode',' ',33.88067024,-118.2234161
6210,6211,-2.906298012334373,1.2453842532082766,Los Angeles County,0.40900608754510104,0.0,66,0.0,'AddedNode',' ',33.87997592,-118.2482117
6211,6212,-2.891075673101337,1.2602548798108306,Los Angeles County,0.41848839630954243,0.0,66,0.0,'AddedNode',' ',33.86166624,-118.2846391
6212,6213,-2.8910756731013367,1.2602548798108302,Los Angeles County,0.4184883963095423,0.0,66,0.0,'AddedNode',' ',33.8669766,-118.2706508
6213,6214,-2.95270670405547,1.2760726996793785,Los Angeles County,0.4214065411779987,0.0,66,0.0,'AddedNode',' ',33.86673734,-118.2704822
6214,6215,-3.015559223374417,1.292204018813264,Los Angeles County,0.4243825218468379,0.0,66,0.0,'AddedNode',' ',33.86424364,-118.2220299
6215,6216,-2.898365255215172,1.2504265636066338,Los Angeles County,0.41247658458862674,0.0,66,0.0,'AddedNode',' ',33.87997124,-118.2485922
6216,6217,-2.8752326539772577,1.2651023677499933,Los Angeles County,0.42258163449754466,0.0,66,0.0,'AddedNode',' ',33.87584833,-118.2485464
6217,6218,-3.0155592233744173,1.2922040188132642,Los Angeles County,0.42438252184683795,0.0,66,0.0,'AddedNode',' ',33.86737025,-118.2484825
6218,6219,-2.885945735777466,1.267171414303392,Los Angeles County,0.42271912131539263,0.0,66,0.0,'AddedNode',' ',33.86770804,-118.2484912
6219,6220,-2.8910756731013367,1.2602548798108302,Los Angeles County,0.4184883963095423,0.0,66,0.0,'AddedNode',' ',33.8670992,-118.2664205
6220,6221,-2.9478466325096617,1.2748253453017262,Los Angeles County,0.421176423449605,0.0,66,0.0,'AddedNode',' ',33.86545731,-118.2752624
6221,6222,-2.9478466325096617,1.2748253453017262,Los Angeles County,0.421176423449605,0.0,66,0.0,'AddedNode',' ',33.85939043,-118.2754301
6222,6223,-2.7949391078803876,1.191540095005329,Los Angeles County,0.4133836109830014,0.0,66,0.0,'AddedNode',' ',33.82791496,-118.2681027
6223,6224,-2.9478466325096617,1.2748253453017262,Los Angeles County,0.421176423449605,0.0,66,0.0,'AddedNode',' ',33.84615481,-118.2343057
6224,6225,-2.9478466325096617,1.2748253453017262,Los Angeles County,0.421176423449605,0.0,66,0.0,'AddedNode',' ',33.85760574,-118.2486924
6225,6226,-2.806109997931656,1.2155870460092553,Los Angeles County,0.40183055622993075,0.0,66,0.0,'AddedNode',' ',33.83551563,-118.2441961
6226,6227,-2.924071200924787,1.2857141894513286,Los Angeles County,0.42709219469607024,0.0,66,0.0,'AddedNode',' ',33.83552094,-118.2474955
6227,6228,-2.924071200924787,1.2857141894513289,Los Angeles County,0.42709219469607024,0.0,66,0.0,'AddedNode',' ',33.8318449,-118.2485816
6228,6229,-2.5754339086182036,1.0720657473414075,Los Angeles County,0.40219904527309597,0.0,66,0.0,'AddedNode',' ',33.85849479,-118.2990111
6229,6230,-3.0155522301408877,1.2922010221271436,Los Angeles County,0.42438153768242226,0.0,66,0.0,'AddedNode',' ',33.87448127,-118.1772776
6230,6231,-3.079038571347595,1.4190998638619847,Los Angeles County,0.45043839777585604,0.0,66,0.0,'AddedNode',' ',33.80809606,-118.2439888
6231,6232,-3.079038571347595,1.4190998638619847,Los Angeles County,0.45043839777585604,0.0,66,0.0,'AddedNode',' ',33.80819079,-118.2343121
6232,6233,-3.079038571347595,1.4190998638619847,Los Angeles County,0.45043839777585604,0.0,66,0.0,'AddedNode',' ',33.8077998,-118.2330551
6233,6234,-2.373517968609307,0.9927524563281395,Los Angeles County,0.35505971186370877,0.0,66,0.0,'AddedNode',' ',33.79728633,-118.2065731
6234,6235,-3.079038571347595,1.4190998638619847,Los Angeles County,0.45043839777585604,0.0,66,0.0,'AddedNode',' ',33.80430861,-118.2215238
6235,6236,-2.4783885214195687,1.0366158271876726,Los Angeles County,0.3707475257990783,0.0,66,0.0,'AddedNode',' ',33.77549141,-118.2065905
6236,6237,-2.556039986288307,1.0690944869262735,Los Angeles County,0.3823635772074624,0.0,66,0.0,'AddedNode',' ',33.77544923,-118.2029655
6237,6238,-2.3735179686093075,0.9927524563281395,Los Angeles County,0.35505971186370877,0.0,66,0.0,'AddedNode',' ',33.78467982,-118.2066209
6238,6239,-2.530511463466286,1.105038593886837,Los Angeles County,0.43726940009759907,0.0,66,0.0,'AddedNode',' ',33.78999522,-118.2352301
6239,6240,-2.530511463466286,1.105038593886837,Los Angeles County,0.43726940009759907,0.0,66,0.0,'AddedNode',' ',33.79065608,-118.234401
6240,6241,-2.530511463466286,1.105038593886837,Los Angeles County,0.43726940009759907,0.0,66,0.0,'AddedNode',' ',33.79368278,-118.2347373
6241,6242,-2.5694854747774802,1.5053748224288128,Los Angeles County,0.5832608782832419,0.0,66,0.0,'AddedNode',' ',33.79414567,-118.2359671
6242,6243,-3.1352589685912777,1.4475635011199355,Los Angeles County,0.46162937981256963,0.0,66,0.0,'AddedNode',' ',33.7981466,-118.256832
6243,6244,-2.530511463466286,1.105038593886837,Los Angeles County,0.43726940009759907,0.0,66,0.0,'AddedNode',' ',33.78977432,-118.2372158
6244,6245,-2.581360746416099,1.1357987284230835,Los Angeles County,0.439999591235787,0.0,66,0.0,'AddedNode',' ',33.77483912,-118.2277838
6245,6246,-2.5305114634662864,1.1050385938868375,Los Angeles County,0.4372694000975992,0.0,66,0.0,'AddedNode',' ',33.78561422,-118.2430478
6246,6247,-2.530511463466287,1.1050385938868375,Los Angeles County,0.4372694000975992,0.0,66,0.0,'AddedNode',' ',33.77265608,-118.2410778
6247,6248,-2.5305170227939935,1.1050410215666804,Los Angeles County,0.4372703607428784,0.0,66,0.0,'AddedNode',' ',33.76264216,-118.2267723
6248,6249,-2.6074782637305627,1.1113024536706109,Los Angeles County,0.3884562794483579,0.0,66,0.0,'AddedNode',' ',33.77012631,-118.2078803
6249,6250,-2.5192185956010444,1.053693497115519,Los Angeles County,0.37685538534173973,0.0,66,0.0,'AddedNode',' ',33.76562534,-118.2078772
6250,6251,-3.264698654866997,1.434339389107633,Los Angeles County,0.43380348333588725,0.0,66,0.0,'AddedNode',' ',33.78367819,-118.2437638
6251,6252,-3.0155522301408872,1.2922010221271434,Los Angeles County,0.4243815376824222,0.0,66,0.0,'AddedNode',' ',33.87281315,-118.1600903
6252,6253,-3.0155522301408872,1.2922010221271434,Los Angeles County,0.4243815376824222,0.0,66,0.0,'AddedNode',' ',33.86284454,-118.1622789
6253,6254,-3.015559223374417,1.2922040188132642,Los Angeles County,0.4243825218468379,0.0,66,0.0,'AddedNode',' ',33.88957383,-118.1689141
6254,6255,-3.0155522301408877,1.2922010221271436,Los Angeles County,0.42438153768242226,0.0,66,0.0,'AddedNode',' ',33.85425324,-118.1771282
6255,6256,-2.6689864701353643,1.1123780896924205,Los Angeles County,0.40268082352202633,0.0,66,0.0,'AddedNode',' ',33.8396408,-118.1165584
6256,6257,-2.669019014385162,1.11239165345935,Los Angeles County,0.40268573360510695,0.0,66,0.0,'AddedNode',' ',33.84266171,-118.1200324
6257,6258,-2.6689864701353643,1.1123780896924205,Los Angeles County,0.4026808235220263,0.0,66,0.0,'AddedNode',' ',33.83030847,-118.1076337
6258,6259,-2.6689864701353634,1.1123780896924202,Los Angeles County,0.4026808235220263,0.0,66,0.0,'AddedNode',' ',33.83211479,-118.1167089
6259,6260,-2.6689864701353643,1.1123780896924205,Los Angeles County,0.4026808235220264,0.0,66,0.0,'AddedNode',' ',33.81035139,-118.1076998
6260,6261,-2.6689864701353643,1.1123780896924205,Los Angeles County,0.40268082352202633,0.0,66,0.0,'AddedNode',' ',33.84312217,-118.1162289
6261,6262,-2.498732104560099,1.0030084019576966,Los Angeles County,0.37822444885338735,0.0,66,0.0,'AddedNode',' ',33.85537429,-118.1168481
6262,6263,-2.6689864701353643,1.1123780896924205,Los Angeles County,0.4026808235220264,0.0,66,0.0,'AddedNode',' ',33.83036388,-118.1167077
6263,6264,-3.0155795106346543,1.2922127121524651,Los Angeles County,0.42438537689229483,0.0,66,0.0,'AddedNode',' ',33.81716291,-118.1718438
6264,6265,-3.0155795106346543,1.2922127121524651,Los Angeles County,0.42438537689229483,0.0,66,0.0,'AddedNode',' ',33.81134255,-118.1761275
6265,6266,-3.0155592233744177,1.2922040188132642,Los Angeles County,0.424382521846838,0.0,66,0.0,'AddedNode',' ',33.85340983,-118.1677916
6266,6267,-3.0155592233744177,1.2922040188132642,Los Angeles County,0.424382521846838,0.0,66,0.0,'AddedNode',' ',33.81881531,-118.1674572
6267,6268,-3.323415709532292,1.3985824900845631,Los Angeles County,0.3891755198949893,0.0,66,0.0,'AddedNode',' ',33.99294314,-118.2435653
6268,6269,-3.258389316247542,1.368671860878521,Los Angeles County,0.3871057642579675,0.0,66,0.0,'AddedNode',' ',33.9928758,-118.2383605
6269,6270,-2.6899640854145566,1.1251098532000834,Los Angeles County,0.40239757428532497,0.0,66,0.0,'AddedNode',' ',33.80812919,-118.1726551
6270,6271,-2.648592219455803,1.103878189874461,Los Angeles County,0.3996038601313712,0.0,66,0.0,'AddedNode',' ',33.80811613,-118.1687755
6271,6272,-2.6899643943178053,1.1251099824025848,Los Angeles County,0.4023976204948334,0.0,66,0.0,'AddedNode',' ',33.76800172,-118.1501398
6272,6273,-2.689960885061341,1.125108514613834,Los Angeles County,0.40239709553753145,0.0,66,0.0,'AddedNode',' ',33.79314407,-118.1720385
6273,6274,-2.648592219455803,1.103878189874461,Los Angeles County,0.3996038601313713,0.0,66,0.0,'AddedNode',' ',33.78854766,-118.1077635
6274,6275,-2.648592219455803,1.103878189874461,Los Angeles County,0.3996038601313713,0.0,66,0.0,'AddedNode',' ',33.79135249,-118.1416496
6275,6276,-2.6485922194558036,1.103878189874461,Los Angeles County,0.3996038601313713,0.0,66,0.0,'AddedNode',' ',33.80429248,-118.1586491
6276,6277,-2.689957366379698,1.125107042882888,Los Angeles County,0.40239656917029654,0.0,66,0.0,'AddedNode',' ',33.77287809,-118.2028333
6277,6278,-2.6899643943178053,1.125109982402585,Los Angeles County,0.4023976204948334,0.0,66,0.0,'AddedNode',' ',33.78368977,-118.1917147
6278,6279,-2.689957366379698,1.1251070428828878,Los Angeles County,0.40239656917029654,0.0,66,0.0,'AddedNode',' ',33.78364985,-118.1979059
6279,6280,-2.373435543343,0.9927179809684951,Los Angeles County,0.35504738168896716,0.0,66,0.0,'AddedNode',' ',33.78470581,-118.2043237
6280,6281,-2.6527308075671665,1.1095365866274258,Los Angeles County,0.396827767324065,0.0,66,0.0,'AddedNode',' ',33.7741132,-118.2028092
6281,6282,-2.6899643943178053,1.1251099824025848,Los Angeles County,0.4023976204948334,0.0,66,0.0,'AddedNode',' ',33.77904577,-118.1830381
6282,6283,-2.6899643943178053,1.1251099824025848,Los Angeles County,0.4023976204948334,0.0,66,0.0,'AddedNode',' ',33.77904464,-118.1718978
6283,6284,-3.7640920509268008,1.6013195742965423,Los Angeles County,0.38550342148513583,0.0,66,0.0,'AddedNode',' ',34.05096005,-118.4324855
6284,6285,-2.4666359398494775,1.0106920983180725,Los Angeles County,0.3945546790305363,0.0,66,0.0,'AddedNode',' ',33.84805614,-118.3289325
6285,6286,-2.4666359398494775,1.0106920983180725,Los Angeles County,0.3945546790305363,0.0,66,0.0,'AddedNode',' ',33.82939454,-118.3286861
6286,6287,-2.4666359398494775,1.0106920983180727,Los Angeles County,0.39455467903053637,0.0,66,0.0,'AddedNode',' ',33.82946363,-118.3443338
6287,6288,-2.466635939849478,1.0106920983180727,Los Angeles County,0.39455467903053637,0.0,66,0.0,'AddedNode',' ',33.85459904,-118.3178757
6288,6289,-3.8214666462793327,1.6507960304755467,Los Angeles County,0.4289572035637549,0.0,66,0.0,'AddedNode',' ',34.08025325,-118.3903714
6289,6290,-3.8214125889751998,1.650772678817311,Los Angeles County,0.42895113566570425,0.0,66,0.0,'AddedNode',' ',34.07365793,-118.3903506
6290,6291,-3.8848009354814086,1.6546893711537303,Los Angeles County,0.39045864384437623,0.0,66,0.0,'AddedNode',' ',34.04437614,-118.456645
6291,6292,12.187039109441047,1.2872735199530667,Los Angeles County,0.3037591717333598,15.2092386,66,0.06035941957444009,'AddedNode',' ',34.07189248,-118.4672581
6292,6293,-3.7287908117830115,1.5857104464453875,Los Angeles County,0.3840585410094654,0.0,66,0.0,'AddedNode',' ',34.04717063,-118.4519478
6293,6294,-3.8848009354814086,1.65468937115373,Los Angeles County,0.3904586438443761,0.0,66,0.0,'AddedNode',' ',34.03767318,-118.4600451
6294,6295,-3.8848009354814086,1.65468937115373,Los Angeles County,0.3904586438443761,0.0,66,0.0,'AddedNode',' ',34.03870914,-118.4613839
6295,6296,-3.8848009354814086,1.65468937115373,Los Angeles County,0.3904586438443761,0.0,66,0.0,'AddedNode',' ',34.0425304,-118.455056
6296,6297,-3.884800935481409,1.6546893711537305,Los Angeles County,0.39045864384437623,0.0,66,0.0,'AddedNode',' ',34.03385245,-118.4606705
6297,6298,-3.8848009354814086,1.6546893711537303,Los Angeles County,0.3904586438443762,0.0,66,0.0,'AddedNode',' ',34.03598395,-118.4580618
6298,6299,-3.464237941728318,1.4755550661478045,Los Angeles County,0.34818814944345444,0.0,66,0.0,'AddedNode',' ',34.02535335,-118.4724593
6299,6300,-3.4642741862833306,1.4753661902201813,Los Angeles County,0.3489418105312044,0.0,66,0.0,'AddedNode',' ',34.01200974,-118.4640533
6300,6301,-3.464599488104677,1.4688998639486033,Los Angeles County,0.3732204517909649,0.0,66,0.0,'AddedNode',' ',34.0307533,-118.434849
6301,6302,-3.464599488104677,1.4688998639486033,Los Angeles County,0.3732204517909649,0.0,66,0.0,'AddedNode',' ',34.02152443,-118.4582743
6302,6303,-3.4642741862833306,1.4753661902201813,Los Angeles County,0.3489418105312044,0.0,66,0.0,'AddedNode',' ',34.01880738,-118.4697378
6303,6304,-3.7806376877229972,1.6155875524647687,Los Angeles County,0.3980345860410911,0.0,66,0.0,'AddedNode',' ',34.07935396,-118.3916384
6304,6305,-3.8848532668866995,1.6547116611555994,Los Angeles County,0.3904639036375753,0.0,66,0.0,'AddedNode',' ',34.04170905,-118.4390103
6305,6306,-3.8849797278661407,1.6547655258560103,Los Angeles County,0.3904766141427858,0.0,66,0.0,'AddedNode',' ',34.04073965,-118.440396
6306,6307,-3.884746152216657,1.6546660368085713,Los Angeles County,0.3904531376164856,0.0,66,0.0,'AddedNode',' ',34.04463884,-118.4415622
6307,6308,-3.884662779752703,1.6546305252000633,Los Angeles County,0.3904447579080398,0.0,66,0.0,'AddedNode',' ',34.04300313,-118.4401671
6308,6309,-3.8848009354814086,1.6546893711537303,Los Angeles County,0.3904586438443762,0.0,66,0.0,'AddedNode',' ',34.03382403,-118.4555394
6309,6310,-3.6996988876541557,1.5728471552238414,Los Angeles County,0.3828668259105447,0.0,66,0.0,'AddedNode',' ',34.04747013,-118.4294418
6310,6311,-3.464599488104677,1.4688998639486035,Los Angeles County,0.373220451790965,0.0,66,0.0,'AddedNode',' ',34.01462006,-118.4138028
6311,6312,-3.464599488104677,1.4688998639486035,Los Angeles County,0.373220451790965,0.0,66,0.0,'AddedNode',' ',34.01150228,-118.4162146
6312,6313,-3.749628668683869,1.5969738588229232,Los Angeles County,0.3773877206706638,0.0,66,0.0,'AddedNode',' ',33.98579364,-118.4249342
6313,6314,-3.464599488104676,1.468899863948603,Los Angeles County,0.37322045179096486,0.0,66,0.0,'AddedNode',' ',33.99078432,-118.4208942
6314,6315,-3.749628668683869,1.5969738588229232,Los Angeles County,0.3773877206706638,0.0,66,0.0,'AddedNode',' ',33.99074997,-118.4209182
6315,6316,-3.7496366951345403,1.5969772773032678,Los Angeles County,0.37738852850637,0.0,66,0.0,'AddedNode',' ',33.98537671,-118.4252708
6316,6317,-3.238294076624201,1.3672125979252256,Los Angeles County,0.3699117537248453,0.0,66,0.0,'AddedNode',' ',33.98921437,-118.4188513
6317,6318,-2.3325356076398838,0.9557451383891844,Los Angeles County,0.3731044468831553,0.0,66,0.0,'AddedNode',' ',34.00081887,-118.3855539
6318,6319,-2.3325356076398838,0.9557451383891843,Los Angeles County,0.3731044468831553,0.0,66,0.0,'AddedNode',' ',34.00113296,-118.3876555
6319,6320,-2.3325356076398838,0.9557451383891846,Los Angeles County,0.3731044468831553,0.0,66,0.0,'AddedNode',' ',34.00086551,-118.385553
6320,6321,3.214978541917588,0.7074661942661703,Los Angeles County,0.27618114128740145,4.9415791,66,0.09649840729629622,'AddedNode',' ',33.98642238,-118.3955011
6321,6322,-2.2194244028479524,0.9093983714960456,Los Angeles County,0.35501156402985473,0.0,66,0.0,'AddedNode',' ',33.9784268,-118.3960218
6322,6323,-2.5680483357044936,1.0816057351196597,Los Angeles County,0.41229751510570095,0.0,66,0.0,'AddedNode',' ',33.9413275,-118.3698886
6323,6324,-2.541967032904556,1.082400629728986,Los Angeles County,0.38032711843362005,0.0,66,0.0,'AddedNode',' ',33.9598378,-118.3718844
6324,6325,-2.521862046550582,1.083013380763547,Los Angeles County,0.3556824757271634,0.0,66,0.0,'AddedNode',' ',33.96223702,-118.3753441
6325,6326,-2.568048335704494,1.08160573511966,Los Angeles County,0.41229751510570106,0.0,66,0.0,'AddedNode',' ',33.94736593,-118.3783709
6326,6327,-2.564928799021045,1.0804002150033183,Los Angeles County,0.4123906010809584,0.0,66,0.0,'AddedNode',' ',33.92636095,-118.3089015
6327,6328,-2.185622741177757,0.8955483047682526,Los Angeles County,0.34960476541984303,0.0,66,0.0,'AddedNode',' ',33.91953715,-118.3346719
6328,6329,-2.485363532376451,1.018365638414422,Los Angeles County,0.39755028091045763,0.0,66,0.0,'AddedNode',' ',33.88188611,-118.3263224
6329,6330,-2.4853733369199342,1.0183696557785038,Los Angeles County,0.39755184921182096,0.0,66,0.0,'AddedNode',' ',33.91632057,-118.3322846
6330,6331,-2.4853733369199342,1.0183696557785038,Los Angeles County,0.39755184921182096,0.0,66,0.0,'AddedNode',' ',33.91850301,-118.3351701
6331,6332,-2.4853733369199342,1.0183696557785038,Los Angeles County,0.39755184921182096,0.0,66,0.0,'AddedNode',' ',33.91952847,-118.3352007
6332,6333,-2.485378055774923,1.0183715893064205,Los Angeles County,0.39755260402378384,0.0,66,0.0,'AddedNode',' ',33.91954045,-118.3394453
6333,6334,-2.485378055774923,1.0183715893064205,Los Angeles County,0.39755260402378384,0.0,66,0.0,'AddedNode',' ',33.91627269,-118.3436981
6334,6335,-2.4853687850894968,1.018367790688086,Los Angeles County,0.39755112111653607,0.0,66,0.0,'AddedNode',' ',33.88060498,-118.3263324
6335,6336,-2.485378055774923,1.0183715893064205,Los Angeles County,0.39755260402378384,0.0,66,0.0,'AddedNode',' ',33.88016462,-118.3353379
6336,6337,-2.185622741177757,0.8955483047682526,Los Angeles County,0.34960476541984303,0.0,66,0.0,'AddedNode',' ',33.91632351,-118.3176222
6337,6338,-2.3755860774131734,0.9881254857850945,Los Angeles County,0.3810490478505806,0.0,66,0.0,'AddedNode',' ',33.92397043,-118.3176759
6338,6339,-2.564928799021045,1.0804002150033183,Los Angeles County,0.4123906010809584,0.0,66,0.0,'AddedNode',' ',33.93084945,-118.3175353
6339,6340,-2.310294097010135,0.9475745994575103,Los Angeles County,0.3689989322658382,0.0,66,0.0,'AddedNode',' ',33.92202732,-118.3089205
6340,6341,-2.3740691422759745,0.9741885259851213,Los Angeles County,0.378919857093149,0.0,66,0.0,'AddedNode',' ',33.92205311,-118.3067939
6341,6342,-2.4838212952032253,1.0177991627171488,Los Angeles County,0.3972655598494427,0.0,66,0.0,'AddedNode',' ',33.90183049,-118.3119597
6342,6343,-2.4853733369199342,1.0183696557785038,Los Angeles County,0.39755184921182096,0.0,66,0.0,'AddedNode',' ',33.89456858,-118.3263627
6343,6344,-2.4835688416966804,1.0176302726234419,Los Angeles County,0.39726320830534545,0.0,66,0.0,'AddedNode',' ',33.89453149,-118.317727
6344,6345,-2.4909734508461687,1.0225839179509937,Los Angeles County,0.397332180470464,0.0,66,0.0,'AddedNode',' ',33.8878895,-118.3092543
6345,6346,-2.3740691422759745,0.9741885259851213,Los Angeles County,0.378919857093149,0.0,66,0.0,'AddedNode',' ',33.90547012,-118.3089772
6346,6347,-2.4909734508461687,1.0225839179509937,Los Angeles County,0.397332180470464,0.0,66,0.0,'AddedNode',' ',33.90178327,-118.3089543
6347,6348,-2.4800519708734745,1.0161892518816305,Los Angeles County,0.3967006616334087,0.0,66,0.0,'AddedNode',' ',33.88370998,-118.3177116
6348,6349,-2.4800519708734745,1.0161892518816305,Los Angeles County,0.3967006616334087,0.0,66,0.0,'AddedNode',' ',33.88368367,-118.3092829
6349,6350,-2.4800519708734745,1.0161892518816305,Los Angeles County,0.3967006616334087,0.0,66,0.0,'AddedNode',' ',33.87103952,-118.3179178
6350,6351,-2.466635939849478,1.0106920983180727,Los Angeles County,0.39455467903053637,0.0,66,0.0,'AddedNode',' ',33.85416851,-118.328924
6351,6352,-2.466635939849478,1.0106920983180727,Los Angeles County,0.39455467903053637,0.0,66,0.0,'AddedNode',' ',33.85818567,-118.3179275
6352,6353,-2.466635939849478,1.010692098318073,Los Angeles County,0.39455467903053637,0.0,66,0.0,'AddedNode',' ',33.85823719,-118.3289327
6353,6354,-2.3229968158951833,0.9664157681167878,Los Angeles County,0.40513054676754134,0.0,66,0.0,'AddedNode',' ',33.85741513,-118.3752886
6354,6355,-2.480051970873475,1.0161892518816307,Los Angeles County,0.39670066163340884,0.0,66,0.0,'AddedNode',' ',33.86550599,-118.3179044
6355,6356,-2.4853721692325244,1.0183691773242574,Los Angeles County,0.39755166243252205,0.0,66,0.0,'AddedNode',' ',33.865498,-118.3093132
6356,6357,-2.485368785089497,1.0183677906880861,Los Angeles County,0.3975511211165361,0.0,66,0.0,'AddedNode',' ',33.86548102,-118.3328885
6357,6358,-2.4853687850894968,1.018367790688086,Los Angeles County,0.39755112111653607,0.0,66,0.0,'AddedNode',' ',33.86549935,-118.3349382
6358,6359,-2.4853687850894968,1.018367790688086,Los Angeles County,0.39755112111653607,0.0,66,0.0,'AddedNode',' ',33.86547942,-118.3439324
6359,6360,3.301757752513651,0.7922444720624533,Los Angeles County,0.3092769438966619,5.23526321,66,0.11422322716394909,'AddedNode',' ',33.87265052,-118.343936
6360,6361,-2.466635939849478,1.0106920983180727,Los Angeles County,0.39455467903053637,0.0,66,0.0,'AddedNode',' ',33.85364244,-118.3289205
6361,6362,-2.466635939849478,1.0106920983180727,Los Angeles County,0.39455467903053637,0.0,66,0.0,'AddedNode',' ',33.86150139,-118.3179081
6362,6363,-2.4853687850894968,1.018367790688086,Los Angeles County,0.3975511211165361,0.0,66,0.0,'AddedNode',' ',33.85677976,-118.3534943
6363,6364,-2.485368785089497,1.0183677906880861,Los Angeles County,0.3975511211165361,0.0,66,0.0,'AddedNode',' ',33.86548693,-118.3335488
6364,6365,-2.429760610819624,0.9955826113154522,Los Angeles County,0.3886562270642494,0.0,66,0.0,'AddedNode',' ',33.86260221,-118.3334482
6365,6366,-2.429760610819624,0.9955826113154522,Los Angeles County,0.3886562270642494,0.0,66,0.0,'AddedNode',' ',33.8609427,-118.3471621
6366,6367,-2.4853687850894968,1.018367790688086,Los Angeles County,0.39755112111653607,0.0,66,0.0,'AddedNode',' ',33.86194437,-118.3439314
6367,6368,-2.429760610819624,0.9955826113154522,Los Angeles County,0.3886562270642494,0.0,66,0.0,'AddedNode',' ',33.85866764,-118.3471452
6368,6369,-2.4435791211103686,1.0012446788041127,Los Angeles County,0.39086658887904463,0.0,66,0.0,'AddedNode',' ',33.86891649,-118.3610654
6369,6370,-2.44359684464467,1.0012519409362266,Los Angeles County,0.39086942387519247,0.0,66,0.0,'AddedNode',' ',33.86891751,-118.3790872
6370,6371,-2.2803941069555504,0.9527847398832046,Los Angeles County,0.4071192155417244,0.0,66,0.0,'AddedNode',' ',33.85840076,-118.3753027
6371,6372,-2.443579121110369,1.0012446788041127,Los Angeles County,0.39086658887904463,0.0,66,0.0,'AddedNode',' ',33.86892795,-118.3768108
6372,6373,-2.4435797040805807,1.001244917673326,Los Angeles County,0.3908666821289731,0.0,66,0.0,'AddedNode',' ',33.87193545,-118.3778929
6373,6374,-2.083006233505606,0.8941653938882211,Los Angeles County,0.42677275730504527,0.0,66,0.0,'AddedNode',' ',33.85839226,-118.3747081
6374,6375,-2.083016819769593,0.8941699382197532,Los Angeles County,0.4267749262515414,0.0,66,0.0,'AddedNode',' ',33.89112012,-118.3699872
6375,6376,-2.0830084050699638,0.8941663260686769,Los Angeles County,0.4267732022218651,0.0,66,0.0,'AddedNode',' ',33.89453654,-118.3741346
6376,6377,-1.909275754474221,0.8400813319686572,Los Angeles County,0.43833949271395833,0.0,66,0.0,'AddedNode',' ',33.90013735,-118.3788201
6377,6378,-1.9092712079841934,0.840079331513045,Los Angeles County,0.43833844891181095,0.0,66,0.0,'AddedNode',' ',33.90008108,-118.381387
6378,6379,-1.7565018264148549,0.7728608036225361,Los Angeles County,0.43704104094478247,0.0,66,0.0,'AddedNode',' ',33.89452606,-118.4034008
6379,6380,-1.7507404696230093,0.7703258066341243,Los Angeles County,0.43560753866673385,0.0,66,0.0,'AddedNode',' ',33.90228804,-118.409721
6380,6381,-1.7507404696230098,0.7703258066341243,Los Angeles County,0.4356075386667339,0.0,66,0.0,'AddedNode',' ',33.90637896,-118.4194637
6381,6382,-1.7507404696230098,0.7703258066341243,Los Angeles County,0.4356075386667339,0.0,66,0.0,'AddedNode',' ',33.90925746,-118.4207496
6382,6383,-1.750785430144576,0.7703455892636134,Los Angeles County,0.435618725443116,0.0,66,0.0,'AddedNode',' ',33.91300074,-118.4135848
6383,6384,-2.322996815895183,0.9664157681167878,Los Angeles County,0.4051305467675413,0.0,66,0.0,'AddedNode',' ',33.85313245,-118.3803198
6384,6385,-2.3230053366204766,0.9664193129185813,Los Angeles County,0.40513203278167326,0.0,66,0.0,'AddedNode',' ',33.79389226,-118.349523
6385,6386,-2.3230053366204766,0.9664193129185813,Los Angeles County,0.40513203278167326,0.0,66,0.0,'AddedNode',' ',33.82797045,-118.3767459
6386,6387,-2.3230053366204766,0.9664193129185813,Los Angeles County,0.40513203278167326,0.0,66,0.0,'AddedNode',' ',33.81571018,-118.3744352
6387,6388,-2.323005336620477,0.9664193129185815,Los Angeles County,0.4051320327816733,0.0,66,0.0,'AddedNode',' ',33.80650102,-118.3544728
6388,6389,-2.3230053366204766,0.9664193129185814,Los Angeles County,0.4051320327816733,0.0,66,0.0,'AddedNode',' ',33.8063699,-118.354134
6389,6390,-2.323005336620477,0.9664193129185815,Los Angeles County,0.4051320327816733,0.0,66,0.0,'AddedNode',' ',33.8042085,-118.3521966
6390,6391,-2.323005336620477,0.9664193129185815,Los Angeles County,0.4051320327816733,0.0,66,0.0,'AddedNode',' ',33.79374749,-118.3495774
6391,6392,-2.4702610701148697,1.0317266869835948,Los Angeles County,0.3950576109903955,0.0,66,0.0,'AddedNode',' ',33.76640978,-118.3731542
6392,6393,-2.4885212691394787,1.0398249091272818,Los Angeles County,0.3938093099276052,0.0,66,0.0,'AddedNode',' ',33.78267634,-118.3521013
6393,6394,-2.373226880956453,0.9910088863229611,Los Angeles County,0.38122383279441285,0.0,66,0.0,'AddedNode',' ',33.77628277,-118.3436938
6394,6395,-2.4885212691394787,1.0398249091272818,Los Angeles County,0.3938093099276052,0.0,66,0.0,'AddedNode',' ',33.7659925,-118.3720119
6395,6396,-2.3229734254531516,0.9664060371985844,Los Angeles County,0.40512646747543685,0.0,66,0.0,'AddedNode',' ',33.77673074,-118.3750525
6396,6397,-2.477345145264098,1.01508014323259,Los Angeles County,0.39626768703336934,0.0,66,0.0,'AddedNode',' ',33.82944672,-118.3447681
6397,6398,-2.4853687722322566,1.018367785419894,Los Angeles County,0.39755111905993573,0.0,66,0.0,'AddedNode',' ',33.85685559,-118.3465969
6398,6399,-2.584786540974367,1.0805838369910075,Los Angeles County,0.40431850231617317,0.0,66,0.0,'AddedNode',' ',33.79239204,-118.323507
6399,6400,-2.5847669912477045,1.0805756641232231,Los Angeles County,0.40431544430109934,0.0,66,0.0,'AddedNode',' ',33.79240026,-118.3254751
6400,6401,-2.5847990491803245,1.0805890661134023,Los Angeles County,0.4043204588797111,0.0,66,0.0,'AddedNode',' ',33.79238117,-118.3225952
6401,6402,-2.5754339086182036,1.0720657473414075,Los Angeles County,0.40219904527309597,0.0,66,0.0,'AddedNode',' ',33.84733304,-118.2990958
6402,6403,-2.4853883805621337,1.0183758198378428,Los Angeles County,0.39755425554156076,0.0,66,0.0,'AddedNode',' ',33.82414087,-118.2992762
6403,6404,-2.485368099955193,1.0183675099576317,Los Angeles County,0.39755101152478756,0.0,66,0.0,'AddedNode',' ',33.8587063,-118.3094136
6404,6405,-2.529381363206965,1.0446089641560423,Los Angeles County,0.3998222584400454,0.0,66,0.0,'AddedNode',' ',33.82437889,-118.2990533
6405,6406,-2.5847669912477045,1.0805756641232231,Los Angeles County,0.40431544430109934,0.0,66,0.0,'AddedNode',' ',33.82000361,-118.3199659
6406,6407,-3.4642741862833306,1.4753661902201813,Los Angeles County,0.3489418105312044,0.0,66,0.0,'AddedNode',' ',34.01340748,-118.4650076
6407,6408,-2.575433908618203,1.0720657473414072,Los Angeles County,0.4021990452730959,0.0,66,0.0,'AddedNode',' ',33.84688584,-118.2990895
6408,6409,-2.5754339086182023,1.0720657473414072,Los Angeles County,0.4021990452730958,0.0,66,0.0,'AddedNode',' ',33.84638956,-118.299084
6409,6410,-2.9478466325096617,1.2748253453017262,Los Angeles County,0.421176423449605,0.0,66,0.0,'AddedNode',' ',33.85035625,-118.2802139
6410,6411,-2.6870582667824046,1.1328394764112781,Los Angeles County,0.4078871905020156,0.0,66,0.0,'AddedNode',' ',33.84646702,-118.2861541
6411,6412,-2.924057481715073,1.2857081571144304,Los Angeles County,0.4270901908572496,0.0,66,0.0,'AddedNode',' ',33.82783095,-118.2484938
6412,6413,-2.865311364910861,1.2428636895797749,Los Angeles County,0.42085398822887865,0.0,66,0.0,'AddedNode',' ',33.82792304,-118.2550526
6413,6414,-3.1129816467286715,1.4234935239568642,Los Angeles County,0.4471454632482264,0.0,66,0.0,'AddedNode',' ',33.82439192,-118.2440834
6414,6415,-3.112981646728673,1.4234935239568645,Los Angeles County,0.44714546324822646,0.0,66,0.0,'AddedNode',' ',33.82435644,-118.2547585
6415,6416,-3.112981646728673,1.4234935239568645,Los Angeles County,0.44714546324822646,0.0,66,0.0,'AddedNode',' ',33.82437884,-118.2680651
6416,6417,-2.902005648761649,1.2696254082886407,Los Angeles County,0.42474927530222056,0.0,66,0.0,'AddedNode',' ',33.8275048,-118.2680668
6417,6418,-2.6523328414774885,1.1138626563511163,Los Angeles County,0.40611829168563995,0.0,66,0.0,'AddedNode',' ',33.8279072,-118.2724629
6418,6419,-2.5710419790551917,1.0694386628311594,Los Angeles County,0.4019773687434926,0.0,66,0.0,'AddedNode',' ',33.82431702,-118.2724608
6419,6420,-3.112981646728673,1.4234935239568645,Los Angeles County,0.44714546324822646,0.0,66,0.0,'AddedNode',' ',33.8243166,-118.2721616
6420,6421,-3.079038571347595,1.4190998638619847,Los Angeles County,0.45043839777585604,0.0,66,0.0,'AddedNode',' ',33.80821157,-118.2617269
6421,6422,-3.079038571347595,1.419099863861985,Los Angeles County,0.45043839777585615,0.0,66,0.0,'AddedNode',' ',33.79928132,-118.2594324
6422,6423,-3.514334411078994,1.5463071408747573,Los Angeles County,0.4326242758991917,0.0,66,0.0,'AddedNode',' ',33.78778749,-118.299878
6423,6424,-3.1282979547176155,1.4334957158586235,Los Angeles County,0.4484232695752141,0.0,66,0.0,'AddedNode',' ',33.81874692,-118.2722899
6424,6425,-2.5847837151776405,1.0805826556515736,Los Angeles County,0.40431806029828027,0.0,66,0.0,'AddedNode',' ',33.81912206,-118.2980279
6425,6426,-3.1282787256631504,1.4334869044322212,Los Angeles County,0.4484205132023883,0.0,66,0.0,'AddedNode',' ',33.80792422,-118.2722381
6426,6427,-3.0060142832900465,1.3217506751821733,Los Angeles County,0.4276128705826795,0.0,66,0.0,'AddedNode',' ',33.81296067,-118.2982852
6427,6428,-3.079064217393051,1.4191116838826738,Los Angeles County,0.45044214958453144,0.0,66,0.0,'AddedNode',' ',33.79915445,-118.2621398
6428,6429,-2.5709718450641104,1.0694094902224458,Los Angeles County,0.401966403431598,0.0,66,0.0,'AddedNode',' ',33.82439821,-118.294809
6429,6430,-2.575409000170017,1.072055378799613,Los Angeles County,0.4021951553833005,0.0,66,0.0,'AddedNode',' ',33.82804806,-118.2990652
6430,6431,-3.4824348686253948,1.5369850808799277,Los Angeles County,0.43392973826572595,0.0,66,0.0,'AddedNode',' ',33.79464805,-118.2999824
6431,6432,-3.079038571347595,1.4190998638619847,Los Angeles County,0.45043839777585604,0.0,66,0.0,'AddedNode',' ',33.79558662,-118.2618724
6432,6433,-3.514334411078993,1.5463071408747568,Los Angeles County,0.4326242758991916,0.0,66,0.0,'AddedNode',' ',33.78761742,-118.2998762
6433,6434,-3.1231300559860484,1.4319847967935035,Los Angeles County,0.44863399026863715,0.0,66,0.0,'AddedNode',' ',33.79456205,-118.2750484
6434,6435,-3.267674167779897,1.4742251795200432,Los Angeles County,0.44271864215587153,0.0,66,0.0,'AddedNode',' ',33.79805417,-118.2831436
6435,6436,-3.267690912117193,1.4742327337994448,Los Angeles County,0.44272091075117564,0.0,66,0.0,'AddedNode',' ',33.80395093,-118.2840235
6436,6437,-3.267690912117193,1.4742327337994448,Los Angeles County,0.44272091075117564,0.0,66,0.0,'AddedNode',' ',33.80775532,-118.2846105
6437,6438,-1.7507231090884359,0.7703181679989117,Los Angeles County,0.4356032191345891,0.0,66,0.0,'AddedNode',' ',33.91133048,-118.4132321
6438,6439,-1.7507404696230096,0.7703258066341243,Los Angeles County,0.43560753866673385,0.0,66,0.0,'AddedNode',' ',33.90936844,-118.4119188
6439,6440,-1.7507404696230098,0.7703258066341243,Los Angeles County,0.4356075386667339,0.0,66,0.0,'AddedNode',' ',33.90226238,-118.4115027
6440,6441,-2.6993777283566134,1.1637818880830673,Los Angeles County,0.42387582451783345,0.0,66,0.0,'AddedNode',' ',33.92082509,-118.3971862
6441,6442,-2.6993777283566134,1.1637818880830673,Los Angeles County,0.42387582451783345,0.0,66,0.0,'AddedNode',' ',33.92369118,-118.3984681
6442,6443,-2.6993777283566134,1.1637818880830673,Los Angeles County,0.42387582451783345,0.0,66,0.0,'AddedNode',' ',33.92469594,-118.3984914
6443,6444,-2.529042347317605,1.0571986926180579,Los Angeles County,0.4088586550504675,0.0,66,0.0,'AddedNode',' ',33.91624613,-118.3956896
6444,6445,-2.699377728356613,1.1637818880830673,Los Angeles County,0.42387582451783345,0.0,66,0.0,'AddedNode',' ',33.92374797,-118.3926177
6445,6446,-2.986692129089137,1.2831539733728594,Los Angeles County,0.42001699361996064,0.0,66,0.0,'AddedNode',' ',33.9309912,-118.4046325
6446,6447,-2.986692129089137,1.2831539733728594,Los Angeles County,0.42001699361996064,0.0,66,0.0,'AddedNode',' ',33.93120233,-118.4135232
6447,6448,-2.194989796970137,0.9542219552044289,Los Angeles County,0.43065967741465166,0.0,66,0.0,'AddedNode',' ',33.93080671,-118.404791
6448,6449,-2.986692129089137,1.2831539733728596,Los Angeles County,0.42001699361996064,0.0,66,0.0,'AddedNode',' ',33.93152624,-118.4200756
6449,6450,-2.986692129089137,1.2831539733728594,Los Angeles County,0.42001699361996064,0.0,66,0.0,'AddedNode',' ',33.93119534,-118.4199867
6450,6451,-1.7507352271338563,0.7703234999388968,Los Angeles County,0.43560623426563266,0.0,66,0.0,'AddedNode',' ',33.91274227,-118.4231903
6451,6452,-2.6993777283566134,1.1637818880830673,Los Angeles County,0.42387582451783345,0.0,66,0.0,'AddedNode',' ',33.92369399,-118.3972082
6452,6453,-2.699377728356613,1.1637818880830673,Los Angeles County,0.42387582451783345,0.0,66,0.0,'AddedNode',' ',33.92138129,-118.385258
6453,6454,-2.699377728356613,1.163781888083067,Los Angeles County,0.4238758245178334,0.0,66,0.0,'AddedNode',' ',33.92192937,-118.3833584
6454,6455,-2.546250950929628,1.0679665551212694,Los Angeles County,0.41037580618584624,0.0,66,0.0,'AddedNode',' ',33.916228,-118.3852614
6455,6456,-2.4961325756663664,1.0227782016077678,Los Angeles County,0.3992728603759047,0.0,66,0.0,'AddedNode',' ',33.9114073,-118.3922352
6456,6457,-2.4961325756663664,1.0227782016077678,Los Angeles County,0.3992728603759047,0.0,66,0.0,'AddedNode',' ',33.90926155,-118.389787
6457,6458,-2.4961184670848042,1.0227724206849844,Los Angeles County,0.39927060361527783,0.0,66,0.0,'AddedNode',' ',33.90976595,-118.3905945
6458,6459,-2.0830084050699638,0.8941663260686767,Los Angeles County,0.426773202221865,0.0,66,0.0,'AddedNode',' ',33.89447701,-118.3699781
6459,6460,-2.0830084050699638,0.8941663260686767,Los Angeles County,0.426773202221865,0.0,66,0.0,'AddedNode',' ',33.915968,-118.3613729
6460,6461,-2.0829988151450762,0.894162209432429,Los Angeles County,0.426771237408404,0.0,66,0.0,'AddedNode',' ',33.93079451,-118.3611527
6461,6462,-2.5680483357044936,1.0816057351196597,Los Angeles County,0.41229751510570095,0.0,66,0.0,'AddedNode',' ',33.91656406,-118.3833708
6462,6463,-2.564928799021044,1.080400215003318,Los Angeles County,0.4123906010809584,0.0,66,0.0,'AddedNode',' ',33.93081254,-118.3440611
6463,6464,-2.5680483357044936,1.0816057351196597,Los Angeles County,0.41229751510570095,0.0,66,0.0,'AddedNode',' ',33.9235471,-118.3701606
6464,6465,-2.5680483357044936,1.0816057351196597,Los Angeles County,0.41229751510570095,0.0,66,0.0,'AddedNode',' ',33.93636839,-118.3698874
6465,6466,-2.530020757470905,1.0827647231186677,Los Angeles County,0.36568340345904854,0.0,66,0.0,'AddedNode',' ',33.95980868,-118.3771429
6466,6467,-2.5680803698378636,1.0816192271952918,Los Angeles County,0.4123026581528171,0.0,66,0.0,'AddedNode',' ',33.93286075,-118.370184
6467,6468,-2.2194244028479524,0.9093983714960456,Los Angeles County,0.35501156402985473,0.0,66,0.0,'AddedNode',' ',33.98010977,-118.4213463
6468,6469,-2.2194244028479524,0.9093983714960456,Los Angeles County,0.35501156402985473,0.0,66,0.0,'AddedNode',' ',33.95940163,-118.3981318
6469,6470,-3.464599488104677,1.4688998639486033,Los Angeles County,0.3732204517909649,0.0,66,0.0,'AddedNode',' ',34.02622528,-118.4312474
6470,6471,-3.464599488104677,1.4688998639486035,Los Angeles County,0.373220451790965,0.0,66,0.0,'AddedNode',' ',34.00241279,-118.4115564
6471,6472,-3.464599488104677,1.4688998639486035,Los Angeles County,0.373220451790965,0.0,66,0.0,'AddedNode',' ',34.00448248,-118.4098899
6472,6473,-2.178166035669734,0.9366113953379855,Inyo County,0.4299885529510916,0.0,66,0.0,'AddedNode',' ',37.37982203,-118.3955133
6473,6474,-0.948775677272342,0.7286600338571071,Inyo County,0.3345202451209211,0.745782541,66,0.7600929217088432,'AddedNode',' ',37.38056936,-118.3930144
6474,6475,-1.8290543270100346,0.7911325481769675,Kings County,0.42726217800486027,0.0,66,0.0,'AddedNode',' ',36.31375426,-119.6911136
6475,6476,-1.8290581317521863,0.7911341938663872,Tulare County,0.42726306678240755,0.0,66,0.0,'AddedNode',' ',36.3296647,-119.2787335
6476,6477,-1.855156361687373,0.8024226279203306,Tulare County,0.43335954319620956,0.0,230,0.0,'AddedNode',' ',36.05855317,-118.9236685
6477,6478,-1.1454742588828557,0.624184559236131,Tulare County,0.33709958574043813,0.297605629,230,1.6345847826543247,'AddedNode',' ',36.05859037,-118.9239944
6478,6479,-2.1782269702088612,0.9366375971898103,Inyo County,0.43000058194882407,0.0,115,0.0,'AddedNode',' ',36.11033701,-117.9551183
6479,6480,-1.8551266001588018,0.8024097549763245,Kern County,0.43335259098307405,0.0,66,0.0,'AddedNode',' ',35.71845529,-119.2333265
6480,6481,1.2918387302733034,0.624230815474765,Kern County,0.33712456706791677,2.73502556,66,0.17789001400401241,'AddedNode',' ',35.71839623,-119.2339842
6481,6482,-2.389206568344758,0.963038442453687,Kern County,0.39746945767080005,0.0,66,0.0,'AddedNode',' ',35.07443443,-118.3724923
6482,6483,2.2412659779464876,0.7492029481227712,Kern County,0.30921433283286925,4.09996707,66,0.14018088640771748,'AddedNode',' ',35.07440659,-118.3710081
6483,6484,-2.389209057145431,0.9630394456363986,Kern County,0.39746987170877696,0.0,66,0.0,'AddedNode',' ',35.05196427,-118.3581448
6484,6485,-2.389209057145431,0.9630394456363986,Kern County,0.39746987170877696,0.0,66,0.0,'AddedNode',' ',35.03553716,-118.3518529
6485,6486,-2.0294752407500534,0.09131037563692587,Kern County,0.04451462883477355,0.0,230,0.0,'AddedNode',' ',35.36552423,-117.646653
6486,6487,1.5925136138710665,0.07103400385148934,Kern County,0.03462971534220904,3.17132381,230,0.017240039474657805,'AddedNode',' ',35.36533925,-117.6471902
6487,6488,4.625029127538777,0.07483588265067648,Kern County,0.038108969216202736,6.10447725,66,0.009235883867999293,'AddedNode',' ',35.3081891,-117.9501448
6488,6489,0.5620839006681053,0.07483814560478275,Kern County,0.03811012158917301,2.04157676,66,0.027617699154966747,'AddedNode',' ',35.03388372,-117.6957127
6489,6490,-1.8884370234999643,0.09669795464260988,San Bernardino County,0.04944708952535247,0.0,230,0.0,'AddedNode',' ',35.03180607,-117.3481376
6490,6491,-0.9762274729965067,0.07523417533447269,San Bernardino County,0.038471454922485736,0.493038373,230,0.11464583257377105,'AddedNode',' ',35.03111796,-117.3560221
6491,6492,1.5511501873148936,0.07522808890482138,San Bernardino County,0.03846834258952098,3.02029717,230,0.01871194993845315,'AddedNode',' ',35.03276301,-117.3377061
6492,6493,-2.347654773975791,1.00949155280959,San Bernardino County,0.43000003004704207,0.0,500,0.0,'AddedNode',' ',35.25244662,-115.5168156
6493,6494,-2.377944576242997,0.9776731543769901,Santa Barbara County,0.4065577139283462,0.0,66,0.0,'AddedNode',' ',34.47497319,-120.1273532
6494,6495,-1.3023049249701115,0.7605324282827803,Santa Barbara County,0.3162614458899151,0.547499332,66,1.0685342149836405,'AddedNode',' ',34.47711099,-120.1283547
6495,6496,-2.220566146128483,0.9117086272058625,Los Angeles County,0.36961363722045987,0.0,66,0.0,'AddedNode',' ',34.51474656,-118.6079346
6496,6497,-0.0358578142210193,0.7092624417805325,Los Angeles County,0.2875404082264689,1.69162849,66,0.2936354643219245,'AddedNode',' ',34.51470056,-118.6094962
6497,6498,-2.2790494266928203,0.9281649472274812,Los Angeles County,0.40089244633657023,0.0,66,0.0,'AddedNode',' ',34.7335249,-118.1308922
6498,6499,2.13654141897739,0.7220794374518383,Los Angeles County,0.3118801167767597,3.90956111,66,0.14144032353637415,'AddedNode',' ',34.73296515,-118.1380775
6499,6500,-1.283115153807448,0.5517395161372026,San Bernardino County,0.4300001899663837,0.0,66,0.0,'AddedNode',' ',34.87927049,-116.9978732
6500,6501,3.3151540333852956,0.4292285269443229,San Bernardino County,0.33452080687864444,4.31335991,66,0.07741543535516272,'AddedNode',' ',34.87704945,-116.996755
6501,6502,-1.8815415520416159,0.7273533023122327,San Bernardino County,0.3602107893537692,0.0,66,0.0,'AddedNode',' ',34.60232506,-117.3359205
6502,6503,6.148718443035802,0.5658512227072108,San Bernardino County,0.28022931213786245,7.61248108,66,0.05388377226542556,'AddedNode',' ',34.60385572,-117.3362439
6503,6504,-1.8815452696217203,0.7273547394286025,San Bernardino County,0.36021150106404864,0.0,66,0.0,'AddedNode',' ',34.53052654,-117.2952995
6504,6505,18.41560082669157,0.5658476802846275,San Bernardino County,0.280227557806328,19.8793543,66,0.020633671238293256,'AddedNode',' ',34.52816026,-117.2938538
6505,6506,-1.4165439899983467,0.46942749618318225,San Bernardino County,0.3610860093916993,0.0,115,0.0,'AddedNode',' ',34.86073205,-116.8280777
6506,6507,5.191358150321609,0.36519630777919737,San Bernardino County,0.2809108509679529,6.2933742,115,0.049189553402926314,'AddedNode',' ',34.85952349,-116.8281762
6507,6508,0.9432592775809918,0.36518966433229855,San Bernardino County,0.2809057407949254,2.04525528,115,0.15135372412413864,'AddedNode',' ',34.86615694,-116.8252217
6508,6509,-2.377865290280866,0.9776405565790982,Santa Barbara County,0.4065441583897383,0.0,66,0.0,'AddedNode',' ',34.42979989,-119.9002971
6509,6510,-2.366122308064796,0.9728125220741406,Santa Barbara County,0.4045364581043055,0.0,66,0.0,'AddedNode',' ',34.43025907,-119.8718891
6510,6511,-2.366122308064796,0.9728125220741406,Santa Barbara County,0.4045364581043055,0.0,66,0.0,'AddedNode',' ',34.42077967,-119.8507544
6511,6512,-0.022174218928776357,0.7567884785684503,Santa Barbara County,0.31470455376282125,1.81852382,66,0.318541912172028,'AddedNode',' ',34.41544736,-119.8424443
6512,6513,-2.3778565474862106,0.9776369620480422,Santa Barbara County,0.40654266363218855,0.0,66,0.0,'AddedNode',' ',34.45130823,-119.8304851
6513,6514,1.8826083725028713,0.7605581536613827,Santa Barbara County,0.3162721435868579,3.7324752,66,0.1567488906243067,'AddedNode',' ',34.44858108,-119.8503765
6514,6515,-2.344452753349336,0.9638073586945017,Ventura County,0.40006747694158074,0.0,66,0.0,'AddedNode',' ',34.26365632,-119.0118816
6515,6516,-2.3778736162560947,0.9776439797381348,Ventura County,0.4065455818835779,0.0,66,0.0,'AddedNode',' ',34.23897409,-119.2568365
6516,6517,5.920020444257705,0.749792527198567,Ventura County,0.3112319094474387,7.74388404,66,0.07330230495994693,'AddedNode',' ',34.21297567,-119.0693395
6517,6518,-2.3444306802678714,0.9637982844240504,Ventura County,0.4000637102962529,0.0,66,0.0,'AddedNode',' ',34.21823747,-119.0623508
6518,6519,14.692770100774682,0.7364572559254002,Ventura County,0.30541979896959265,16.4842849,66,0.0331930740793279,'AddedNode',' ',34.29101252,-118.8008573
6519,6520,-2.3028571703833753,0.946660263829266,Ventura County,0.39259411886427725,0.0,66,0.0,'AddedNode',' ',34.28827688,-118.8283623
6520,6521,3.6124117182267272,0.7576487122703466,Los Angeles County,0.3071565716514915,5.45774808,66,0.10385367410107997,'AddedNode',' ',34.43079375,-118.5904883
6521,6522,-2.3720250089315025,0.9738938280948578,Los Angeles County,0.3948239923668269,0.0,66,0.0,'AddedNode',' ',34.43989046,-118.5906396
6522,6523,-2.3720250089315025,0.9738938280948578,Los Angeles County,0.3948239923668269,0.0,66,0.0,'AddedNode',' ',34.43339641,-118.5932236
6523,6524,32.25312785518789,0.838415664033476,Los Angeles County,0.2921210555128346,34.3044878,66,0.017468426749553817,'AddedNode',' ',34.2712682,-118.556104
6524,6525,-2.636866681912955,1.0777193615751788,Los Angeles County,0.3754993268319822,0.0,66,0.0,'AddedNode',' ',34.2731301,-118.5879924
6525,6526,-0.45779022693371685,0.7498122317692554,Ventura County,0.31124008863159663,1.3661213,66,0.41553732109955444,'AddedNode',' ',34.23696645,-118.997818
6526,6527,-2.3444527533493362,0.9638073586945021,Ventura County,0.4000674769415808,0.0,66,0.0,'AddedNode',' ',34.23941109,-119.0074755
6527,6528,-2.344440175138309,0.9638021877767554,Ventura County,0.4000653305416829,0.0,66,0.0,'AddedNode',' ',34.19567519,-118.9314682
6528,6529,-2.636866681912955,1.0777193615751788,Ventura County,0.3754993268319822,0.0,66,0.0,'AddedNode',' ',34.23633122,-118.6764749
6529,6530,8.738682526054058,0.8384112618499732,Ventura County,0.29211952170264177,10.7900317,66,0.055536365063524135,'AddedNode',' ',34.22604719,-118.686643
6530,6531,-1.4008205366579958,0.8384597464332004,Ventura County,0.292136414716735,0.650647265,66,0.9210957775764859,'AddedNode',' ',34.22627423,-118.6901896
6531,6532,-2.636866681912955,1.0777193615751788,Ventura County,0.3754993268319822,0.0,66,0.0,'AddedNode',' ',34.22559563,-118.6924014
6532,6533,-4.494032201856456,1.9501889280805473,Los Angeles County,0.4068423940542205,0.0,66,0.0,'AddedNode',' ',34.2431028,-118.3806456
6533,6534,26.196598261762084,1.5171577159391596,Los Angeles County,0.3165047593199274,29.6927496,66,0.0372666241005526,'AddedNode',' ',34.24184499,-118.380721
6534,6535,17.537340781925007,1.5171596165730186,Los Angeles County,0.31650515582429595,21.0334965,66,0.05260900441994171,'AddedNode',' ',34.29264984,-118.3897214
6535,6536,-4.49403713596967,1.9501910692429862,Los Angeles County,0.40684284073691923,0.0,66,0.0,'AddedNode',' ',34.2838781,-118.4048678
6536,6537,15.560681430089597,1.523303124277085,Los Angeles County,0.3212235420780195,19.0838994,66,0.05930342285327436,'AddedNode',' ',34.22130219,-118.3799078
6537,6538,-4.332112637931599,1.8792065233268829,Los Angeles County,0.40587749640657134,0.0,66,0.0,'AddedNode',' ',34.20764268,-118.3524035
6538,6539,15.817361654481314,1.4619338850389392,Los Angeles County,0.3157535150107196,19.1875406,66,0.055460252590300456,'AddedNode',' ',34.20828958,-118.3515961
6539,6540,-1.0379931159651072,1.2149227663625324,Los Angeles County,0.33593111033468304,1.77137906,66,0.5327801009544073,'AddedNode',' ',34.14640239,-118.3046291
6540,6541,-3.6111044512380994,1.5616346766213347,Los Angeles County,0.4317983705459742,0.0,66,0.0,'AddedNode',' ',34.15571188,-118.3054818
6541,6542,8.228861301095124,1.1427371474640007,Los Angeles County,0.29034850157066655,10.9241618,66,0.07163720891974529,'AddedNode',' ',34.00879672,-118.425038
6542,6543,-3.464599488104676,1.468899863948603,Los Angeles County,0.37322045179096486,0.0,66,0.0,'AddedNode',' ',34.01137487,-118.4195334
6543,6544,-3.4860310906017347,1.4609128257252568,Los Angeles County,0.3824089435427017,0.0,66,0.0,'AddedNode',' ',34.01819023,-118.2240873
6544,6545,-1.6551232422250115,1.136530889072881,Los Angeles County,0.2974986384818991,1.05686747,66,0.7634008684764388,'AddedNode',' ',34.0158088,-118.2236656
6545,6546,-2.9926492115798595,1.2295912324634986,Los Angeles County,0.38302997894955687,0.0,66,0.0,'AddedNode',' ',34.00557149,-118.2085076
6546,6547,81.4179279701974,0.9565655429989133,Los Angeles County,0.2979797432880783,83.7460717,66,0.008283847312020599,'AddedNode',' ',34.00646917,-118.2188609
6547,6548,-2.0135360348111098,0.6985088473928988,Los Angeles County,0.3281802964961267,0.0,66,0.0,'AddedNode',' ',34.09525832,-117.7661218
6548,6549,2.3529630839508693,0.5434060255271367,Los Angeles County,0.2553083632954575,3.91939652,66,0.10203702399801672,'AddedNode',' ',34.09537384,-117.7647046
6549,6550,-2.013536374032535,0.6985089650710341,Los Angeles County,0.32818035178482563,0.0,66,0.0,'AddedNode',' ',34.09425454,-117.7646823
6550,6551,-2.0135272532683977,0.6985058010181765,Los Angeles County,0.3281788652183937,0.0,66,0.0,'AddedNode',' ',34.09377085,-117.7648312
6551,6552,-1.8575787309520733,0.6483790614416227,Los Angeles County,0.3047176122223903,0.0,66,0.0,'AddedNode',' ',34.03998749,-117.821515
6552,6553,1.3965487499524023,0.5044120463588687,Los Angeles County,0.23705767734222688,2.84166804,66,0.1205547648630807,'AddedNode',' ',34.03824527,-117.8244496
6553,6554,4.652825192019033,0.5547316904978505,Los Angeles County,0.2557501221852212,6.17657732,66,0.0630931619117371,'AddedNode',' ',34.11602541,-117.7515316
6554,6555,-1.958663260907989,0.7130638651046354,Los Angeles County,0.3287466242693109,0.0,66,0.0,'AddedNode',' ',34.12054382,-117.7508585
6555,6556,9.843712268847764,0.5434068217134467,Los Angeles County,0.2553087373675402,11.410148,66,0.035049915977240345,'AddedNode',' ',34.09583298,-117.7874346
6556,6557,-2.0135258460373606,0.6985053128405067,Los Angeles County,0.3281786358579595,0.0,66,0.0,'AddedNode',' ',34.09874878,-117.775355
6557,6558,8.740399720982044,0.5702400013764635,Los Angeles County,0.26289997944059457,10.3067505,66,0.03995377472274893,'AddedNode',' ',34.10030034,-117.7559008
6558,6559,-2.0134178088372328,0.7329976078554866,Los Angeles County,0.337936755699451,0.0,66,0.0,'AddedNode',' ',34.10724917,-117.7366504
6559,6560,-1.9881455777497223,0.7598130291140544,San Bernardino County,0.3370731806487674,0.0,66,0.0,'AddedNode',' ',34.09222543,-117.6847453
6560,6561,7.971422393095508,0.5911029950302646,San Bernardino County,0.26222894184663365,9.51811712,66,0.04261222219504827,'AddedNode',' ',34.0919411,-117.6848381
6561,6562,7.297566294183477,0.5605647791011124,San Bernardino County,0.26517082370273876,8.74359266,66,0.04385428478085632,'AddedNode',' ',34.08176534,-117.6323451
6562,6563,-1.8587591359021212,0.7205642504525084,San Bernardino County,0.34085733343723557,0.0,66,0.0,'AddedNode',' ',34.08152146,-117.646075
6563,6564,-1.8587591359021212,0.7205642504525084,San Bernardino County,0.34085733343723557,0.0,66,0.0,'AddedNode',' ',34.05676298,-117.6436425
6564,6565,1.0735959834230087,0.5605563168053168,San Bernardino County,0.2651668206793057,2.51960052,66,0.15217984859440084,'AddedNode',' ',34.0572083,-117.6430038
6565,6566,-2.0661806977756023,0.909119507021265,San Bernardino County,0.43327290799002643,0.0,66,0.0,'AddedNode',' ',34.03742196,-117.5581697
6566,6567,0.45152531874925983,0.7072422065503258,San Bernardino County,0.3370611730567287,2.05889397,66,0.2631420418047008,'AddedNode',' ',34.03657561,-117.5587026
6567,6568,-1.9902488195622272,0.6466545678694895,San Bernardino County,0.3039380382935473,0.0,115,0.0,'AddedNode',' ',34.07495595,-117.0668372
6568,6569,3.6457671070392506,0.5030711118655161,San Bernardino County,0.23645150666192782,5.19410023,115,0.07048491240582724,'AddedNode',' ',34.07716998,-117.0685069
6569,6570,-1.973380823134432,0.7628558916857311,San Bernardino County,0.37779291306404394,0.0,115,0.0,'AddedNode',' ',34.38425155,-116.9401717
6570,6571,-2.4961325756663664,1.0227782016077678,Los Angeles County,0.3992728603759047,0.0,230,0.0,'AddedNode',' ',33.99817409,-118.3685042
6571,6572,6.6045343945963335,0.8420523657669438,Los Angeles County,0.29587505868556324,8.58205482,66,0.06817702568791209,'AddedNode',' ',33.96698093,-118.3643715
6572,6573,-2.541967032904556,1.082400629728986,Los Angeles County,0.38032711843362005,0.0,66,0.0,'AddedNode',' ',33.96574528,-118.3640764
6573,6574,-1.9830594882536396,0.8725461748316015,Los Angeles County,0.4389637089045978,0.0,230,0.0,'AddedNode',' ',33.90903271,-118.4230476
6574,6575,0.6290793668454109,0.6787850357880192,Los Angeles County,0.34148564907290413,2.17177263,230,0.24257033310560755,'AddedNode',' ',33.91122832,-118.4250318
6575,6576,35.75808529983839,0.7671919165365125,Los Angeles County,0.2968719178268162,37.6129422,66,0.01464003858877277,'AddedNode',' ',33.91380806,-118.2965374
6576,6577,-2.3842789702044627,0.9861674787685725,Los Angeles County,0.3816065112392627,0.0,66,0.0,'AddedNode',' ',33.92390156,-118.3089115
6577,6578,93.47313161453506,1.0880329437301652,Los Angeles County,0.30276068057555944,96.0585964,66,0.00814895394465192,'AddedNode',' ',33.9905145,-118.2714638
6578,6579,-3.323419100904315,1.3985839172648926,Los Angeles County,0.3891759170282658,0.0,66,0.0,'AddedNode',' ',33.98923169,-118.2476375
6579,6580,-2.477345145264098,1.01508014323259,Los Angeles County,0.39626768703336934,0.0,66,0.0,'AddedNode',' ',33.8249023,-118.3448328
6580,6581,-2.485368099955193,1.0183675099576317,Los Angeles County,0.39755101152478756,0.0,66,0.0,'AddedNode',' ',33.8474695,-118.3094359
6581,6582,-2.4666359398494775,1.0106920983180725,Los Angeles County,0.3945546790305363,0.0,66,0.0,'AddedNode',' ',33.8527893,-118.3289312
6582,6583,21.34765150291874,0.7862707728576881,Los Angeles County,0.3069449270774116,23.2665779,66,0.025315485824798832,'AddedNode',' ',33.85239241,-118.3302107
6583,6584,-3.267674167779897,1.4742251795200432,Los Angeles County,0.44271864215587153,0.0,66,0.0,'AddedNode',' ',33.80217002,-118.2837552
6584,6585,1.360814639101262,1.146882073832471,Los Angeles County,0.34441554892267295,3.90292081,66,0.22432965845130817,'AddedNode',' ',33.80181331,-118.2847936
6585,6586,-2.633975732701237,1.150473556533934,Los Angeles County,0.4350832045630325,0.0,66,0.0,'AddedNode',' ',33.99641096,-118.2174615
6586,6587,-2.60642595752696,1.1288272940944353,Los Angeles County,0.42955598560322167,0.0,66,0.0,'AddedNode',' ',33.99675413,-118.2169378
6587,6588,-2.291216529194906,0.8811657861941188,Los Angeles County,0.3663168969014714,0.0,66,0.0,'AddedNode',' ',33.97986076,-118.1671287
6588,6589,0.09732659318693493,0.6855092566746105,Los Angeles County,0.28497886281635304,1.87979496,66,0.27022405048926684,'AddedNode',' ',33.9821296,-118.1657321
6589,6590,33.592521749239374,0.6855077506225282,Los Angeles County,0.284978236722678,35.3749862,66,0.014359399981861209,'AddedNode',' ',33.97954187,-118.1475991
6590,6591,-2.1522198968581012,0.7883192302613734,Los Angeles County,0.3405825326525545,0.0,66,0.0,'AddedNode',' ',33.95177986,-118.1591984
6591,6592,8.157504855761076,0.6132751558683491,Los Angeles County,0.2649571363739024,9.83183036,66,0.04512125155919955,'AddedNode',' ',33.95334948,-118.1584356
6592,6593,-3.0155577635292516,1.2922033932517516,Los Angeles County,0.4243823164014373,0.0,66,0.0,'AddedNode',' ',33.93854838,-118.1715465
6593,6594,14.96064197243795,1.0052718860790018,Los Angeles County,0.3301489640526992,17.3066004,66,0.044752621928585715,'AddedNode',' ',33.94078369,-118.1689444
6594,6595,-2.1606479014866786,0.8072547635264672,Los Angeles County,0.33866098787123733,0.0,66,0.0,'AddedNode',' ',33.9207053,-118.1255125
6595,6596,-3.0155553726412236,1.2922023687269815,Los Angeles County,0.42438197992948773,0.0,66,0.0,'AddedNode',' ',33.9229822,-118.1693117
6596,6597,6.782663957857055,1.005279391291183,Los Angeles County,0.3301514288963511,9.1286399,66,0.08484586071304626,'AddedNode',' ',33.92606132,-118.168553
6597,6598,-2.2848101212947096,0.8878257044199642,Los Angeles County,0.3514488150524197,0.0,66,0.0,'AddedNode',' ',33.90006895,-118.1515338
6598,6599,-2.8866479099202955,1.2492475667982397,Los Angeles County,0.4128233087820205,0.0,66,0.0,'AddedNode',' ',33.84221747,-118.2357409
6599,6600,22.599049166239098,0.9718545647300503,Los Angeles County,0.3211566928203321,24.8447225,66,0.029028821755826054,'AddedNode',' ',33.84275476,-118.2329058
6600,6601,-2.5305114634662864,1.1050385938868375,Los Angeles County,0.4372694000975992,0.0,66,0.0,'AddedNode',' ',33.7812561,-118.2418881
6601,6602,-0.3145402463782496,0.8596999593682803,Los Angeles County,0.34018765279015656,1.65415172,66,0.4048750129819135,'AddedNode',' ',33.77966388,-118.2408495
6602,6603,-2.581371251752464,1.1358033507710843,Los Angeles County,0.44000138189744215,0.0,66,0.0,'AddedNode',' ',33.77772387,-118.2300101
6603,6604,27.7237271854746,0.8836005263911761,Los Angeles County,0.3422999697909701,29.7319102,66,0.023119973812068886,'AddedNode',' ',33.77761616,-118.2332653
6604,6605,-2.0363099758035923,0.7062656150944912,Los Angeles County,0.3316727114718685,0.0,66,0.0,'AddedNode',' ',33.97265729,-118.0739709
6605,6606,14.303578020202156,0.5494411159609233,Los Angeles County,0.2580256221315654,15.8877305,66,0.025727521570881418,'AddedNode',' ',33.97027609,-118.0614468
6606,6607,-2.0363099758035923,0.706265615094491,Los Angeles County,0.3316727114718684,0.0,66,0.0,'AddedNode',' ',33.96987744,-118.0615777
6607,6608,12.398075571541627,0.5494406819513415,Los Angeles County,0.258025418314288,13.9822268,66,0.029233632756984373,'AddedNode',' ',33.9664708,-118.057036
6608,6609,3.7505736058728445,1.3577647180664236,Los Angeles County,0.5218170747051284,5.76768801,66,0.18249335537606695,'AddedNode',' ',33.79583141,-118.2345682
6609,6610,-3.079038571347595,1.4190998638619847,Los Angeles County,0.45043839777585604,0.0,66,0.0,'AddedNode',' ',33.80803971,-118.2409499
6610,6611,54.10490375946773,1.103994446738401,Los Angeles County,0.35042036322163367,56.5002542,66,0.014856208760462848,'AddedNode',' ',33.80902259,-118.2409536
6611,6612,-2.9889126861640287,1.3646481920162106,Los Angeles County,0.4382534661183559,0.0,66,0.0,'AddedNode',' ',33.80427722,-118.2196937
6612,6613,-2.6074782637305627,1.1113024536706109,Los Angeles County,0.3884562794483579,0.0,66,0.0,'AddedNode',' ',33.76691774,-118.2164226
6613,6614,-1.9722473121894177,0.6879303174235646,San Bernardino County,0.32328676502214365,0.0,66,0.0,'AddedNode',' ',33.96103983,-117.67419
6614,6615,2.403267666302467,0.5351831364216884,San Bernardino County,0.25150457900468404,3.93759967,66,0.09800171601582884,'AddedNode',' ',33.96330806,-117.6728789
6615,6616,-1.8477946308100939,0.642527310442128,Los Angeles County,0.3018322042260708,0.0,66,0.0,'AddedNode',' ',33.99692114,-117.9142184
6616,6617,-2.049147006960813,0.8058577265537342,Orange County,0.31114715658910214,0.0,66,0.0,'AddedNode',' ',33.86960837,-117.9595161
6617,6618,-3.0071904085915775,1.2984584131329857,Orange County,0.42619030789887635,0.0,66,0.0,'AddedNode',' ',33.75374932,-117.9893437
6618,6619,0.11333100380379957,0.7281044664950407,Orange County,0.279280689109636,1.95753316,66,0.2631117876133201,'AddedNode',' ',33.93230531,-117.8407926
6619,6620,-2.370534424123424,0.9359042859729144,Orange County,0.35898693931299713,0.0,66,0.0,'AddedNode',' ',33.92397456,-117.8482851
6620,6621,-1.9659901216341316,0.685685520894781,San Bernardino County,0.32222938329600825,0.0,66,0.0,'AddedNode',' ',33.94831469,-117.6611436
6621,6622,2.393467882699135,0.5334255605147987,Orange County,0.25067670843437145,3.92289989,66,0.0977320329641026,'AddedNode',' ',33.91771009,-117.7491986
6622,6623,4.030889468056236,0.6281080727308485,Riverside County,0.29726531122413696,5.53653399,66,0.08084044787170717,'AddedNode',' ',33.89104661,-117.6082685
6623,6624,-1.9353761312683293,0.8073787365499008,Riverside County,0.38210891057772156,0.0,66,0.0,'AddedNode',' ',33.87416843,-117.589414
6624,6625,-1.8833936532939557,0.7659754301156797,Riverside County,0.36128903273290813,0.0,115,0.0,'AddedNode',' ',33.85827196,-117.3314432
6625,6626,-3.010356800358376,1.2998256122358856,Orange County,0.4266390608205952,0.0,66,0.0,'AddedNode',' ',33.68657384,-117.9418677
6626,6627,-3.010350699790134,1.2998229781046593,Orange County,0.4266381962251742,0.0,66,0.0,'AddedNode',' ',33.69417617,-117.9366739
6627,6628,9.148467544248508,1.0112035591496442,Orange County,0.33190524383647524,11.4903844,66,0.06764738741490237,'AddedNode',' ',33.69301864,-117.9374704
6628,6629,-2.93417058637187,1.2669295806999705,Orange County,0.4158416647183091,0.0,66,0.0,'AddedNode',' ',33.71624471,-117.8682074
6629,6630,9.451741962987317,0.9488071402690226,Orange County,0.3114249968716495,11.6491506,66,0.05874488204379559,'AddedNode',' ',33.71559319,-117.7106635
6630,6631,-2.8246007329436136,1.2196190088109429,Orange County,0.4003130139765378,0.0,66,0.0,'AddedNode',' ',33.70176566,-117.7563904
6631,6632,-1.9622915468467093,0.7980631712225887,Riverside County,0.37642391629614225,0.0,66,0.0,'AddedNode',' ',33.9240575,-117.2845916
6632,6633,-0.5957203939984307,0.4010777234912137,Riverside County,0.2047642708767563,0.679635391,115,0.3842461721120948,'AddedNode',' ',33.95520579,-117.1214454
6633,6634,-1.6394494564053725,0.5155789964561016,Riverside County,0.26322119406119576,0.0,115,0.0,'AddedNode',' ',33.94556383,-117.139415
6634,6635,0.014591153134643431,0.6280690554760265,Riverside County,0.30233001933663595,1.54235973,66,0.29946989304862626,'AddedNode',' ',33.71220759,-117.3941683
6635,6636,-1.9637112969629937,0.807286076037579,Riverside County,0.3885986944439651,0.0,66,0.0,'AddedNode',' ',33.70204881,-117.3726697
6636,6637,4.347622462258457,0.6138811100176337,Riverside County,0.29549894890155887,5.84076183,115,0.07554170612896985,'AddedNode',' ',33.5398228,-117.1875779
6637,6638,-1.9192811869451536,0.7890827145358587,Riverside County,0.3798343179757349,0.0,115,0.0,'AddedNode',' ',33.53811934,-117.1897617
6638,6639,-1.9192969905219446,0.7890892119315287,Riverside County,0.37983744557415705,0.0,115,0.0,'AddedNode',' ',33.53789916,-117.1896421
6639,6640,-1.9193343514184478,0.7891045722850973,Riverside County,0.37984483946242037,0.0,115,0.0,'AddedNode',' ',33.53936876,-117.1880445
6640,6641,-1.6394437997563929,0.5155772175361156,Riverside County,0.2632202858600353,0.0,115,0.0,'AddedNode',' ',33.78034235,-116.9632745
6641,6642,-0.09896319203681148,0.36121842135896104,Riverside County,0.18884216297293985,1.13461378,66,0.2053133389522567,'AddedNode',' ',33.87206706,-116.6811094
6642,6643,-1.8062526136314927,0.6369189065162566,Riverside County,0.3137558862666645,0.0,115,0.0,'AddedNode',' ',33.93194882,-116.5273404
6643,6644,-1.4052717880833638,0.3960078788946447,Riverside County,0.20978568325037655,0.0,66,0.0,'AddedNode',' ',33.82511512,-116.5456802
6644,6645,-1.405271788083364,0.3960078788946447,Riverside County,0.20978568325037655,0.0,66,0.0,'AddedNode',' ',33.81212731,-116.5444438
6645,6646,-1.4170623908290905,0.3718925842754924,Riverside County,0.20208415024556856,0.0,115,0.0,'AddedNode',' ',33.81630359,-116.3879967
6646,6647,-1.3373927556374028,0.35098415659335813,Riverside County,0.19072263883133442,0.0,115,0.0,'AddedNode',' ',33.81579688,-116.3883362
6647,6648,-1.660234305181423,0.5849619576064219,Riverside County,0.3076114765475978,0.0,115,0.0,'AddedNode',' ',33.70817416,-116.2863242
6648,6649,0.0039300684796639285,0.4550843829909641,Riverside County,0.23931330437011344,1.29554689,115,0.238587342475929,'AddedNode',' ',33.72931321,-116.346702
6649,6650,0.6636227034513345,0.6364588569159263,Riverside County,0.3345109338802133,2.14375958,66,0.23095965306185878,'AddedNode',' ',33.5636288,-114.9191509
6650,6651,-1.8885061160297283,0.09670149254523841,San Bernardino County,0.04944889865346331,0.0,115,0.0,'AddedNode',' ',35.76455848,-117.375193
6651,6652,0.6191495899967228,0.0752288435333879,San Bernardino County,0.03846872847344609,2.08831131,115,0.027063389936046987,'AddedNode',' ',35.76322218,-117.3770561
6652,6653,-2.3476546388295123,1.0094914946966902,San Bernardino County,0.43000000529344345,0.0,230,0.0,'AddedNode',' ',34.853497,-116.2830025
6653,6654,-2.1782269702088612,0.9366375971898103,Inyo County,0.43000058194882407,0.0,66,0.0,'AddedNode',' ',37.34960114,-118.4647368
6654,6655,-1.797000601752637,0.6295575959660098,San Bernardino County,0.310735304774305,0.0,115,0.0,'AddedNode',' ',34.14954972,-116.123687
6655,6656,0.7434870330919154,0.4897729321503486,San Bernardino County,0.24174077529541937,2.1414882,115,0.15781263046523503,'AddedNode',' ',34.14933794,-116.1236732
6656,6657,-1.797044031692018,0.629572811124092,San Bernardino County,0.31074281463013737,0.0,115,0.0,'AddedNode',' ',34.14594148,-116.1737039
6657,6658,3.657403062566104,0.4897801773243906,San Bernardino County,0.24174435134847394,5.05542491,115,0.06685172674810878,'AddedNode',' ',34.11228593,-116.4227523
6658,6659,-1.797044031692018,0.629572811124092,San Bernardino County,0.31074281463013737,0.0,115,0.0,'AddedNode',' ',34.13575578,-116.3346531
6659,6660,-1.7619998248530622,0.6016164886334214,San Bernardino County,0.2992762602415173,0.0,115,0.0,'AddedNode',' ',34.11095837,-116.4227532
6660,6661,0.48780805517955916,0.6280695232918895,Riverside County,0.30233024452648993,2.01557777,115,0.22916059024694924,'AddedNode',' ',33.68738331,-117.2070889
6661,6662,-1.9637415842607364,0.8072985272129561,Riverside County,0.38860468799524717,0.0,115,0.0,'AddedNode',' ',33.73591603,-117.2064756
6662,6663,-1.9638639508107913,0.8073488323734884,Riverside County,0.3886289031034805,0.0,115,0.0,'AddedNode',' ',33.68734177,-117.2061691
6663,6664,-1.963737154388674,0.8072967060827115,Riverside County,0.38860381136816713,0.0,115,0.0,'AddedNode',' ',33.68490592,-117.1535694
6664,6665,-1.9512911613502495,0.6339967798639601,San Bernardino County,0.29798867452702915,0.0,66,0.0,'AddedNode',' ',34.0807982,-117.1735983
6665,6666,-1.884449288767435,0.6122790922031106,San Bernardino County,0.28778101233474285,0.0,66,0.0,'AddedNode',' ',34.07789358,-117.2089897
6666,6667,-1.901717710280007,0.09619581872493671,Kern County,0.04898617300510844,0.0,66,0.0,'AddedNode',' ',35.14258306,-117.968185
6667,6668,-1.59346802391708,0.6851912502843444,Riverside County,0.36012377316864647,0.0,66,0.0,'AddedNode',' ',33.69096677,-114.5728307
6668,6669,-1.59346802391708,0.6851912502843444,Riverside County,0.36012377316864647,0.0,66,0.0,'AddedNode',' ',33.66187426,-114.5720149
6669,6670,-1.59346802391708,0.6851912502843444,Riverside County,0.36012377316864647,0.0,66,0.0,'AddedNode',' ',33.61823382,-114.5710886
6670,6671,-1.902654919237561,0.8181416152721512,Riverside County,0.4300000114651641,0.0,66,0.0,'AddedNode',' ',33.61012613,-114.6798993
6671,6672,13.047981640750338,0.5958944766191273,Riverside County,0.2810666381767534,14.5131773,66,0.02837542804748031,'AddedNode',' ',33.78463242,-117.2441764
6672,6673,-1.2831152056045796,0.5517395384099693,San Bernardino County,0.43000020732474503,0.0,66,0.0,'AddedNode',' ',34.95202819,-116.6643497
6673,6674,-1.2831152056045796,0.5517395384099693,San Bernardino County,0.43000020732474503,0.0,66,0.0,'AddedNode',' ',34.9189132,-116.7580624
6674,6675,3.0240785696089616,0.4292223580681465,San Bernardino County,0.3345159991426565,4.0222701,66,0.08301556803072364,'AddedNode',' ',34.78593491,-117.2479806
6675,6676,-1.283115255749294,0.5517395599721964,San Bernardino County,0.43000022412934485,0.0,66,0.0,'AddedNode','IMPORT',34.73997398,-117.321583
6676,6677,-1.283115255749294,0.5517395599721964,San Bernardino County,0.43000022412934485,0.0,66,0.0,'AddedNode',' ',34.86492303,-117.1177569
6677,6678,-1.283115255749294,0.5517395599721964,San Bernardino County,0.43000022412934485,0.0,66,0.0,'AddedNode',' ',34.78608717,-117.2481089
6678,6679,-3.079038571347595,1.4190998638619847,Los Angeles County,0.45043839777585604,0.0,66,0.0,'AddedNode',' ',33.77908249,-118.2153307
6679,6680,-2.050677333047968,0.7586866087386629,San Bernardino County,0.3579446287531701,0.0,66,0.0,'AddedNode',' ',34.09891046,-117.5456552
6680,6681,-2.129000880186924,0.8752348333997232,Los Angeles County,0.3633018448872417,0.0,66,0.0,'AddedNode',' ',34.08470884,-118.7060577
6681,6682,-1.8136701790348368,0.745603839181356,Riverside County,0.35890706786424936,0.0,115,0.0,'AddedNode',' ',33.584015,-117.2549413
6682,6683,-2.632704839385772,1.1367613232038147,Orange County,0.3731168079344168,0.0,66,0.0,'AddedNode',' ',33.63734654,-117.862592
6683,6684,-2.4961325756663664,1.0227782016077678,Los Angeles County,0.3992728603759047,0.0,230,0.0,'AddedNode',' ',33.99977919,-118.3735161
6684,6685,-4.56709287691748,1.9667694801559426,Los Angeles County,0.4195828675040946,0.0,66,0.0,'AddedNode',' ',34.18829657,-118.3454971
6685,6686,-4.046162538277319,1.7437081974322872,Los Angeles County,0.3911452594601333,0.0,66,0.0,'AddedNode',' ',34.18827982,-118.3448164
6686,6687,-4.293383196933149,1.8504620227660846,Los Angeles County,0.4182999344777305,0.0,66,0.0,'AddedNode',' ',34.18512329,-118.3447765
6687,6688,-4.293383196933149,1.8504620227660846,Los Angeles County,0.4182999344777305,0.0,66,0.0,'AddedNode',' ',34.18485215,-118.3490058
6688,6689,-4.038910057103839,1.7406027001450513,Los Angeles County,0.3907493462224901,0.0,66,0.0,'AddedNode',' ',34.18542284,-118.3447702
6689,6690,-2.178224556775961,0.9366365594136632,Mono County,0.4300001055165855,0.0,66,0.0,'AddedNode','IMPORT',37.48992201,-117.866118
6690,6691,-2.178224556775961,0.9366365594136632,Inyo County,0.4300001055165855,0.0,66,0.0,'AddedNode',' ',37.41572706,-118.1902427
6691,6692,-2.178224556775961,0.9366365594136632,Inyo County,0.4300001055165855,0.0,66,0.0,'AddedNode',' ',37.40095949,-118.3508691
6692,6693,2.1697248064999,0.7286667828050429,Mono County,0.3345233434927446,3.86429872,66,0.14669531845603237,'AddedNode',' ',37.48987479,-117.8660549
6693,6694,-2.178278160097075,0.9366596088417422,Inyo County,0.4300106872693544,0.0,66,0.0,'AddedNode',' ',37.40790588,-117.9803806
6694,6695,-1.9506871146234321,0.7655541487024065,San Bernardino County,0.3616881206059692,0.0,66,0.0,'AddedNode',' ',33.96882656,-117.6190787
6695,6696,-0.8227069838922191,0.3619910729125764,Kern County,0.4400001322278994,0.0,66,0.0,'AddedNode',' ',35.19470382,-118.8062387
6696,6697,-2.1782269702088612,0.9366375971898103,Inyo County,0.43000058194882407,0.0,115,0.0,'AddedNode',' ',36.09356821,-117.9512273
6697,6698,-2.0757909720289467,0.8442233411211105,Riverside County,0.3981963680977686,0.0,66,0.0,'AddedNode',' ',33.97308522,-117.3347695
6698,6699,5.549886389156411,0.6567716554373296,Riverside County,0.3097806885052544,7.16476791,66,0.0698220955187004,'AddedNode',' ',33.97198,-117.3322006
6699,6700,-2.0757909720289467,0.8442233411211105,Riverside County,0.3981963680977686,0.0,66,0.0,'AddedNode',' ',33.97178833,-117.334781
6700,6701,-1.8740166920386239,0.7621618238002033,Riverside County,0.35949026206380885,0.0,66,0.0,'AddedNode',' ',33.97509981,-117.3719152
6701,6702,-2.0210982867392477,0.8219798483357921,Riverside County,0.38770473915374953,0.0,66,0.0,'AddedNode',' ',33.97498516,-117.3716611
6702,6703,-1.8290776580461094,0.7911426396989905,Tulare County,0.427267628072221,0.0,66,0.0,'AddedNode',' ',36.45656852,-118.8765637
6703,6704,2.43012758338383,0.6154713813673173,Tulare County,0.33239391238373994,3.85306309,66,0.12275301210131181,'AddedNode',' ',36.4616516,-118.8798725
6704,6705,-2.6689865523891045,1.1123781239740695,Los Angeles County,0.40268083593198206,0.0,66,0.0,'AddedNode',' ',33.78160006,-118.1032894
6705,6706,-2.668989285222852,1.112379262962377,Los Angeles County,0.4026812482457035,0.0,66,0.0,'AddedNode',' ',33.78408324,-118.1078395
6706,6707,-2.668989285222852,1.112379262962377,Los Angeles County,0.4026812482457034,0.0,66,0.0,'AddedNode',' ',33.78163652,-118.1078575
6707,6708,1.022115358023052,0.865366094069784,Los Angeles County,0.3132624910873721,3.09843313,66,0.2099230321418881,'AddedNode',' ',33.78171427,-118.1123902
6708,6709,3.3611390089254325,0.5603141613022122,San Bernardino County,0.26159651237601256,4.96356547,230,0.08445323751439165,'AddedNode',' ',33.96417714,-117.6953899
6709,6710,-3.079038571347595,1.4190998638619847,Los Angeles County,0.45043839777585604,0.0,66,0.0,'AddedNode',' ',33.8126659,-118.2326713
6710,6711,-1.4024773694255144,1.1039904263406952,Los Angeles County,0.35041908710178715,0.992864348,66,0.8454059807947457,'AddedNode',' ',33.8167911,-118.2306758
6711,6712,-1.8833936532939557,0.7659754301156797,Riverside County,0.3612890327329081,0.0,66,0.0,'AddedNode',' ',33.85799892,-117.4527237
6712,6713,10.682566362778124,0.5958937356011706,Riverside County,0.28106628865945793,12.1477602,66,0.033900619308789355,'AddedNode',' ',33.8569861,-117.4524125
6713,6714,-1.8833936532939557,0.7659754301156797,Riverside County,0.3612890327329081,0.0,66,0.0,'AddedNode',' ',33.83226514,-117.4970698
6714,6715,-1.8833936532939557,0.7659754301156797,Riverside County,0.3612890327329081,0.0,66,0.0,'AddedNode',' ',33.84475534,-117.536306
6715,6716,3.9280484932709037,0.5387837179974486,Los Angeles County,0.2541955211750418,5.38434355,66,0.06875186872685522,'AddedNode',' ',34.12859174,-117.6921504
6716,6717,-1.0282624720763722,1.0011255200653724,Orange County,0.32859735000106227,1.29031395,66,0.5904594521893222,'AddedNode',' ',33.63949783,-117.9561544
6717,6718,-2.3778664340053672,0.9776410268124047,Ventura County,0.40654435393257116,0.0,66,0.0,'AddedNode',' ',34.20740118,-119.2473092
6718,6719,-2.092205964754868,0.9205706244921419,San Bernardino County,0.4387303411745794,0.0,66,0.0,'AddedNode',' ',34.07771757,-117.4297718
6719,6720,-0.35754058955140966,0.7161365286026202,San Bernardino County,0.3413000753687296,1.27004243,66,0.43738240087125324,'AddedNode',' ',34.07355624,-117.4293039
6720,6721,-2.0065699107714092,0.84176589793736,Riverside County,0.4046713210503835,0.0,115,0.0,'AddedNode',' ',33.83055704,-117.1562261
6721,6722,-2.0065699107714092,0.84176589793736,Riverside County,0.4046713210503835,0.0,115,0.0,'AddedNode',' ',33.82689074,-117.1562161
6722,6723,-2.338095927343113,0.9204850911762174,Orange County,0.3547607429892836,0.0,66,0.0,'AddedNode',' ',33.85898399,-117.9764269
6723,6724,-2.4143436416105737,0.9499317286463518,Orange County,0.36647993545724883,0.0,66,0.0,'AddedNode',' ',33.83589462,-117.9761408
6724,6725,-2.4246689268344186,0.9557963365372705,Orange County,0.367573857053161,0.0,66,0.0,'AddedNode',' ',33.83943756,-117.980448
6725,6726,-2.3730982420355913,0.9350537056389616,Orange County,0.35986452504209515,0.0,66,0.0,'AddedNode',' ',33.83962526,-117.9676052
6726,6727,-2.4218699086198083,0.9562643646784142,Orange County,0.3667367514301305,0.0,66,0.0,'AddedNode',' ',33.88004304,-117.8315872
6727,6728,-2.2356154001868873,0.9613146220803616,Riverside County,0.4299999679913723,0.0,500,0.0,'AddedNode',' ',33.58107225,-114.8054995
6728,6729,-2.2356155074852624,0.9613146682186628,Riverside County,0.42999998862922345,0.0,500,0.0,'AddedNode',' ',33.58738215,-114.8246284
6729,6730,-0.3519909055982138,0.747892535207232,Riverside County,0.33453539435834384,1.38729406,500,0.41941531982623564,'AddedNode',' ',33.74018375,-117.1558754
6730,6731,-2.356445470585512,0.9328464031371868,Orange County,0.3561954433079382,0.0,66,0.0,'AddedNode',' ',33.86428998,-117.7754623
6731,6732,-2.2821842930143257,0.8967011489125823,Orange County,0.346742737475244,0.0,66,0.0,'AddedNode',' ',33.85944211,-117.7982428
6732,6733,-2.2821842930143257,0.8967011489125821,Orange County,0.34674273747524387,0.0,66,0.0,'AddedNode',' ',33.85707652,-117.7982795
6733,6734,-2.291230016142054,0.8811709730615473,Los Angeles County,0.36631905317808916,0.0,66,0.0,'AddedNode',' ',33.99143504,-118.1981907
6734,6735,-2.2913768298104973,0.8812274352858414,Los Angeles County,0.36634252556787045,0.0,66,0.0,'AddedNode',' ',33.98924763,-118.2046423
6735,6736,-2.2917703255724198,0.8813787675575844,Los Angeles County,0.3664054371891052,0.0,66,0.0,'AddedNode',' ',33.98929454,-118.2194455
6736,6737,4.519875413247384,0.9099973989711512,Los Angeles County,0.3422997673199877,6.58805132,66,0.10745759212729161,'AddedNode',' ',33.99612089,-118.2265375
6737,6738,-3.3154127530819575,1.3752266805342321,Los Angeles County,0.38405098747001276,0.0,66,0.0,'AddedNode',' ',34.007766,-118.2045461
6738,6739,-2.2912044136239555,0.881161126736374,Los Angeles County,0.3663149598788033,0.0,66,0.0,'AddedNode',' ',33.98399991,-118.2083588
6739,6740,-2.2912044136239555,0.881161126736374,Los Angeles County,0.36631495987880325,0.0,66,0.0,'AddedNode',' ',33.98319376,-118.205658
6740,6741,6.251905797102759,0.6281027500534142,Riverside County,0.29726279215547236,7.75753756,66,0.057694635486470025,'AddedNode',' ',33.88291249,-117.55578
6741,6742,-0.5397371958069532,0.20455074526713232,San Bernardino County,0.42040200396838256,0.0,66,0.0,'AddedNode',' ',34.29415753,-116.8228536
6742,6743,-2.031475981779501,0.660049743641512,San Bernardino County,0.3102339861597464,0.0,66,0.0,'AddedNode',' ',34.14630149,-117.0608503
6743,6744,0.4404582656316782,0.5135010255486195,San Bernardino County,0.2413537336961506,2.02089218,66,0.18875011238492537,'AddedNode',' ',34.15144605,-117.0539273
6744,6745,-0.5397371958069532,0.20455074526713232,San Bernardino County,0.42040200396838256,0.0,66,0.0,'AddedNode',' ',34.30409945,-116.822117
6745,6746,-0.5397371958069532,0.20455074526713232,San Bernardino County,0.42040200396838256,0.0,66,0.0,'AddedNode',' ',34.3394448,-116.8406052
6746,6747,-1.6105190999598884,0.6214712473498374,San Bernardino County,0.294567620350395,0.0,66,0.0,'AddedNode',' ',34.20805789,-117.1036377
6747,6748,-1.9902488195622272,0.6466545678694895,San Bernardino County,0.3039380382935473,0.0,66,0.0,'AddedNode',' ',34.1023554,-116.9959005
6748,6749,-1.615935910536981,0.5081843858234989,Riverside County,0.2594459855020608,0.0,66,0.0,'AddedNode',' ',33.70564985,-116.7317373
6749,6750,-0.47405748363102207,0.7491771436558405,Kern County,0.3092036826998899,1.38457959,230,0.4150699837842175,'AddedNode',' ',35.32886742,-118.1761358
6750,6751,-2.0598095639933756,0.7202455128688224,Riverside County,0.3362644159895383,0.0,500,0.0,'AddedNode',' ',33.74648798,-117.3966445
6751,6752,-2.0598095639933756,0.7202455128688224,Riverside County,0.3362644159895383,0.0,500,0.0,'AddedNode',' ',33.74386859,-117.3935412
6752,6753,8.054862189257104,0.6945039352093132,Riverside County,0.3361932105259245,9.66097416,230,0.05589125185158076,'AddedNode',' ',33.65294629,-114.9733365
6753,6754,-1.6604767474960953,0.522191722207657,Riverside County,0.26659722291475246,0.0,115,0.0,'AddedNode',' ',33.91794362,-116.7353188
6754,6755,-1.6215328506967566,0.4895597356628544,Riverside County,0.25331510590950673,0.0,115,0.0,'AddedNode',' ',33.90278348,-116.5540245
6755,6756,-1.940365649824101,0.5021161208378787,Riverside County,0.24412980205240659,0.0,230,0.0,'AddedNode',' ',33.83089782,-116.3711047
6756,6757,0.10737970389940354,0.7495704810064261,Kern County,0.309366022619593,1.96699261,500,0.29247748336604285,'AddedNode',' ',34.84869803,-118.4352429
6757,6758,-2.3904357886292624,0.9635339150527942,Kern County,0.397673951299067,0.0,500,0.0,'AddedNode',' ',34.84866571,-118.4352654
6758,6759,-2.3904345689239537,0.9635334234154799,Los Angeles County,0.39767374838835434,0.0,500,0.0,'AddedNode',' ',34.48249659,-118.1224299
6759,6760,-2.3904345689239537,0.9635334234154799,Los Angeles County,0.39767374838835434,0.0,500,0.0,'AddedNode',' ',34.15878374,-117.9440385
6760,6761,-1.9026549192375604,0.8181416152721509,,0.430000011465164,0.0,230,0.0,'AddedNode','IMPORT',33.48088116,-113.0342786
6761,6762,-0.6267960352500568,0.48978176429112275,San Bernardino County,0.24174513463914393,0.771230342,115,0.43821677700199924,'AddedNode',' ',34.18630778,-116.091726
6762,6763,-1.797000601752637,0.6295575959660098,San Bernardino County,0.310735304774305,0.0,115,0.0,'AddedNode',' ',34.14981677,-116.1068536
6763,6764,4.433698723913206,0.5044082508543324,Los Angeles County,0.2370558935753715,5.87880714,66,0.05827227509435606,'AddedNode',' ',34.02248628,-117.8348404
6764,6765,-1.857592529532762,0.6483838777708838,Los Angeles County,0.304719875744517,0.0,66,0.0,'AddedNode',' ',34.02352239,-117.8376558
6765,6766,-1.9683104369926023,0.6870294391823228,Los Angeles County,0.32288206495849997,0.0,66,0.0,'AddedNode',' ',34.00947763,-117.8583322
6766,6767,-2.0209888652233814,0.7054165951533575,Los Angeles County,0.3315234455894487,0.0,66,0.0,'AddedNode',' ',34.00657887,-117.855708
6767,6768,-2.020997469875498,0.7054195985664407,Los Angeles County,0.33152485709842194,0.0,66,0.0,'AddedNode',' ',34.01083673,-117.8452402
6768,6769,-2.0209888652233814,0.7054165951533575,Los Angeles County,0.3315234455894487,0.0,66,0.0,'AddedNode',' ',34.00586829,-117.8553513
6769,6770,-2.020985590459831,0.7054154521126446,Los Angeles County,0.3315229083965357,0.0,66,0.0,'AddedNode',' ',34.00586234,-117.8213611
6770,6771,-2.020985590459831,0.7054154521126446,Los Angeles County,0.3315229083965357,0.0,66,0.0,'AddedNode',' ',34.00285446,-117.8103203
6771,6772,-2.020985590459831,0.7054154521126446,Los Angeles County,0.3315229083965357,0.0,66,0.0,'AddedNode',' ',34.0028189,-117.8102476
6772,6773,-2.020995106712399,0.7054187737155492,Los Angeles County,0.33152446944464176,0.0,66,0.0,'AddedNode',' ',34.00584596,-117.8208965
6773,6774,-2.76156472209823,1.1874728305022388,,0.42999998419621777,0.0,230,0.0,'AddedNode','IMPORT',32.64848298,-115.6806936
6774,6775,-3.2556314630722922,1.3999215291210856,,0.4300000233352636,0.0,500,0.0,'AddedNode','IMPORT',32.78125799,-114.383924
6775,6776,-3.0271109194832695,1.3070597823337275,Orange County,0.42901351744562716,0.0,230,0.0,'AddedNode',' ',33.66504119,-117.6395476
6776,6777,-3.025214829423957,1.3063000738038055,Orange County,0.4287477006556294,0.0,115,0.0,'AddedNode',' ',33.49861262,-117.6246798
6777,6778,-3.2169169522305436,1.3841505406960348,San Diego County,0.43026272126236725,0.0,230,0.0,'AddedNode',' ',32.57470437,-116.9098945
6778,6779,-3.2137211840588735,1.3819001091453156,San Diego County,0.4300000073570656,0.0,230,0.0,'AddedNode',' ',32.57434415,-116.9096777
6779,6780,-3.2137211840588744,1.381900109145316,,0.4300000073570657,0.0,230,0.0,'AddedNode','IMPORT',32.51673144,-116.8835448
6780,6781,-3.0356117773575804,1.305479504680329,San Diego County,0.4300505533102912,0.0,115,0.0,'AddedNode',' ',32.60990935,-117.0932238
6781,6782,-2.973750955056932,1.2788759593065306,San Diego County,0.4212868236868078,0.0,230,0.0,'AddedNode',' ',32.69557699,-117.1430377
6782,6783,-3.0356070668126223,1.3054774788877208,San Diego County,0.43004988597447413,0.0,230,0.0,'AddedNode',' ',32.87716342,-117.0169791
6783,6784,-3.0356174042460964,1.305481924550909,San Diego County,0.4300513504631214,0.0,230,0.0,'AddedNode',' ',32.86168387,-116.8933096
6784,6785,-3.0356070668126223,1.3054774788877213,San Diego County,0.4300498859744742,0.0,230,0.0,'AddedNode',' ',32.87543069,-117.0191011
6785,6786,-2.826418608473543,1.215514972148779,San Diego County,0.4004144718131952,0.0,66,0.0,'AddedNode',' ',32.81506291,-117.0876325
6786,6787,-3.0355852104501833,1.3054680794535036,San Diego County,0.4300467896164911,0.0,115,0.0,'AddedNode',' ',32.85478343,-117.0129546
6787,6788,-3.040028991739975,1.3116142304873712,San Diego County,0.4308720952848008,0.0,230,0.0,'AddedNode',' ',33.09510086,-117.2080723
6788,6789,-3.0311343556467083,1.303553967850833,San Diego County,0.42941624371295517,0.0,230,0.0,'AddedNode',' ',33.09393244,-117.2064795
6789,6790,-3.0301848057238807,1.3031456093208758,San Diego County,0.4292817224040205,0.0,230,0.0,'AddedNode',' ',32.84126993,-117.1699467
6790,6791,-3.0301848057238807,1.3031456093208758,San Diego County,0.4292817224040205,0.0,230,0.0,'AddedNode',' ',33.13259048,-117.3066482
6791,6792,-2.96562394727561,1.2795123277079343,San Diego County,0.4203264532875609,0.0,230,0.0,'AddedNode',' ',33.12242117,-117.2883689
6792,6793,-3.008186018660523,1.2978756455115317,San Diego County,0.4263588986777552,0.0,230,0.0,'AddedNode',' ',33.12224019,-117.2880019
6793,6794,-3.008186018660523,1.2978756455115317,San Diego County,0.4263588986777553,0.0,230,0.0,'AddedNode',' ',33.10125464,-117.2519147
6794,6795,-3.040028991739975,1.3116142304873712,San Diego County,0.4308720952848008,0.0,230,0.0,'AddedNode',' ',33.10033637,-117.2499287
6795,6796,-3.0565268263620826,1.3265644632561997,San Diego County,0.43357241918954437,0.0,230,0.0,'AddedNode',' ',33.09507474,-117.2062899
6796,6797,-3.0301848057238807,1.3031456093208755,San Diego County,0.4292817224040205,0.0,230,0.0,'AddedNode',' ',33.13518161,-117.3133829
6797,6798,-3.0301848057238807,1.3031456093208755,San Diego County,0.4292817224040205,0.0,230,0.0,'AddedNode',' ',33.13551262,-117.3137677
6798,6799,-3.0301848057238807,1.3031456093208758,San Diego County,0.4292817224040205,0.0,230,0.0,'AddedNode',' ',33.13519328,-117.3135706
6799,6800,-3.0301848057238807,1.3031456093208755,San Diego County,0.4292817224040205,0.0,230,0.0,'AddedNode',' ',33.13498044,-117.3101497
6800,6801,-3.0301848057238807,1.3031456093208755,San Diego County,0.42928172240402046,0.0,230,0.0,'AddedNode',' ',32.95850929,-117.221199
6801,6802,3.9358159871775373,0.9481937350443386,San Diego County,0.3123536133192837,6.14063656,115,0.11215183734009963,'AddedNode',' ',33.13404712,-117.3093683
6802,6803,-3.0243634621879867,1.3010149179499553,San Diego County,0.4284742539385203,0.0,115,0.0,'AddedNode',' ',33.13745901,-117.3338745
6803,6804,-2.763371492328813,1.1887418890970414,San Diego County,0.3914984271348028,0.0,115,0.0,'AddedNode',' ',33.13727587,-117.3311796
6804,6805,-2.763371492328813,1.1887418890970414,San Diego County,0.3914984271348028,0.0,115,0.0,'AddedNode',' ',33.13592156,-117.3101687
6805,6806,-3.006259757230689,1.2943887142744008,San Diego County,0.42596312042241624,0.0,230,0.0,'AddedNode',' ',33.13559336,-117.3100455
6806,6807,-3.0208134170966163,1.3020087463343755,San Diego County,0.4280062131717258,0.0,230,0.0,'AddedNode',' ',33.22579034,-117.3405502
6807,6808,-3.0208134170966163,1.3020087463343755,San Diego County,0.4280062131717258,0.0,230,0.0,'AddedNode',' ',33.21610706,-117.3363476
6808,6809,-3.0208134170966163,1.3020087463343755,San Diego County,0.4280062131717258,0.0,230,0.0,'AddedNode',' ',33.2234457,-117.3400216
6809,6810,-3.0208134170966163,1.3020087463343755,San Diego County,0.4280062131717258,0.0,230,0.0,'AddedNode',' ',33.21562938,-117.336661
6810,6811,-2.973750955056932,1.2788759593065306,San Diego County,0.4212868236868078,0.0,230,0.0,'AddedNode',' ',32.62033847,-117.0946163
6811,6812,-3.0301848057238807,1.3031456093208758,San Diego County,0.4292817224040205,0.0,115,0.0,'AddedNode',' ',32.91577044,-117.2191842
6812,6813,-2.96562394727561,1.2795123277079343,San Diego County,0.4203264532875609,0.0,230,0.0,'AddedNode',' ',33.1354582,-117.3077218
6813,6814,-2.763371492328813,1.1887418890970414,San Diego County,0.3914984271348028,0.0,115,0.0,'AddedNode',' ',33.13751948,-117.3096996
6814,6815,-2.763371492328813,1.1887418890970411,San Diego County,0.39149842713480276,0.0,115,0.0,'AddedNode',' ',33.1383832,-117.3103798
6815,6816,-2.985290833023691,1.2867116286544416,San Diego County,0.42305445689206456,0.0,230,0.0,'AddedNode',' ',33.13526462,-117.309923
6816,6817,-3.002032173233756,1.292839998339605,San Diego County,0.42537665660493645,0.0,230,0.0,'AddedNode',' ',33.13534632,-117.3099952
6817,6818,-3.0271109194832695,1.3070597823337275,Orange County,0.42901351744562716,0.0,230,0.0,'AddedNode',' ',33.66559231,-117.6402653
6818,6819,-3.0252083400393452,1.306297271661123,Orange County,0.4287467809494637,0.0,115,0.0,'AddedNode',' ',33.48544325,-117.6122385
6819,6820,-3.0271109194832695,1.3070597823337275,San Diego County,0.42901351744562716,0.0,115,0.0,'AddedNode',' ',33.37401501,-117.548159
6820,6821,-3.0356174042460964,1.305481924550909,San Diego County,0.43005135046312143,0.0,230,0.0,'AddedNode',' ',32.86057677,-116.8968493
6821,6822,11.621861911532342,1.0156045352243273,San Diego County,0.3345600530317112,13.9834318,66,0.05650164840964376,'AddedNode',' ',32.74404245,-116.9572569
6822,6823,-3.003345804908182,1.2916033674069598,San Diego County,0.42547948153871,0.0,66,0.0,'AddedNode',' ',32.64804682,-117.0052408
6823,6824,-3.0356070668126223,1.3054774788877208,San Diego County,0.43004988597447413,0.0,66,0.0,'AddedNode',' ',32.6767968,-116.9769822
6824,6825,-3.035603833398195,1.3054760883422316,San Diego County,0.430049427901517,0.0,66,0.0,'AddedNode',' ',32.67813138,-116.9775534
6825,6826,-3.0356070668126227,1.3054774788877208,San Diego County,0.43004988597447413,0.0,66,0.0,'AddedNode',' ',32.67709185,-116.9752576
6826,6827,-3.035607066812622,1.3054774788877208,San Diego County,0.4300498859744741,0.0,230,0.0,'AddedNode',' ',32.66770668,-116.9853745
6827,6828,-3.012613397190999,1.2955889402240093,San Diego County,0.42679240739398816,0.0,230,0.0,'AddedNode',' ',32.66491677,-116.988174
6828,6829,-2.973750955056932,1.2788759593065306,San Diego County,0.4212868236868078,0.0,230,0.0,'AddedNode',' ',32.63720519,-117.0157201
6829,6830,-3.012614362281319,1.2955893552657616,San Diego County,0.4267925441168817,0.0,230,0.0,'AddedNode',' ',32.63755674,-117.0153621
6830,6831,-3.0957966465962885,1.3621505245023668,San Diego County,0.4400000041873547,0.0,230,0.0,'AddedNode',' ',33.11253262,-117.1186518
6831,6832,-3.047399823476765,1.3182936313111142,San Diego County,0.4320785344080313,0.0,230,0.0,'AddedNode',' ',33.09491059,-117.2074522
6832,6833,-3.0252083400393452,1.306297271661123,Orange County,0.4287467809494637,0.0,115,0.0,'AddedNode',' ',33.49203035,-117.6150998
6833,6834,-2.391250449214374,0.9818131419149491,San Diego County,0.37244893332071277,0.0,66,0.0,'AddedNode',' ',33.1364284,-116.2960145
6834,6835,-2.8062345839364173,1.2117435127094593,Orange County,0.39771278841448277,0.0,115,0.0,'AddedNode',' ',33.51195864,-117.667949
6835,6836,-3.095796646596289,1.362150524502367,Orange County,0.4400000041873548,0.0,115,0.0,'AddedNode',' ',33.52753573,-117.603425
6836,6837,-3.0252148294239576,1.3063000738038058,Orange County,0.4287477006556294,0.0,115,0.0,'AddedNode',' ',33.49620875,-117.6169057
6837,6838,-2.806214465973109,1.2117348256910372,Orange County,0.3977099372019254,0.0,115,0.0,'AddedNode',' ',33.51408044,-117.6688313
6838,6839,-2.806214465973109,1.2117348256910372,Orange County,0.3977099372019254,0.0,115,0.0,'AddedNode',' ',33.50794192,-117.6938907
6839,6840,-2.806251280830879,1.2117507224964323,Orange County,0.3977151547770428,0.0,115,0.0,'AddedNode',' ',33.5111179,-117.6722523
6840,6841,-2.806244397531459,1.2117477502597327,Orange County,0.3977141792434144,0.0,115,0.0,'AddedNode',' ',33.50697182,-117.6960312
6841,6842,-2.806234428157053,1.2117434454432958,Orange County,0.39771276633669717,0.0,115,0.0,'AddedNode',' ',33.50708445,-117.6960502
6842,6843,-2.806251280830879,1.2117507224964326,Orange County,0.3977151547770429,0.0,115,0.0,'AddedNode',' ',33.51051873,-117.6730512
6843,6844,-2.806251280830879,1.2117507224964323,Orange County,0.3977151547770428,0.0,115,0.0,'AddedNode',' ',33.51179327,-117.6678775
6844,6845,-3.0776106269744234,1.3537185062963806,Orange County,0.4373940483969286,0.0,66,0.0,'AddedNode',' ',33.45441364,-117.5778453
6845,6846,-2.781896803134779,1.199107763071198,San Diego County,0.39415515096089415,0.0,66,0.0,'AddedNode',' ',33.33455153,-117.4928324
6846,6847,-2.781896803134779,1.199107763071198,San Diego County,0.39415515096089415,0.0,66,0.0,'AddedNode',' ',33.31265787,-117.4671621
6847,6848,-2.7818856864419255,1.1991029713360462,San Diego County,0.3941535758838658,0.0,66,0.0,'AddedNode',' ',33.21281909,-117.3831946
6848,6849,-2.78190106404656,1.1991095996930268,San Diego County,0.39415575467139996,0.0,66,0.0,'AddedNode',' ',33.20251893,-117.3843954
6849,6850,-2.781895888442449,1.1991073688025562,San Diego County,0.3941550213620201,0.0,66,0.0,'AddedNode',' ',33.22935221,-117.3617968
6850,6851,-2.7818958884424485,1.1991073688025562,San Diego County,0.39415502136202,0.0,66,0.0,'AddedNode',' ',33.24379091,-117.3464908
6851,6852,-2.781895888442449,1.1991073688025562,San Diego County,0.3941550213620201,0.0,66,0.0,'AddedNode',' ',33.24047104,-117.3473976
6852,6853,-2.7818825830924245,1.1991016336694318,San Diego County,0.39415313618344644,0.0,66,0.0,'AddedNode',' ',33.24064879,-117.3471663
6853,6854,-2.781604464017615,1.198981753326895,San Diego County,0.3941137306721446,0.0,66,0.0,'AddedNode',' ',33.32939842,-117.2673492
6854,6855,-2.498894527056159,1.0510234615826348,San Diego County,0.37487647767422994,0.0,66,0.0,'AddedNode',' ',33.32943339,-117.2536239
6855,6856,-2.364310293535522,0.9907496262249558,San Diego County,0.3576127158716819,0.0,66,0.0,'AddedNode',' ',33.38194031,-117.2364308
6856,6857,-2.421333242750185,1.0104312020577515,San Diego County,0.3695987500319907,0.0,66,0.0,'AddedNode',' ',33.32933583,-117.2351589
6857,6858,-2.5510241567741168,1.086789869430494,San Diego County,0.37165618258591243,0.0,66,0.0,'AddedNode',' ',33.2524552,-117.3000082
6858,6859,-2.781882583092425,1.199101633669432,San Diego County,0.3941531361834465,0.0,66,0.0,'AddedNode',' ',33.21187263,-117.2968421
6859,6860,-2.737972143660439,1.184565542623098,San Diego County,0.38793266466349563,0.0,66,0.0,'AddedNode',' ',33.1749636,-117.2795398
6860,6861,-2.7497313179458978,1.188458929022684,San Diego County,0.3895985012188614,0.0,66,0.0,'AddedNode',' ',33.20553072,-117.2539097
6861,6862,-2.737972143660439,1.184565542623098,San Diego County,0.38793266466349563,0.0,66,0.0,'AddedNode',' ',33.14222027,-117.2380779
6862,6863,-3.095796646596289,1.362150524502367,San Diego County,0.4400000041873548,0.0,66,0.0,'AddedNode',' ',33.25234921,-117.0854034
6863,6864,-2.7653333193851326,1.2167466605294583,San Diego County,0.3968801406128832,0.0,66,0.0,'AddedNode',' ',33.13058776,-117.1138739
6864,6865,-3.095796646596289,1.362150524502367,San Diego County,0.4400000041873548,0.0,66,0.0,'AddedNode',' ',33.25323339,-117.0853804
6865,6866,-2.421333242750185,1.0104312020577515,San Diego County,0.3695987500319907,0.0,66,0.0,'AddedNode',' ',33.34498224,-117.1221786
6866,6867,-2.378681086913173,0.9766523420092496,San Diego County,0.3704911937693656,0.0,66,0.0,'AddedNode',' ',33.22799339,-117.0198991
6867,6868,-2.593390166660001,1.1099773970654216,San Diego County,0.38514505068889215,0.0,66,0.0,'AddedNode',' ',33.13893377,-117.0726107
6868,6869,-2.421333242750185,1.0104312020577515,San Diego County,0.3695987500319907,0.0,66,0.0,'AddedNode',' ',33.25621589,-117.085473
6869,6870,-2.378681086913173,0.9766523420092496,San Diego County,0.3704911937693656,0.0,66,0.0,'AddedNode',' ',33.28589237,-116.9581043
6870,6871,-2.3786810869131725,0.9766523420092494,San Diego County,0.37049119376936557,0.0,66,0.0,'AddedNode',' ',33.1972978,-116.7130117
6871,6872,-2.219390484195898,0.9112499048940759,San Diego County,0.34568090462146217,0.0,66,0.0,'AddedNode',' ',32.65372726,-116.6796403
6872,6873,-2.2033703338269413,0.9046722608949445,San Diego County,0.3431856879792591,0.0,66,0.0,'AddedNode',' ',32.6677923,-116.6987376
6873,6874,-2.2033703338269413,0.9046722608949445,San Diego County,0.3431856879792591,0.0,66,0.0,'AddedNode',' ',32.7696584,-116.6973538
6874,6875,-2.3786235850134227,0.9766287325538373,San Diego County,0.37048223756771254,0.0,66,0.0,'AddedNode',' ',32.71414281,-116.473686
6875,6876,-2.3786810869131716,0.976652342009249,San Diego County,0.37049119376936546,0.0,66,0.0,'AddedNode',' ',32.79754771,-116.49879
6876,6877,-2.2033703338269413,0.9046722608949445,San Diego County,0.3431856879792591,0.0,66,0.0,'AddedNode',' ',32.79654447,-116.7922243
6877,6878,-2.9172798633847448,1.2545902936180355,San Diego County,0.4132866490924135,0.0,66,0.0,'AddedNode',' ',32.85988299,-116.8962544
6878,6879,-2.9172798633847448,1.2545902936180355,San Diego County,0.4132866490924135,0.0,66,0.0,'AddedNode',' ',32.82926399,-116.7894986
6879,6880,-2.9172798633847448,1.2545902936180353,San Diego County,0.4132866490924135,0.0,66,0.0,'AddedNode',' ',32.82750293,-116.7895585
6880,6881,-2.9172798633847448,1.2545902936180355,San Diego County,0.4132866490924135,0.0,66,0.0,'AddedNode',' ',32.8260342,-116.7892676
6881,6882,-2.378681086913172,0.9766523420092492,San Diego County,0.3704911937693655,0.0,66,0.0,'AddedNode',' ',32.85669785,-116.5943553
6882,6883,-2.7566179659079095,1.2129119049994803,San Diego County,0.3957429346901787,0.0,66,0.0,'AddedNode',' ',33.1275922,-117.1157015
6883,6884,-2.2327578122679537,0.9824134373978997,San Diego County,0.43275909668984935,0.0,66,0.0,'AddedNode',' ',33.12063338,-117.0970513
6884,6885,-2.9420813218579878,1.2945157816175146,San Diego County,0.4234941657326679,0.0,66,0.0,'AddedNode',' ',33.08008651,-117.1202153
6885,6886,-2.9420684346667585,1.2945101112533737,San Diego County,0.4234923107022655,0.0,66,0.0,'AddedNode',' ',33.11717258,-117.1114094
6886,6887,-2.2327470289676437,0.9824086927457633,San Diego County,0.43275700664171435,0.0,66,0.0,'AddedNode',' ',33.11701283,-117.0905116
6887,6888,-2.2327470289676437,0.9824086927457633,San Diego County,0.4327570066417144,0.0,66,0.0,'AddedNode',' ',33.11681053,-117.0909209
6888,6889,-2.23275207452594,0.9824109127914137,San Diego County,0.43275798458533127,0.0,66,0.0,'AddedNode',' ',33.11396559,-117.0868858
6889,6890,-2.4491764506187597,1.0652007386882076,San Diego County,0.4094847011111882,0.0,66,0.0,'AddedNode',' ',33.09542687,-117.0591074
6890,6891,-2.7000294970018683,1.161160724391625,San Diego County,0.3825091165480028,0.0,66,0.0,'AddedNode',' ',33.02215912,-117.0324629
6891,6892,-2.7000294970018683,1.161160724391625,San Diego County,0.3825091165480028,0.0,66,0.0,'AddedNode',' ',32.98184831,-117.0319559
6892,6893,-2.700040133990991,1.1611652988801662,San Diego County,0.3825106234742481,0.0,66,0.0,'AddedNode',' ',32.98185331,-117.0321464
6893,6894,-2.942081321857988,1.2945157816175148,San Diego County,0.42349416573266796,0.0,66,0.0,'AddedNode',' ',33.06012687,-117.122763
6894,6895,-2.942081321857988,1.2945157816175148,San Diego County,0.42349416573266796,0.0,66,0.0,'AddedNode',' ',33.04067278,-117.152466
6895,6896,-2.610763450277381,1.1364971696525925,San Diego County,0.3730030778682111,0.0,66,0.0,'AddedNode',' ',33.02201614,-117.1347914
6896,6897,-2.317891574379893,0.9968204653159529,San Diego County,0.3283722119905043,0.0,66,0.0,'AddedNode',' ',33.02137951,-117.0968395
6897,6898,-2.5345276812413573,1.1049088492310852,San Diego County,0.41191057497768263,0.0,66,0.0,'AddedNode',' ',33.09326809,-117.0723338
6898,6899,-2.942081321857988,1.2945157816175148,San Diego County,0.42349416573266796,0.0,66,0.0,'AddedNode',' ',33.10291502,-117.118827
6899,6900,-2.7325919623773594,1.1970546602823637,San Diego County,0.4175400071485952,0.0,66,0.0,'AddedNode',' ',33.09844697,-117.0749697
6900,6901,-2.2327623639793126,0.9824154401508975,San Diego County,0.4327599789147308,0.0,66,0.0,'AddedNode',' ',33.11592282,-117.0889373
6901,6902,-2.449176450618759,1.0652007386882076,San Diego County,0.40948470111118807,0.0,66,0.0,'AddedNode',' ',33.09760153,-117.0707484
6902,6903,-2.534527681241357,1.1049088492310852,San Diego County,0.41191057497768246,0.0,66,0.0,'AddedNode',' ',33.0944054,-117.0720905
6903,6904,-2.6078145374855093,1.121511764472933,San Diego County,0.3671969360296783,0.0,66,0.0,'AddedNode',' ',32.98186562,-117.2560188
6904,6905,-2.7109485783026352,1.1658600004498296,San Diego County,0.38314065922691004,0.0,66,0.0,'AddedNode',' ',33.05070357,-117.2725079
6905,6906,-3.0365335388182606,1.3059260419259773,San Diego County,0.4180873823281669,0.0,66,0.0,'AddedNode',' ',32.88497797,-117.2005916
6906,6907,-2.7817929624096585,1.1963234975491412,San Diego County,0.3940924236762269,0.0,66,0.0,'AddedNode',' ',32.97314805,-117.2315906
6907,6908,-2.8922526353885423,1.2438366723515968,San Diego County,0.4072476361614486,0.0,66,0.0,'AddedNode',' ',32.96820951,-117.2387678
6908,6909,-2.7817929624096585,1.1963234975491412,San Diego County,0.3940924236762269,0.0,66,0.0,'AddedNode',' ',32.95899118,-117.2215224
6909,6910,-3.0365335388182606,1.3059260419259775,San Diego County,0.418087382328167,0.0,66,0.0,'AddedNode',' ',32.89708562,-117.207862
6910,6911,-3.0365335388182606,1.3059260419259773,San Diego County,0.4180873823281669,0.0,66,0.0,'AddedNode',' ',32.89875524,-117.2102222
6911,6912,-3.0365335388182606,1.3059260419259773,San Diego County,0.4180873823281669,0.0,66,0.0,'AddedNode',' ',32.87971059,-117.2132841
6912,6913,-3.0365335388182606,1.3059260419259773,San Diego County,0.4180873823281669,0.0,66,0.0,'AddedNode',' ',32.8913325,-117.2044013
6913,6914,-3.0340720941063144,1.3048389615906564,San Diego County,0.4241371990404669,0.0,66,0.0,'AddedNode',' ',32.90789254,-117.2145473
6914,6915,-3.035864528021425,1.3056305090605913,San Diego County,0.41974712793745017,0.0,66,0.0,'AddedNode',' ',32.901569,-117.226712
6915,6916,-3.034093756147197,1.3048482776102017,San Diego County,0.4241402272075836,0.0,66,0.0,'AddedNode',' ',32.90171412,-117.2267548
6916,6917,-3.033988875447686,1.3048031724120404,San Diego County,0.42412556578730615,0.0,66,0.0,'AddedNode',' ',32.89875918,-117.2383231
6917,6918,-3.0357423027924346,1.3055765964049446,San Diego County,0.42003244493928166,0.0,66,0.0,'AddedNode',' ',32.90062392,-117.2300123
6918,6919,-3.034093756147197,1.3048482776102017,San Diego County,0.4241402272075836,0.0,66,0.0,'AddedNode',' ',32.90682744,-117.2241709
6919,6920,-3.0301848057238807,1.3031456093208758,San Diego County,0.4292817224040205,0.0,66,0.0,'AddedNode',' ',32.89206494,-117.1690813
6920,6921,-2.9181065248106304,1.2549458033564196,San Diego County,0.4134037609728767,0.0,66,0.0,'AddedNode',' ',32.89561237,-117.1566844
6921,6922,-3.033184575865258,1.3044413896963143,San Diego County,0.4273875999077392,0.0,66,0.0,'AddedNode',' ',32.88531909,-117.20006
6922,6923,-3.032645785740376,1.304208642427413,San Diego County,0.42773248989819834,0.0,66,0.0,'AddedNode',' ',32.91656972,-117.2193577
6923,6924,-3.033184575865258,1.3044413896963143,San Diego County,0.4273875999077392,0.0,66,0.0,'AddedNode',' ',32.87923497,-117.1963268
6924,6925,-3.0472653222693813,1.3106842240337295,San Diego County,0.38815271649889505,0.0,66,0.0,'AddedNode',' ',32.86501839,-117.1884056
6925,6926,-3.089836503935697,1.3289129830053366,San Diego County,0.3915218297195279,0.0,66,0.0,'AddedNode',' ',32.86438034,-117.1880109
6926,6927,-3.0898542684571164,1.3289206233782558,San Diego County,0.39152408071174744,0.0,66,0.0,'AddedNode',' ',32.83454932,-117.167493
6927,6928,-3.089843311760207,1.3289159109940394,San Diego County,0.39152269235802195,0.0,66,0.0,'AddedNode',' ',32.82595297,-117.184864
6928,6929,-3.0898542684571155,1.3289206233782556,San Diego County,0.39152408071174744,0.0,66,0.0,'AddedNode',' ',32.83489728,-117.1841734
6929,6930,-3.0898542684571164,1.3289206233782558,San Diego County,0.39152408071174744,0.0,66,0.0,'AddedNode',' ',32.82912062,-117.1570952
6930,6931,-3.089692368836028,1.3288509916977016,San Diego County,0.39150356595771485,0.0,66,0.0,'AddedNode',' ',32.82914744,-117.1433095
6931,6932,-0.11351511267562886,1.0338102318809352,San Diego County,0.3045792153022917,2.29018222,66,0.3196759808093151,'AddedNode',' ',32.81951832,-117.1405168
6932,6933,-2.871812183576833,1.235072384034502,San Diego County,0.3923637183545439,0.0,66,0.0,'AddedNode',' ',32.82914445,-117.1381993
6933,6934,-2.5386146720242837,1.092882656373574,San Diego County,0.34789774674361174,0.0,66,0.0,'AddedNode',' ',32.83642642,-117.2755627
6934,6935,-3.0301848057238807,1.3031456093208758,San Diego County,0.4292817224040205,0.0,230,0.0,'AddedNode',' ',32.88950159,-117.169262
6935,6936,-3.0301912619780875,1.3031483858641764,San Diego County,0.42928263705184033,0.0,66,0.0,'AddedNode',' ',32.88943496,-117.1726171
6936,6937,-2.826418608473543,1.215514972148779,San Diego County,0.4004144718131952,0.0,66,0.0,'AddedNode',' ',32.84740273,-117.0476086
6937,6938,-2.8789596251364253,1.238110490100079,San Diego County,0.4078578785939616,0.0,66,0.0,'AddedNode',' ',32.91035709,-117.1133133
6938,6939,9.357469114970186,0.9592430410767542,San Diego County,0.30808842913718154,11.5854012,66,0.05924698544761323,'AddedNode',' ',32.75918565,-117.1992118
6939,6940,-3.431691579095657,1.4851140296690237,San Diego County,0.42301026757666327,0.0,66,0.0,'AddedNode',' ',32.76057183,-117.1990023
6940,6941,-3.431691579095657,1.4851140296690237,San Diego County,0.42301026757666327,0.0,66,0.0,'AddedNode',' ',32.7476222,-117.2291522
6941,6942,-3.3085719096949493,1.4288574963032328,San Diego County,0.41167025915712646,0.0,66,0.0,'AddedNode',' ',32.80667995,-117.214936
6942,6943,-3.431691579095657,1.4851140296690237,San Diego County,0.42301026757666327,0.0,66,0.0,'AddedNode',' ',32.74531868,-117.1925446
6943,6944,-2.8198205377599197,1.212677439974436,San Diego County,0.3994797330622328,0.0,66,0.0,'AddedNode',' ',32.87514339,-117.0190765
6944,6945,-2.9071952127859753,1.249649570588306,San Diego County,0.41229481338311735,0.0,66,0.0,'AddedNode',' ',32.79073064,-116.8930654
6945,6946,-2.9765037492108384,1.2800598117264397,San Diego County,0.4216768078929132,0.0,66,0.0,'AddedNode',' ',32.79525355,-116.9727236
6946,6947,-2.912131352787763,1.252069002394418,San Diego County,0.41277949690112414,0.0,66,0.0,'AddedNode',' ',32.8039598,-116.9205257
6947,6948,-2.9765037492108384,1.2800598117264397,San Diego County,0.4216768078929132,0.0,66,0.0,'AddedNode',' ',32.79484332,-116.9720922
6948,6949,-2.9765037492108384,1.2800598117264397,San Diego County,0.4216768078929132,0.0,66,0.0,'AddedNode',' ',32.78758665,-116.9688495
6949,6950,-2.9685759407647274,1.2766504194185604,San Diego County,0.42055368719802777,0.0,66,0.0,'AddedNode',' ',32.80783179,-116.9444971
6950,6951,-2.9172426986901945,1.2545743107616654,San Diego County,0.4132813840260522,0.0,66,0.0,'AddedNode',' ',32.80784594,-116.9402589
6951,6952,-2.917242698690195,1.2545743107616656,San Diego County,0.4132813840260523,0.0,66,0.0,'AddedNode',' ',32.85520552,-116.8964796
6952,6953,-2.9765037492108384,1.2800598117264397,San Diego County,0.4216768078929132,0.0,66,0.0,'AddedNode',' ',32.79500823,-116.9968796
6953,6954,-2.96124069766951,1.273501000506795,San Diego County,0.4174295442545707,0.0,66,0.0,'AddedNode',' ',32.79148296,-117.0233094
6954,6955,-2.8711119575583655,1.2347709971920804,San Diego County,0.39236648272289343,0.0,66,0.0,'AddedNode',' ',32.78834517,-117.1304188
6955,6956,-2.847679421328629,1.2246751436991703,San Diego County,0.3965860097844502,0.0,66,0.0,'AddedNode',' ',32.78813593,-117.1184615
6956,6957,-2.9765037492108384,1.2800598117264397,San Diego County,0.4216768078929132,0.0,66,0.0,'AddedNode',' ',32.74440648,-116.9575783
6957,6958,-3.0356070668126227,1.3054774788877208,San Diego County,0.43004988597447413,0.0,66,0.0,'AddedNode',' ',32.72768062,-116.9248191
6958,6959,-2.964714243417832,1.2749896778252998,San Diego County,0.4200066063449568,0.0,66,0.0,'AddedNode',' ',32.73939894,-117.0027796
6959,6960,-2.892005380598738,1.2437208802382889,San Diego County,0.4097060511424955,0.0,66,0.0,'AddedNode',' ',32.74447328,-117.0427026
6960,6961,-3.0033389659501855,1.2916004262800462,San Diego County,0.42547851267382014,0.0,66,0.0,'AddedNode',' ',32.69613344,-117.0496997
6961,6962,-3.0033458049081814,1.2916033674069596,San Diego County,0.42547948153871,0.0,66,0.0,'AddedNode',' ',32.69784125,-117.0462684
6962,6963,-2.892005380598738,1.2437208802382889,San Diego County,0.4097060511424955,0.0,66,0.0,'AddedNode',' ',32.70496271,-117.0493233
6963,6964,-3.0033458049081814,1.2916033674069596,San Diego County,0.42547948153871,0.0,66,0.0,'AddedNode',' ',32.65525686,-117.0263991
6964,6965,-3.003338137756968,1.291600070111553,San Diego County,0.42547839534493304,0.0,66,0.0,'AddedNode',' ',32.65805218,-117.0301199
6965,6966,-2.8920053805987376,1.2437208802382886,San Diego County,0.4097060511424955,0.0,66,0.0,'AddedNode',' ',32.74424308,-117.0467162
6966,6967,-2.8920053805987376,1.2437208802382886,San Diego County,0.4097060511424955,0.0,66,0.0,'AddedNode',' ',32.74415123,-117.0792507
6967,6968,-3.360598240690914,1.4454524670169682,San Diego County,0.3904795723388383,0.0,66,0.0,'AddedNode',' ',32.75475995,-117.1254423
6968,6969,-3.3605982406909134,1.445452467016968,San Diego County,0.3904795723388383,0.0,66,0.0,'AddedNode',' ',32.76510394,-117.1290925
6969,6970,-3.0898479642531598,1.3289179119925647,San Diego County,0.391523281888423,0.0,66,0.0,'AddedNode',' ',32.78136323,-117.1374325
6970,6971,-3.4316860991736164,1.485111658153718,San Diego County,0.4230095920895936,0.0,66,0.0,'AddedNode',' ',32.71398409,-117.1698297
6971,6972,-3.0898479642531598,1.3289179119925647,San Diego County,0.391523281888423,0.0,66,0.0,'AddedNode',' ',32.79891399,-117.1480499
6972,6973,3.5596376534154017,1.033829265119135,San Diego County,0.3045848228389332,5.96337924,66,0.12277320891978791,'AddedNode',' ',32.7988784,-117.1524204
6973,6974,-2.9694114261949385,1.2770097239626184,San Diego County,0.42067204916190765,0.0,66,0.0,'AddedNode',' ',32.70842222,-117.1274808
6974,6975,-3.400899278339266,1.4627907925313937,San Diego County,0.39348235306677004,0.0,66,0.0,'AddedNode',' ',32.7547791,-117.1255736
6975,6976,-3.4139480672939158,1.4684046476488697,San Diego County,0.3944542400070301,0.0,66,0.0,'AddedNode',' ',32.7074002,-117.127527
6976,6977,-3.4008992783392666,1.4627907925313937,San Diego County,0.3934823530667701,0.0,66,0.0,'AddedNode',' ',32.75401793,-117.1253415
6977,6978,-3.4008992783392666,1.4627907925313937,San Diego County,0.39348235306677015,0.0,66,0.0,'AddedNode',' ',32.75335646,-117.1253169
6978,6979,-3.3187887283358104,1.4274651650239683,San Diego County,0.38736439701656566,0.0,66,0.0,'AddedNode',' ',32.75343752,-117.1221436
6979,6980,-3.3187887283358104,1.4274651650239685,San Diego County,0.38736439701656566,0.0,66,0.0,'AddedNode',' ',32.73038953,-117.1126431
6980,6981,-3.4139480672939153,1.4684046476488695,San Diego County,0.39445424000703005,0.0,66,0.0,'AddedNode',' ',32.72978645,-117.1129347
6981,6982,-3.4139480672939153,1.4684046476488695,San Diego County,0.39445424000703005,0.0,66,0.0,'AddedNode',' ',32.71686034,-117.1253855
6982,6983,-2.9634876710345996,1.2744621844484256,San Diego County,0.41983283968084684,0.0,66,0.0,'AddedNode',' ',32.69475233,-117.1425926
6983,6984,-3.965998798947042,1.7060896839025268,San Diego County,0.36189548244204994,0.0,66,0.0,'AddedNode',' ',32.6849622,-117.1012557
6984,6985,-5.482794303689702,2.358771906627523,San Diego County,0.4237911485526658,0.0,66,0.0,'AddedNode',' ',32.63208103,-117.0987373
6985,6986,-4.52468610429686,1.9464476386364462,San Diego County,0.40379826888300246,0.0,66,0.0,'AddedNode',' ',32.64603405,-117.0906261
6986,6987,-3.5581802272668086,1.530509409000138,San Diego County,0.38363015455966254,0.0,66,0.0,'AddedNode',' ',32.63184849,-117.0988594
6987,6988,-5.48278700264407,2.3587687656194207,San Diego County,0.4237905842202574,0.0,66,0.0,'AddedNode',' ',32.59169942,-117.0581351
6988,6989,-5.482779625523045,2.3587655918826615,San Diego County,0.4237900140076215,0.0,66,0.0,'AddedNode',' ',32.59523922,-117.0582245
6989,6990,-5.48278700264407,2.3587687656194207,San Diego County,0.4237905842202574,0.0,66,0.0,'AddedNode',' ',32.58937848,-117.0581006
6990,6991,-5.48278700264407,2.3587687656194207,San Diego County,0.4237905842202574,0.0,66,0.0,'AddedNode',' ',32.5873677,-117.0357005
6991,6992,-3.2699094822955193,1.4214692808175151,San Diego County,0.43461871596234103,0.0,66,0.0,'AddedNode',' ',32.59693817,-116.9316273
6992,6993,-3.269926505714989,1.42147668110427,San Diego County,0.434620978623357,0.0,66,0.0,'AddedNode',' ',32.57476472,-116.9100305
6993,6994,14.46723185901557,1.1058404861762425,,0.33811421649905504,17.0110774,66,0.05056177934882395,'AddedNode',' ',32.54400481,-116.8928815
6994,6995,-3.269930304837227,1.4214783326287495,San Diego County,0.4346214835821755,0.0,66,0.0,'AddedNode',' ',32.59833249,-116.9393697
6995,6996,-5.75978402501134,2.4767071307548765,,0.43000010540523337,0.0,66,0.0,'AddedNode','IMPORT',32.54174045,-117.0287658
6996,6997,-5.75978402501134,2.4767071307548765,San Diego County,0.43000010540523337,0.0,66,0.0,'AddedNode',' ',32.54281239,-117.0261133
6997,6998,-5.664683082415243,2.4358137254385546,San Diego County,0.4229002879185215,0.0,66,0.0,'AddedNode',' ',32.56428063,-117.0323906
6998,6999,0.0,0.0,San Diego County,0.0,0.0,66,0.0,'AddedNode',' ',32.56634791,-116.94488
6999,7000,0.0,0.0,San Diego County,0.0,0.0,66,0.0,'AddedNode',' ',32.56744055,-116.9449004
7000,7001,-2.378681086913172,0.9766523420092492,San Diego County,0.3704911937693655,0.0,66,0.0,'AddedNode',' ',32.99159381,-116.5869936
7001,7002,-3.4316915790956566,1.4851140296690235,San Diego County,0.42301026757666316,0.0,66,0.0,'AddedNode',' ',32.73290958,-117.1745286
7002,7003,-2.9011402808135065,1.2555103026506484,San Diego County,0.35761142811900387,0.0,66,0.0,'AddedNode',' ',32.70716542,-117.2453718
7003,7004,-2.963487671034599,1.2744621844484254,San Diego County,0.4198328396808468,0.0,66,0.0,'AddedNode',' ',32.68187935,-117.1196177
7004,7005,-2.9635151249706313,1.274473991146199,San Diego County,0.419836729038659,0.0,66,0.0,'AddedNode',' ',32.67035568,-117.1142051
7005,7006,-3.0271109194832695,1.3070597823337275,Orange County,0.42901351744562716,0.0,230,0.0,'AddedNode',' ',33.45564512,-117.5896994
7006,7007,-2.421333242750185,1.0104312020577515,San Diego County,0.3695987500319907,0.0,66,0.0,'AddedNode',' ',33.35571037,-117.1120184
7007,7008,-1.061347015612573,0.7860533832357104,San Diego County,0.28752511532767455,0.822301454,66,0.6586346659459424,'AddedNode',' ',33.35869955,-117.1117591
7008,7009,-2.781882583092425,1.199101633669432,San Diego County,0.3941531361834465,0.0,66,0.0,'AddedNode',' ',33.25088635,-117.2998881
7009,7010,2.562184136601211,0.932847425420362,San Diego County,0.3066335062732911,4.72636433,66,0.14040605306215995,'AddedNode',' ',33.24248454,-117.3365083
7010,7011,9.366986237678347,0.9317129584320868,San Diego County,0.30684891406018144,11.5328635,66,0.057626372316904456,'AddedNode',' ',33.11652039,-117.3203624
7011,7012,1.0923415661634817,1.059689045288068,San Diego County,0.3422993097876487,3.50072576,66,0.2354906678704598,'AddedNode',' ',33.08902281,-117.1934263
7012,7013,3.0001893774917763,1.0196432027717732,San Diego County,0.3019623428421707,5.37080109,66,0.13328281101508335,'AddedNode',' ',32.87868028,-117.1971176
7013,7014,-3.047265322269381,1.3106842240337295,San Diego County,0.38815271649889505,0.0,66,0.0,'AddedNode',' ',32.87888227,-117.1968572
7014,7015,-2.8789646289508233,1.2381126420146253,San Diego County,0.407858587476819,0.0,66,0.0,'AddedNode',' ',32.94168696,-117.0321572
7015,7016,-3.0355852104501833,1.3054680794535036,San Diego County,0.4300467896164911,0.0,115,0.0,'AddedNode',' ',32.85782823,-117.0280459
7016,7017,-0.5511018428213998,1.0156122608814084,San Diego County,0.3345625980146777,1.81048601,115,0.4364015867097652,'AddedNode',' ',32.85783675,-117.0286118
7017,7018,-2.8711119575583646,1.2347709971920802,San Diego County,0.3923664827228933,0.0,66,0.0,'AddedNode',' ',32.83259885,-117.1326177
7018,7019,-0.6885651493678322,0.9605752263966193,San Diego County,0.30523677979890107,1.54498182,66,0.4412742438997967,'AddedNode',' ',32.83384515,-117.1336579
7019,7020,5.191143968300354,1.033836006855751,San Diego County,0.30458680907662455,7.59490123,66,0.09640056295187131,'AddedNode',' ',32.84252237,-117.1509154
7020,7021,-3.089836503935697,1.3289129830053366,San Diego County,0.3915218297195279,0.0,66,0.0,'AddedNode',' ',32.84751511,-117.1740543
7021,7022,-2.9420813218579878,1.2945157816175146,San Diego County,0.4234941657326679,0.0,66,0.0,'AddedNode',' ',33.06858338,-117.1411988
7022,7023,15.851887889934844,1.0070722244286683,San Diego County,0.3294584875466385,18.1406884,66,0.04156759312077929,'AddedNode',' ',33.06844485,-117.1404331
7023,7024,-1.6220671199008732,1.0069902558763844,San Diego County,0.329431671957243,0.666547098,66,1.131115881428986,'AddedNode',' ',33.05794218,-117.1187135
7024,7025,-2.834146619855928,1.218838440764526,San Diego County,0.40150928755866455,0.0,115,0.0,'AddedNode',' ',32.95895388,-117.2214377
7025,7026,-3.0301848057238807,1.3031456093208758,San Diego County,0.4292817224040205,0.0,230,0.0,'AddedNode',' ',32.77153848,-117.1644119
7026,7027,-3.035606693115323,1.3054773181773927,San Diego County,0.43004983303334,0.0,230,0.0,'AddedNode',' ',32.81547388,-117.0877763
7027,7028,-3.0356066127431505,1.3054772836129518,San Diego County,0.43004982164713523,0.0,230,0.0,'AddedNode',' ',32.81543517,-117.0874003
7028,7029,13.13063436461721,1.0156014590056353,San Diego County,0.33455903966494005,15.4921971,115,0.050998716047717677,'AddedNode',' ',32.93691521,-117.1133892
7029,7030,-3.0356113705850674,1.3054793297458451,San Diego County,0.4300504956834412,0.0,115,0.0,'AddedNode',' ',32.94670589,-117.1040214
7030,7031,1.5037578500102762,0.9213881064992847,San Diego County,0.2624422244257431,3.63283329,66,0.1538081298635977,'AddedNode',' ',32.69469513,-117.1467127
7031,7032,8.267333766128885,1.155349552980918,San Diego County,0.32908228848929183,10.93703,66,0.0803280000341546,'AddedNode',' ',32.7354475,-117.2081243
7032,7033,-3.4316915790956566,1.4851140296690235,San Diego County,0.42301026757666316,0.0,66,0.0,'AddedNode',' ',32.72966606,-117.1728828
7033,7034,7.624926974870781,1.1553452648299385,San Diego County,0.32908106708012264,10.2946133,66,0.08534008991311355,'AddedNode',' ',32.72803277,-117.176091
7034,7035,-2.847679421328629,1.2246751436991703,San Diego County,0.3965860097844502,0.0,66,0.0,'AddedNode',' ',32.78812188,-117.1177851
7035,7036,14.07441177383315,0.9527411975190129,San Diego County,0.3085257603416648,16.289776,66,0.04195864524545034,'AddedNode',' ',32.78692594,-117.115794
7036,7037,6.8476362721261514,1.1058389807201021,San Diego County,0.33811375620109185,9.39147835,66,0.09158387722123826,'AddedNode',' ',32.58366464,-116.9307744
7037,7038,-3.269930304837227,1.4214783326287495,San Diego County,0.43462148358217556,0.0,66,0.0,'AddedNode',' ',32.5839954,-116.9393394
7038,7039,3.2435962187014553,0.7597804977253211,San Diego County,0.2882212753678842,5.09407609,66,0.10469958813439412,'AddedNode',' ',32.70553247,-116.3422498
7039,7040,-2.9727336911708835,1.2784384800596806,San Diego County,0.4211427094425818,0.0,66,0.0,'AddedNode',' ',32.80786891,-116.9602195
7040,7041,-3.0301848057238807,1.3031456093208758,San Diego County,0.4292817224040205,0.0,230,0.0,'AddedNode',' ',32.90544143,-117.1689569
7041,7042,-3.095796646596289,1.362150524502367,Orange County,0.4400000041873548,0.0,115,0.0,'AddedNode',' ',33.52377243,-117.595961
7042,7043,0.0,0.0,San Diego County,0.0,0.0,230,0.0,'AddedNode',' ',32.85467364,-116.8054304
7043,7044,1.8557147154978564,1.0156117842433596,San Diego County,0.3345624410007561,4.21730146,230,0.18734686940678555,'AddedNode',' ',32.88526718,-116.9097182
7044,7045,-3.095796646596289,1.362150524502367,Orange County,0.4400000041873548,0.0,115,0.0,'AddedNode',' ',33.46371564,-117.5705577
7045,7046,-3.095796646596289,1.362150524502367,Orange County,0.4400000041873548,0.0,115,0.0,'AddedNode',' ',33.46351223,-117.570024
7046,7047,-0.7369234665937414,0.32162269511437647,Shasta County,0.4305680405913425,0.0,66,0.0,'AddedNode',' ',40.66342714,-122.3933431
7047,7048,0.8022910483190231,0.2502138784320878,Shasta County,0.33497045140720455,1.37559785,115,0.1396053636997888,'AddedNode',' ',40.65558942,-122.3910597
7048,7049,-0.7923338938142725,0.3407035743401372,Shasta County,0.43000022984919806,0.0,66,0.0,'AddedNode',' ',40.97630825,-122.4407887
7049,7050,-0.7369133462668668,0.32161827820142364,Shasta County,0.4305621275087632,0.0,66,0.0,'AddedNode',' ',40.66628322,-122.3847824
7050,7051,1.8803012023199823,0.3573762885792076,Sacramento County,0.34230592142028293,2.69252004,230,0.1032591451490068,'AddedNode',' ',38.48939659,-121.4693007
7051,7052,-0.04336322168442641,0.4101083425443601,Sacramento County,0.30441322452945097,1.07187979,230,0.31672835376511055,'AddedNode',' ',38.34470123,-121.1237611
7052,7053,-1.0440248106820937,0.45937091670012126,Sacramento County,0.43999949056458926,0.0,230,0.0,'AddedNode',' ',38.50497314,-121.4715042
7053,7054,-1.0440248106820935,0.45937091670012115,Sacramento County,0.43999949056458915,0.0,230,0.0,'AddedNode',' ',38.50868635,-121.3588537
7054,7055,-1.1872221785916328,0.5125244839474055,Placer County,0.43085404604005917,0.0,230,0.0,'AddedNode',' ',38.76200893,-121.3465315
7055,7056,0.5248726793632346,0.3987100113790644,Sacramento County,0.3351758344816486,1.44845269,230,0.21371888975935263,'AddedNode',' ',38.69335128,-121.3471227
7056,7057,1.3274641997125352,0.39873733355695895,Sacramento County,0.33519880288854664,2.2511075,230,0.137534137553353,'AddedNode',' ',38.68540965,-121.2661417
7057,7058,-1.1872439676822155,0.5125338903100964,Placer County,0.4308619535050699,0.0,230,0.0,'AddedNode',' ',38.71704616,-121.2138739
7058,7059,-1.1871991423417456,0.5125145391853395,Sacramento County,0.4308456859692583,0.0,230,0.0,'AddedNode',' ',38.68706306,-121.264062
7059,7060,-1.1872439676822155,0.5125338903100964,Sacramento County,0.4308619535050699,0.0,230,0.0,'AddedNode',' ',38.71504215,-121.2166008
7060,7061,-2.203958387793352,0.5820014763507227,El Dorado County,0.26337658118178153,0.0,230,0.0,'AddedNode',' ',38.79374328,-120.6218252
7061,7062,-2.176872321567604,0.5822362076002568,El Dorado County,0.26878970909331523,0.0,230,0.0,'AddedNode',' ',38.75896619,-120.7885868
7062,7063,2.313071069389657,0.4529496087191219,El Dorado County,0.20910446992525725,4.00656497,230,0.08838422615390212,'AddedNode',' ',38.76540229,-120.7869918
7063,7064,1.2217352730114739,0.4529625851310866,El Dorado County,0.20911046049395005,2.91527769,230,0.12147639859395619,'AddedNode',' ',38.76508451,-120.7872175
7064,7065,-2.176872321567604,0.5822362076002567,El Dorado County,0.26878970909331523,0.0,230,0.0,'AddedNode',' ',38.70546646,-121.0163122
7065,7066,-1.1872221785916328,0.5125244839474055,Sacramento County,0.43085404604005917,0.0,230,0.0,'AddedNode',' ',38.72983677,-121.4730234
7066,7067,-1.1872221785916328,0.5125244839474055,Placer County,0.43085404604005917,0.0,230,0.0,'AddedNode',' ',38.76514497,-121.3465337
7067,7068,1.5250532648102235,0.3828255904733363,Placer County,0.33564312068890745,2.41136429,66,0.12336758889121703,'AddedNode',' ',38.75282831,-121.2508894
7068,7069,8.826331547830822,0.39604762831177004,Placer County,0.2663381625116752,10.0814816,66,0.03315924899085984,'AddedNode',' ',38.75270562,-121.2506758
7069,7070,-1.6134047554071338,0.5090906268789289,Sacramento County,0.34235847514812934,0.0,66,0.0,'AddedNode',' ',38.70036833,-121.2248936
7070,7071,-1.1393031376810687,0.49210083595371157,Placer County,0.4314504160207856,0.0,66,0.0,'AddedNode',' ',38.74589033,-121.2685545
7071,7072,2.7754176751247814,0.3828353087946932,Placer County,0.33565164124706565,3.6617512,66,0.08124508904828485,'AddedNode',' ',38.74520067,-121.2680454
7072,7073,-1.1393031376810687,0.49210083595371157,Placer County,0.4314504160207856,0.0,66,0.0,'AddedNode',' ',38.74509234,-121.2683755
7073,7074,0.6315408068805778,0.38282565004948577,Placer County,0.3356431729224185,1.51785197,66,0.1959903184669333,'AddedNode',' ',38.74510177,-121.2680664
7074,7075,3.4333689845379425,0.38283093790207356,Placer County,0.3356478090580074,4.31969239,115,0.06886891063096547,'AddedNode',' ',38.76566272,-121.307272
7075,7076,-1.1393079808520556,0.4921029278714923,Placer County,0.4314522501139853,0.0,115,0.0,'AddedNode',' ',38.76815584,-121.3005747
7076,7077,-1.5217881766448826,0.5507077480416414,Sacramento County,0.3835140525420456,0.0,230,0.0,'AddedNode',' ',38.51050546,-121.3552886
7077,7078,-1.5217851900409851,0.5507066672434515,Sacramento County,0.38351329987187666,0.0,230,0.0,'AddedNode',' ',38.584524,-121.4247976
7078,7079,-1.3108289912136533,0.5266350340359159,Sacramento County,0.4133697774057088,0.0,230,0.0,'AddedNode',' ',38.58561715,-121.4283429
7079,7080,-1.5652755530598341,0.5556700282713297,Sacramento County,0.3773594030991333,0.0,230,0.0,'AddedNode',' ',38.58569115,-121.4241659
7080,7081,-1.1872221785916328,0.5125244839474055,Placer County,0.43085404604005917,0.0,230,0.0,'AddedNode',' ',38.76680031,-121.2650418
7081,7082,-1.0440232478727045,0.45937022906399,Sacramento County,0.43999883192570627,0.0,230,0.0,'AddedNode',' ',38.50495185,-121.4734877
7082,7083,-1.0440262225521582,0.4593715379229496,Sacramento County,0.44000008559078285,0.0,230,0.0,'AddedNode',' ',38.50505149,-121.4735181
7083,7084,0.17251412080029405,0.3987341212351777,Sacramento County,0.3351961024481189,1.09614998,230,0.2824423169583609,'AddedNode',' ',38.68521441,-121.2667884
7084,7085,1.3847584269498645,0.3987149510753684,Sacramento County,0.33517998704061014,2.30834988,230,0.13410851359507198,'AddedNode',' ',38.68524126,-121.2664495
7085,7086,-1.5652755530598341,0.5556700282713297,Sacramento County,0.3773594030991333,0.0,230,0.0,'AddedNode',' ',38.58533997,-121.4230596
7086,7087,-2.203958387793352,0.5820014763507227,Sacramento County,0.26337658118178153,0.0,230,0.0,'AddedNode',' ',38.65924424,-121.1337328
7087,7088,-2.2039583877933517,0.5820014763507227,El Dorado County,0.2633765811817815,0.0,230,0.0,'AddedNode',' ',38.79926498,-120.6226411
7088,7089,-2.2039583877933517,0.5820014763507227,Sacramento County,0.26337658118178153,0.0,230,0.0,'AddedNode',' ',38.50835509,-121.3491452
7089,7090,-2.203887831773638,0.5819828445526514,El Dorado County,0.26336814962365546,0.0,230,0.0,'AddedNode',' ',38.91312077,-120.3796947
7090,7091,-2.2039583877933517,0.5820014763507227,Sacramento County,0.26337658118178153,0.0,230,0.0,'AddedNode',' ',38.65620181,-121.1344168
7091,7092,-2.2039583877933517,0.5820014763507227,Sacramento County,0.26337658118178153,0.0,230,0.0,'AddedNode',' ',38.65556001,-121.1345903
7092,7093,-2.2039583877933517,0.5820014763507227,Sacramento County,0.26337658118178153,0.0,230,0.0,'AddedNode',' ',38.68372104,-121.1393997
7093,7094,2.7791745875438623,0.3724830150146399,Sacramento County,0.25939796761410827,3.80846871,115,0.07010607773702025,'AddedNode',' ',38.56328129,-121.4644124
7094,7095,0.6591700266366366,0.3573774130798799,Sacramento County,0.34230699850136254,1.47139142,115,0.1889565641757021,'AddedNode',' ',38.56334661,-121.4647443
7095,7096,-1.1872221785916328,0.5125244839474055,Placer County,0.43085404604005917,0.0,230,0.0,'AddedNode',' ',38.76131706,-121.2588789
7096,7097,-1.1872221785916326,0.5125244839474054,Placer County,0.43085404604005917,0.0,230,0.0,'AddedNode',' ',38.75726433,-121.2559575
7097,7098,0.4248020568875712,0.39870269080624615,Placer County,0.3351696804372726,1.34836511,230,0.22957456484124286,'AddedNode',' ',38.71636304,-121.2093373
7098,7099,-1.1872221785916328,0.5125244839474055,Sacramento County,0.4308540460400593,0.0,230,0.0,'AddedNode',' ',38.73068917,-121.4718256
7099,7100,-1.1872221785916328,0.5125244839474055,Sacramento County,0.43085404604005917,0.0,230,0.0,'AddedNode',' ',38.7324414,-121.4712637
7100,7101,-1.1872221785916328,0.5125244839474055,Placer County,0.43085404604005917,0.0,230,0.0,'AddedNode',' ',38.73423895,-121.4694262
7101,7102,-2.2039583877933517,0.5820014763507227,Sacramento County,0.26337658118178153,0.0,230,0.0,'AddedNode',' ',38.50814476,-121.3518438
7102,7103,-2.203958387793352,0.5820014763507227,Sacramento County,0.2633765811817816,0.0,230,0.0,'AddedNode',' ',38.55355848,-121.2086817
7103,7104,-2.1768917974009585,0.5822414166955445,Sacramento County,0.26879211387541013,0.0,230,0.0,'AddedNode',' ',38.68419969,-121.1331798
7104,7105,-0.2830190309720524,0.428653754129713,Sacramento County,0.29806338919634556,0.902893867,230,0.3914936523333477,'AddedNode',' ',38.68454041,-121.2669162
7105,7106,2.551821198127703,0.3987180113238927,Sacramento County,0.3351825596405538,3.47541974,230,0.08907531938718852,'AddedNode',' ',38.58423111,-121.4971329
7106,7107,-0.9918936618214187,0.45276670837668753,El Dorado County,0.2048932048641745,0.722670691,230,0.48611710640891304,'AddedNode',' ',38.76500139,-120.7865816
7107,7108,-1.1872297699381218,0.5125277611359653,Sacramento County,0.43085680101078727,0.0,66,0.0,'AddedNode',' ',38.7142536,-121.4200392
7108,7109,-1.1872186108656175,0.5125229437580727,Placer County,0.43085275127887923,0.0,66,0.0,'AddedNode',' ',38.7288783,-121.383139
7109,7110,-1.1872221785916328,0.5125244839474055,Sacramento County,0.43085404604005917,0.0,66,0.0,'AddedNode',' ',38.71076114,-121.340276
7110,7111,-1.1872186108656175,0.5125229437580727,Placer County,0.43085275127887923,0.0,66,0.0,'AddedNode',' ',38.72865517,-121.3643435
7111,7112,-1.1872099544238974,0.5125192067673011,Sacramento County,0.4308496097751181,0.0,66,0.0,'AddedNode',' ',38.70574353,-121.3634641
7112,7113,-1.1872227705467213,0.512524739494751,Sacramento County,0.4308542608661041,0.0,66,0.0,'AddedNode',' ',38.71460435,-121.466678
7113,7114,-1.1872066586289818,0.5125177839707776,Sacramento County,0.43084841370028065,0.0,66,0.0,'AddedNode',' ',38.71432748,-121.5762376
7114,7115,-1.1872066586289818,0.5125177839707776,Sacramento County,0.43084841370028065,0.0,66,0.0,'AddedNode',' ',38.68960266,-121.5765805
7115,7116,-1.1872066586289818,0.5125177839707776,Sacramento County,0.43084841370028065,0.0,66,0.0,'AddedNode',' ',38.64270099,-121.5393867
7116,7117,-1.187206658628982,0.5125177839707777,Sacramento County,0.4308484137002807,0.0,66,0.0,'AddedNode',' ',38.61280137,-121.5233128
7117,7118,-1.187206658628982,0.5125177839707777,Sacramento County,0.4308484137002807,0.0,66,0.0,'AddedNode',' ',38.61280938,-121.5212958
7118,7119,-1.1387861497664002,0.4916146229915034,Sacramento County,0.4132761576129575,0.0,66,0.0,'AddedNode',' ',38.62012863,-121.4980088
7119,7120,-1.1388210112783628,0.4916296727258755,Sacramento County,0.41328880918210015,0.0,66,0.0,'AddedNode',' ',38.62750047,-121.4753976
7120,7121,-1.1872221785916328,0.5125244839474055,Sacramento County,0.43085404604005917,0.0,230,0.0,'AddedNode',' ',38.65041157,-121.4855645
7121,7122,-1.1388210112783628,0.4916296727258755,Sacramento County,0.41328880918210015,0.0,66,0.0,'AddedNode',' ',38.64159602,-121.4754193
7122,7123,-1.1388259075379237,0.4916317864438888,Sacramento County,0.41329058608054453,0.0,66,0.0,'AddedNode',' ',38.62299108,-121.4745353
7123,7124,-1.1388259075379237,0.4916317864438888,Sacramento County,0.41329058608054453,0.0,66,0.0,'AddedNode',' ',38.61692828,-121.4666874
7124,7125,-1.216055800286036,0.494997366367828,Sacramento County,0.4048178621507268,0.0,66,0.0,'AddedNode',' ',38.60630644,-121.4472779
7125,7126,-1.1388360269268247,0.4916361549897835,Sacramento County,0.413294258501537,0.0,66,0.0,'AddedNode',' ',38.60824632,-121.4561229
7126,7127,-1.1388360269268247,0.4916361549897835,Sacramento County,0.413294258501537,0.0,66,0.0,'AddedNode',' ',38.6061355,-121.4598202
7127,7128,-1.3406646974338274,0.5004213248266336,Sacramento County,0.3911395728329292,0.0,66,0.0,'AddedNode',' ',38.60628662,-121.4437268
7128,7129,-1.217613996605171,0.4950606192390896,Sacramento County,0.40464125187382627,0.0,66,0.0,'AddedNode',' ',38.61429218,-121.445718
7129,7130,-1.3406646974338274,0.5004213248266336,Sacramento County,0.3911395728329292,0.0,66,0.0,'AddedNode',' ',38.60904283,-121.443783
7130,7131,-1.3406646974338274,0.5004213248266336,Sacramento County,0.3911395728329292,0.0,66,0.0,'AddedNode',' ',38.60256761,-121.4333118
7131,7132,-1.3406646974338274,0.5004213248266336,Sacramento County,0.3911395728329292,0.0,66,0.0,'AddedNode',' ',38.59559123,-121.4207085
7132,7133,-1.1872152302306178,0.5125214843360373,Sacramento County,0.43085152441478075,0.0,66,0.0,'AddedNode',' ',38.66019581,-121.4478283
7133,7134,-1.1872189672705888,0.5125230976183,Sacramento County,0.43085288062158084,0.0,66,0.0,'AddedNode',' ',38.69728061,-121.3643256
7134,7135,-1.187218967270589,0.5125230976183001,Sacramento County,0.43085288062158095,0.0,66,0.0,'AddedNode',' ',38.69751559,-121.3840949
7135,7136,0.4316881878253731,0.3987168199608522,Sacramento County,0.3351815581204268,1.35528397,66,0.22841875222854274,'AddedNode',' ',38.68818633,-121.4713694
7136,7137,-1.2176265899630838,0.4950657394788244,Sacramento County,0.40464543693750465,0.0,66,0.0,'AddedNode',' ',38.62448228,-121.447355
7137,7138,2.654177183055467,0.3851437598251337,Sacramento County,0.31479993978630116,3.60144791,66,0.08280024458370265,'AddedNode',' ',38.63858527,-121.4565466
7138,7139,-1.1872152302306178,0.5125214843360373,Sacramento County,0.43085152441478075,0.0,66,0.0,'AddedNode',' ',38.64706326,-121.4113227
7139,7140,-1.17634218393323,0.5078275841183747,Sacramento County,0.42690559409568263,0.0,66,0.0,'AddedNode',' ',38.61300124,-121.4980231
7140,7141,-1.179382856365569,0.5091402441219862,Sacramento County,0.42800908259495407,0.0,66,0.0,'AddedNode',' ',38.65174315,-121.3908453
7141,7142,6.663607451535113,0.39608426083376075,Sacramento County,0.33296849555098385,7.58110512,66,0.040297267153616353,'AddedNode',' ',38.65274617,-121.3931185
7142,7143,-1.1872152302306178,0.5125214843360373,Sacramento County,0.43085152441478075,0.0,66,0.0,'AddedNode',' ',38.63855063,-121.4058415
7143,7144,-1.1443676362160458,0.4940241538390972,Sacramento County,0.41530173131189246,0.0,66,0.0,'AddedNode',' ',38.631073,-121.4132063
7144,7145,-1.138854684486432,0.4916442094687864,Sacramento County,0.4133010295046323,0.0,66,0.0,'AddedNode',' ',38.62204838,-121.426337
7145,7146,-1.1388259075379237,0.4916317864438888,Sacramento County,0.41329058608054453,0.0,66,0.0,'AddedNode',' ',38.61472705,-121.4231957
7146,7147,-1.138825907537924,0.4916317864438888,Sacramento County,0.4132905860805446,0.0,66,0.0,'AddedNode',' ',38.61692868,-121.4661109
7147,7148,-1.2176265899630838,0.4950657394788244,Sacramento County,0.40464543693750465,0.0,66,0.0,'AddedNode',' ',38.62018608,-121.4462905
7148,7149,-1.1388105650627118,0.4916251630886884,Sacramento County,0.4132850181526196,0.0,66,0.0,'AddedNode',' ',38.62159946,-121.4235003
7149,7150,-1.2176265899630838,0.4950657394788244,Sacramento County,0.40464543693750465,0.0,66,0.0,'AddedNode',' ',38.63265109,-121.4480208
7150,7151,-1.1872312110568444,0.5125283832677304,Sacramento County,0.4308573240062666,0.0,66,0.0,'AddedNode',' ',38.67827419,-121.3874577
7151,7152,-1.1872169505351686,0.5125222269924818,Sacramento County,0.4308521487294116,0.0,66,0.0,'AddedNode',' ',38.67609285,-121.3874397
7152,7153,-1.1872212431192173,0.5125240801034363,Sacramento County,0.4308537065483597,0.0,66,0.0,'AddedNode',' ',38.6775265,-121.3922709
7153,7154,-1.187225893966851,0.5125260878769822,Sacramento County,0.4308553943845176,0.0,66,0.0,'AddedNode',' ',38.67593669,-121.3872323
7154,7155,-1.1842960329947363,0.5078792544281521,Sacramento County,0.4246056562293843,0.0,66,0.0,'AddedNode',' ',38.69034972,-121.3498121
7155,7156,-1.1842960329947363,0.5078792544281521,Sacramento County,0.4246056562293843,0.0,66,0.0,'AddedNode',' ',38.69274839,-121.3471823
7156,7157,-1.1872258939668514,0.5125260878769824,Sacramento County,0.4308553943845177,0.0,66,0.0,'AddedNode',' ',38.67713364,-121.3641082
7157,7158,-1.1842960329947363,0.5078792544281521,Sacramento County,0.4246056562293843,0.0,66,0.0,'AddedNode',' ',38.67806244,-121.3631214
7158,7159,-1.187225893966851,0.5125260878769822,Sacramento County,0.4308553943845176,0.0,66,0.0,'AddedNode',' ',38.66868124,-121.3830676
7159,7160,-1.1767633716054124,0.495932263347085,Sacramento County,0.4085376032594241,0.0,66,0.0,'AddedNode',' ',38.65811589,-121.3830582
7160,7161,-1.179382856365569,0.5091402441219862,Sacramento County,0.42800908259495407,0.0,66,0.0,'AddedNode',' ',38.65185681,-121.3915415
7161,7162,-1.1767633716054124,0.495932263347085,Sacramento County,0.4085376032594241,0.0,66,0.0,'AddedNode',' ',38.66102288,-121.3799309
7162,7163,-1.1767503709936793,0.49592678440122606,Sacramento County,0.40853308982971825,0.0,66,0.0,'AddedNode',' ',38.65387755,-121.3574281
7163,7164,-1.1767686673798197,0.49593449518523647,Sacramento County,0.4085394417964112,0.0,66,0.0,'AddedNode',' ',38.66787536,-121.3321271
7164,7165,-1.1842960329947365,0.5078792544281521,Sacramento County,0.4246056562293843,0.0,66,0.0,'AddedNode',' ',38.69027113,-121.3481487
7165,7166,-1.1842960329947367,0.5078792544281522,Sacramento County,0.4246056562293843,0.0,66,0.0,'AddedNode',' ',38.67959045,-121.3368326
7166,7167,-1.1443885600739447,0.4940331866803507,Sacramento County,0.41530932477585997,0.0,66,0.0,'AddedNode',' ',38.64510268,-121.3976123
7167,7168,-1.2774684446124787,0.4988493914560267,Sacramento County,0.3828879785421324,0.0,66,0.0,'AddedNode',' ',38.64649737,-121.3872273
7168,7169,-1.3825250235871553,0.502663195479533,Sacramento County,0.3573118121713178,0.0,66,0.0,'AddedNode',' ',38.64363145,-121.3878438
7169,7170,-1.1703544711889868,0.4857675855317514,Sacramento County,0.39486666465646614,0.0,66,0.0,'AddedNode',' ',38.65764034,-121.3830571
7170,7171,-1.3388100420807312,0.5003350417421072,Sacramento County,0.3913363949026791,0.0,66,0.0,'AddedNode',' ',38.6278323,-121.3991264
7171,7172,-1.3388408889746763,0.5003465697270224,Sacramento County,0.3913454115009199,0.0,66,0.0,'AddedNode',' ',38.62807254,-121.3989446
7172,7173,-1.3388585040383827,0.5003531527622237,Sacramento County,0.39135056041324523,0.0,66,0.0,'AddedNode',' ',38.6279116,-121.3993531
7173,7174,-1.3388286880196754,0.5003420100321159,Sacramento County,0.39134184514154535,0.0,66,0.0,'AddedNode',' ',38.62537292,-121.4059746
7174,7175,-1.3406666517281167,0.5004220542935457,Sacramento County,0.3911401429992317,0.0,66,0.0,'AddedNode',' ',38.61293218,-121.3996113
7175,7176,-1.3406688134570244,0.5004228611882496,Sacramento County,0.3911407736846843,0.0,66,0.0,'AddedNode',' ',38.61787722,-121.3808145
7176,7177,-1.3388408889746763,0.5003465697270225,Sacramento County,0.39134541150091995,0.0,66,0.0,'AddedNode',' ',38.6341765,-121.3831089
7177,7178,-1.1872212431192173,0.5125240801034363,Sacramento County,0.43085370654835964,0.0,66,0.0,'AddedNode',' ',38.68312419,-121.3921102
7178,7179,-1.1872212431192173,0.5125240801034363,Sacramento County,0.43085370654835964,0.0,66,0.0,'AddedNode',' ',38.71427219,-121.4015202
7179,7180,-1.3402538170727931,0.5004018156653195,Sacramento County,0.3911826970132724,0.0,66,0.0,'AddedNode',' ',38.63178388,-121.3458552
7180,7181,-1.1388259075379237,0.4916317864438888,Sacramento County,0.41329058608054453,0.0,66,0.0,'AddedNode',' ',38.61285535,-121.4221776
7181,7182,-1.3388485439926243,0.5003494305314713,Sacramento County,0.39134764907535735,0.0,66,0.0,'AddedNode',' ',38.61097371,-121.4151314
7182,7183,-1.3406666517281167,0.5004220542935457,Sacramento County,0.3911401429992317,0.0,66,0.0,'AddedNode',' ',38.6108855,-121.4106245
7183,7184,-1.340682031592124,0.5004277950368776,Sacramento County,0.39114463008198225,0.0,66,0.0,'AddedNode',' ',38.6132844,-121.3806555
7184,7185,-1.3406820315921237,0.5004277950368775,Sacramento County,0.3911446300819822,0.0,66,0.0,'AddedNode',' ',38.60332249,-121.3828133
7185,7186,-1.340666651728117,0.5004220542935458,Sacramento County,0.39114014299923183,0.0,66,0.0,'AddedNode',' ',38.60133639,-121.4100655
7186,7187,-1.340675576891564,0.5004253857321411,Sacramento County,0.39114274691997697,0.0,66,0.0,'AddedNode',' ',38.58155977,-121.4021388
7187,7188,-1.3402538170727931,0.5004018156653195,Sacramento County,0.3911826970132724,0.0,66,0.0,'AddedNode',' ',38.63108723,-121.3621717
7188,7189,-1.3407015354991882,0.5004350751353479,Sacramento County,0.39115032035628605,0.0,66,0.0,'AddedNode',' ',38.61853157,-121.3645893
7189,7190,-1.3406639355458696,0.5004210404415954,Sacramento County,0.39113935055174953,0.0,66,0.0,'AddedNode',' ',38.59452727,-121.3647482
7190,7191,-1.3406639355458696,0.5004210404415954,Sacramento County,0.39113935055174953,0.0,66,0.0,'AddedNode',' ',38.5804048,-121.3658542
7191,7192,-1.3406639355458696,0.5004210404415954,Sacramento County,0.39113935055174953,0.0,66,0.0,'AddedNode',' ',38.58136515,-121.3853147
7192,7193,-1.3406638457016502,0.500421006906019,Sacramento County,0.39113932433965515,0.0,66,0.0,'AddedNode',' ',38.59559916,-121.3753766
7193,7194,-0.951863917279649,0.39966035241740694,Sacramento County,0.4295348757935838,0.0,66,0.0,'AddedNode',' ',38.61369673,-121.336685
7194,7195,-0.9518758527276973,0.3996653637696457,Sacramento County,0.4295402617432997,0.0,66,0.0,'AddedNode',' ',38.62081657,-121.3368844
7195,7196,-1.1864709959163182,0.4605140331750518,Sacramento County,0.40637082573942823,0.0,66,0.0,'AddedNode',' ',38.63184558,-121.3283495
7196,7197,-1.3402538170727931,0.5004018156653195,Sacramento County,0.3911826970132724,0.0,66,0.0,'AddedNode',' ',38.62852802,-121.3621765
7197,7198,-1.3401493207262636,0.5003940529892699,Sacramento County,0.3911902536429942,0.0,66,0.0,'AddedNode',' ',38.62881092,-121.3831188
7198,7199,-1.2620122523018191,0.47922561297974653,Sacramento County,0.39599702822295957,0.0,66,0.0,'AddedNode',' ',38.63901131,-121.3281457
7199,7200,-1.3406638457016506,0.500421006906019,Sacramento County,0.39113932433965526,0.0,66,0.0,'AddedNode',' ',38.59566033,-121.3826727
7200,7201,-1.340675576891564,0.5004253857321412,Sacramento County,0.3911427469199771,0.0,66,0.0,'AddedNode',' ',38.5887638,-121.4106158
7201,7202,-1.340667725791174,0.500422455202184,Sacramento County,0.3911404563576474,0.0,66,0.0,'AddedNode',' ',38.61796839,-121.3881671
7202,7203,-1.3406820315921237,0.5004277950368775,Sacramento County,0.3911446300819822,0.0,66,0.0,'AddedNode',' ',38.60479453,-121.3858668
7203,7204,-0.9518730922253558,0.3996642047139042,Sacramento County,0.4295390160483964,0.0,66,0.0,'AddedNode',' ',38.60639781,-121.3459253
7204,7205,-0.9518730922253558,0.3996642047139042,Sacramento County,0.4295390160483964,0.0,66,0.0,'AddedNode',' ',38.59521309,-121.345789
7205,7206,-0.8459175988482958,0.37220374349325014,Sacramento County,0.43999831628958286,0.0,66,0.0,'AddedNode',' ',38.59155,-121.3412
7206,7207,-0.8459214195280405,0.3722054245923378,Sacramento County,0.44000030359030456,0.0,66,0.0,'AddedNode',' ',38.53089789,-121.3906193
7207,7208,-0.8459175988482958,0.37220374349325014,Sacramento County,0.43999831628958286,0.0,66,0.0,'AddedNode',' ',38.57697619,-121.3272116
7208,7209,-0.8459214195280405,0.3722054245923378,Sacramento County,0.44000030359030456,0.0,66,0.0,'AddedNode',' ',38.56986327,-121.3414543
7209,7210,-1.0871847549233289,0.43713809780405466,Sacramento County,0.42047843639371296,0.0,66,0.0,'AddedNode',' ',38.55479735,-121.3452998
7210,7211,-1.0871847549233289,0.43713809780405466,Sacramento County,0.42047843639371296,0.0,66,0.0,'AddedNode',' ',38.53508459,-121.3441517
7211,7212,-0.8459134225397675,0.37220190591749774,Sacramento County,0.4399961440109551,0.0,66,0.0,'AddedNode',' ',38.57082547,-121.4327052
7212,7213,-0.8459214195280402,0.37220542459233774,Sacramento County,0.4400003035903045,0.0,66,0.0,'AddedNode',' ',38.55381908,-121.3734685
7213,7214,-0.8459214195280402,0.37220542459233774,Sacramento County,0.4400003035903044,0.0,66,0.0,'AddedNode',' ',38.54737652,-121.3916303
7214,7215,-0.8459214195280402,0.37220542459233774,Sacramento County,0.4400003035903045,0.0,66,0.0,'AddedNode',' ',38.54749438,-121.3908858
7215,7216,-1.0871847549233289,0.43713809780405466,Sacramento County,0.42047843639371296,0.0,66,0.0,'AddedNode',' ',38.54559518,-121.3439792
7216,7217,-1.001627877189322,0.41129450849926896,Sacramento County,0.41749124357363193,0.0,66,0.0,'AddedNode',' ',38.55481777,-121.3442478
7217,7218,-1.001626884850091,0.41129410101892033,Sacramento County,0.41749082995401426,0.0,66,0.0,'AddedNode',' ',38.57365238,-121.2983595
7218,7219,-0.8459246830513196,0.3722068605425807,Sacramento County,0.44000200108986004,0.0,66,0.0,'AddedNode',' ',38.58667629,-121.307632
7219,7220,-1.001626884850091,0.41129410101892033,Sacramento County,0.41749082995401426,0.0,66,0.0,'AddedNode',' ',38.57383969,-121.2983579
7220,7221,-1.001626884850091,0.41129410101892033,Sacramento County,0.41749082995401426,0.0,66,0.0,'AddedNode',' ',38.57810533,-121.2893861
7221,7222,-0.8459274546248857,0.3722080800349497,Sacramento County,0.4400034427051004,0.0,66,0.0,'AddedNode',' ',38.55431588,-121.4171345
7222,7223,-0.8459274546248857,0.3722080800349497,Sacramento County,0.4400034427051004,0.0,66,0.0,'AddedNode',' ',38.57205067,-121.4083999
7223,7224,-1.0016373911319243,0.41129841517203236,Sacramento County,0.4174952091059608,0.0,66,0.0,'AddedNode',' ',38.55872161,-121.3229943
7224,7225,-0.8459134225397675,0.37220190591749774,Sacramento County,0.4399961440109551,0.0,66,0.0,'AddedNode',' ',38.57092425,-121.432728
7225,7226,-0.8459134225397675,0.37220190591749774,Sacramento County,0.4399961440109551,0.0,66,0.0,'AddedNode',' ',38.58326574,-121.4527612
7226,7227,-0.8459134225397675,0.37220190591749774,Sacramento County,0.4399961440109551,0.0,66,0.0,'AddedNode',' ',38.58271861,-121.4610063
7227,7228,-0.9533914615748287,0.41949224309292465,Sacramento County,0.4399949123790948,0.0,66,0.0,'AddedNode',' ',38.56800315,-121.4837616
7228,7229,-0.8459468816578175,0.3722166279294397,Sacramento County,0.4400135475448532,0.0,66,0.0,'AddedNode',' ',38.56403329,-121.4689336
7229,7230,-0.8459468816578175,0.3722166279294397,Sacramento County,0.4400135475448532,0.0,66,0.0,'AddedNode',' ',38.56632232,-121.4681444
7230,7231,-0.8459134225397675,0.37220190591749774,Sacramento County,0.4399961440109551,0.0,66,0.0,'AddedNode',' ',38.58345763,-121.4637576
7231,7232,-0.8459158482658771,0.3722029732369859,Sacramento County,0.4399974057359807,0.0,66,0.0,'AddedNode',' ',38.56437823,-121.4702622
7232,7233,-1.044025150113827,0.4593710660500838,Sacramento County,0.43999963361654376,0.0,115,0.0,'AddedNode',' ',38.56788824,-121.4844381
7233,7234,-1.044025150113827,0.4593710660500838,Sacramento County,0.43999963361654376,0.0,115,0.0,'AddedNode',' ',38.51098828,-121.4752604
7234,7235,-0.8459134225397675,0.37220190591749774,Sacramento County,0.4399961440109551,0.0,66,0.0,'AddedNode',' ',38.55416888,-121.4239673
7235,7236,-0.8459214195280405,0.3722054245923378,Sacramento County,0.44000030359030456,0.0,66,0.0,'AddedNode',' ',38.55346186,-121.4234708
7236,7237,-0.845912776652745,0.37220162172720783,Sacramento County,0.43999580805718996,0.0,66,0.0,'AddedNode',' ',38.53859205,-121.4455185
7237,7238,-0.9654466317889699,0.4247965179871468,Sacramento County,0.4377742621429518,0.0,66,0.0,'AddedNode',' ',38.52502146,-121.45637
7238,7239,-0.96544663178897,0.4247965179871468,Sacramento County,0.43777426214295184,0.0,66,0.0,'AddedNode',' ',38.52494745,-121.4766591
7239,7240,-0.96544663178897,0.4247965179871468,Sacramento County,0.43777426214295184,0.0,66,0.0,'AddedNode',' ',38.52324718,-121.5133535
7240,7241,-0.9654567264849809,0.4248009596533916,Sacramento County,0.43777883950430174,0.0,66,0.0,'AddedNode',' ',38.51716123,-121.5160054
7241,7242,-0.9654442635112055,0.4247954759449304,Sacramento County,0.4377731882658292,0.0,66,0.0,'AddedNode',' ',38.50315163,-121.5173045
7242,7243,-1.0368520039733706,0.4503985119835149,Sacramento County,0.42502601382364275,0.0,66,0.0,'AddedNode',' ',38.48139811,-121.5061087
7243,7244,-1.0368520039733706,0.4503985119835149,Sacramento County,0.42502601382364275,0.0,66,0.0,'AddedNode',' ',38.4917305,-121.4568312
7244,7245,-0.8459214195280402,0.37220542459233774,Sacramento County,0.4400003035903045,0.0,66,0.0,'AddedNode',' ',38.53203264,-121.4295642
7245,7246,-0.8459214195280402,0.37220542459233774,Sacramento County,0.4400003035903045,0.0,66,0.0,'AddedNode',' ',38.5321437,-121.3999537
7246,7247,-0.8459214195280402,0.37220542459233774,Sacramento County,0.4400003035903045,0.0,66,0.0,'AddedNode',' ',38.53203261,-121.4223154
7247,7248,-0.8459214195280402,0.37220542459233774,Sacramento County,0.4400003035903045,0.0,66,0.0,'AddedNode',' ',38.55315937,-121.423645
7248,7249,-1.0252930979570833,0.45112896310111666,Sacramento County,0.43666236033578393,0.0,66,0.0,'AddedNode',' ',38.50870779,-121.4098102
7249,7250,-0.8459246579634151,0.37220684950390265,Sacramento County,0.44000198804055624,0.0,66,0.0,'AddedNode',' ',38.50873265,-121.4008157
7250,7251,-0.8459246579634151,0.37220684950390265,Sacramento County,0.44000198804055624,0.0,66,0.0,'AddedNode',' ',38.5104277,-121.3984563
7251,7252,-0.8985912445182199,0.39538014758801676,Sacramento County,0.4390213986370892,0.0,66,0.0,'AddedNode',' ',38.5086207,-121.4007667
7252,7253,-0.8459214195280405,0.3722054245923378,Sacramento County,0.44000030359030456,0.0,66,0.0,'AddedNode',' ',38.52032617,-121.3808735
7253,7254,-0.8459214195280405,0.3722054245923378,Sacramento County,0.44000030359030456,0.0,66,0.0,'AddedNode',' ',38.51784149,-121.3786263
7254,7255,-0.8459246579634151,0.37220684950390265,Sacramento County,0.44000198804055624,0.0,66,0.0,'AddedNode',' ',38.51063652,-121.3719481
7255,7256,-1.087184754923329,0.4371380978040547,Sacramento County,0.42047843639371296,0.0,66,0.0,'AddedNode',' ',38.51091028,-121.3423361
7256,7257,-1.152629115215895,0.45414651245059073,Sacramento County,0.41496227323763407,0.0,66,0.0,'AddedNode',' ',38.50640083,-121.243868
7257,7258,-1.3977607093292606,0.5178540615351523,Sacramento County,0.3943006629507554,0.0,66,0.0,'AddedNode',' ',38.49313789,-121.1608993
7258,7259,-1.433512945393057,0.5271457537878603,Sacramento County,0.39128718453273864,0.0,66,0.0,'AddedNode',' ',38.44292628,-121.1886943
7259,7260,-1.433512945393057,0.5271457537878603,Sacramento County,0.3912871845327386,0.0,66,0.0,'AddedNode',' ',38.35416605,-121.2421571
7260,7261,-1.433605340684414,0.5271797303108242,Sacramento County,0.39131240446084264,0.0,66,0.0,'AddedNode',' ',38.33486621,-121.1687006
7261,7262,-1.4335129453930575,0.5271457537878605,Sacramento County,0.39128718453273864,0.0,66,0.0,'AddedNode',' ',38.26505669,-121.3115519
7262,7263,-1.4335129453930575,0.5271457537878605,Sacramento County,0.39128718453273864,0.0,66,0.0,'AddedNode',' ',38.2712971,-121.313817
7263,7264,-1.4335129453930575,0.5271457537878605,Sacramento County,0.3912871845327387,0.0,66,0.0,'AddedNode',' ',38.2910989,-121.3145242
7264,7265,-1.4335129453930575,0.5271457537878605,Sacramento County,0.3912871845327387,0.0,66,0.0,'AddedNode',' ',38.29137516,-121.2643153
7265,7266,-1.4335129453930575,0.5271457537878607,Sacramento County,0.3912871845327387,0.0,66,0.0,'AddedNode',' ',38.29120621,-121.2829216
7266,7267,-1.4334207046784713,0.5271118341074158,Sacramento County,0.39126200679742357,0.0,66,0.0,'AddedNode',' ',38.27547474,-121.2825603
7267,7268,-1.4335129453930575,0.5271457537878605,Sacramento County,0.39128718453273864,0.0,66,0.0,'AddedNode',' ',38.2547243,-121.3018456
7268,7269,-1.4335129453930575,0.5271457537878605,Sacramento County,0.39128718453273864,0.0,66,0.0,'AddedNode',' ',38.26210872,-121.3105053
7269,7270,-1.4335129453930575,0.5271457537878605,Sacramento County,0.3912871845327387,0.0,66,0.0,'AddedNode',' ',38.291079,-121.3211696
7270,7271,-1.4335129453930573,0.5271457537878603,Sacramento County,0.39128718453273864,0.0,66,0.0,'AddedNode',' ',38.27723267,-121.5154487
7271,7272,-1.3683725482623643,0.5145355986682113,Sacramento County,0.3968143174396968,0.0,66,0.0,'AddedNode',' ',38.29952664,-121.5173106
7272,7273,-1.2284515087486492,0.48746980382775684,Sacramento County,0.408729115619604,0.0,66,0.0,'AddedNode',' ',38.32095638,-121.4444781
7273,7274,-1.4335129453930573,0.5271457537878603,Sacramento County,0.39128718453273864,0.0,66,0.0,'AddedNode',' ',38.29018299,-121.4408751
7274,7275,-1.2284988333310038,0.4874885830019548,Sacramento County,0.4087448614057053,0.0,66,0.0,'AddedNode',' ',38.32055595,-121.5028741
7275,7276,-1.2147577126383857,0.4848202838686397,Sacramento County,0.40989387020233414,0.0,66,0.0,'AddedNode',' ',38.32377812,-121.444827
7276,7277,-1.2147577126383857,0.4848202838686397,Sacramento County,0.40989387020233414,0.0,66,0.0,'AddedNode',' ',38.37924459,-121.4546472
7277,7278,-1.4335129453930573,0.5271457537878604,Sacramento County,0.3912871845327386,0.0,66,0.0,'AddedNode',' ',38.37926599,-121.45338
7278,7279,-1.0368520039733709,0.450398511983515,Sacramento County,0.4250260138236428,0.0,66,0.0,'AddedNode',' ',38.46294199,-121.4464471
7279,7280,-1.0440262225521582,0.4593715379229496,Sacramento County,0.44000008559078285,0.0,66,0.0,'AddedNode',' ',38.43018709,-121.4577157
7280,7281,1.046347649278514,0.35735823231745384,Sacramento County,0.3422886265814406,1.85852545,66,0.1495805311403685,'AddedNode',' ',38.44493907,-121.4616514
7281,7282,-1.0440262225521582,0.4593715379229496,Sacramento County,0.44000008559078285,0.0,66,0.0,'AddedNode',' ',38.44495109,-121.4592888
7282,7283,-1.0440262225521582,0.4593715379229496,Sacramento County,0.44000008559078285,0.0,66,0.0,'AddedNode',' ',38.44361993,-121.457997
7283,7284,-1.0440262225521582,0.4593715379229496,Sacramento County,0.44000008559078285,0.0,66,0.0,'AddedNode',' ',38.44856824,-121.4599488
7284,7285,-1.0440262225521582,0.4593715379229496,Sacramento County,0.44000008559078285,0.0,66,0.0,'AddedNode',' ',38.44884795,-121.4596893
7285,7286,-1.0440262225521582,0.4593715379229496,Sacramento County,0.44000008559078285,0.0,66,0.0,'AddedNode',' ',38.48955998,-121.4705322
7286,7287,-1.0440262225521582,0.4593715379229496,Sacramento County,0.44000008559078285,0.0,66,0.0,'AddedNode',' ',38.50492367,-121.4735052
7287,7288,-1.0368520039733706,0.4503985119835149,Sacramento County,0.42502601382364275,0.0,66,0.0,'AddedNode',' ',38.50504227,-121.4639382
7288,7289,-1.4335129453930575,0.5271457537878605,Sacramento County,0.3912871845327387,0.0,66,0.0,'AddedNode',' ',38.37066413,-121.3569918
7289,7290,-1.4335129453930573,0.5271457537878605,Sacramento County,0.3912871845327387,0.0,66,0.0,'AddedNode',' ',38.37219245,-121.4176762
7290,7291,-1.433512945393057,0.5271457537878603,Sacramento County,0.3912871845327386,0.0,66,0.0,'AddedNode',' ',38.39935759,-121.3347939
7291,7292,-1.4335129453930573,0.5271457537878605,Sacramento County,0.3912871845327387,0.0,66,0.0,'AddedNode',' ',38.3729363,-121.359262
7292,7293,-1.4335129453930573,0.5271457537878604,Sacramento County,0.3912871845327387,0.0,66,0.0,'AddedNode',' ',38.373641,-121.3584975
7293,7294,-1.4335129453930573,0.5271457537878604,Sacramento County,0.39128718453273864,0.0,66,0.0,'AddedNode',' ',38.37414904,-121.3527374
7294,7295,-1.4335129453930573,0.5271457537878604,Sacramento County,0.3912871845327387,0.0,66,0.0,'AddedNode',' ',38.37323062,-121.3540058
7295,7296,-1.4335129453930573,0.5271457537878604,Sacramento County,0.39128718453273864,0.0,66,0.0,'AddedNode',' ',38.38349367,-121.3516245
7296,7297,-1.4335129453930573,0.5271457537878604,Sacramento County,0.39128718453273864,0.0,66,0.0,'AddedNode',' ',38.38239767,-121.3528081
7297,7298,-1.4335129453930573,0.5271457537878604,Sacramento County,0.3912871845327387,0.0,66,0.0,'AddedNode',' ',38.39015265,-121.3528654
7298,7299,-1.433512945393057,0.5271457537878604,Sacramento County,0.39128718453273864,0.0,66,0.0,'AddedNode',' ',38.43379364,-121.2973018
7299,7300,-1.152629115215895,0.45414651245059073,Sacramento County,0.41496227323763407,0.0,66,0.0,'AddedNode',' ',38.51090815,-121.2976588
7300,7301,-1.087184754923329,0.4371380978040547,Sacramento County,0.42047843639371296,0.0,66,0.0,'AddedNode',' ',38.49616946,-121.3526538
7301,7302,-1.2077581311977783,0.48139273004709476,Sacramento County,0.4117952262808188,0.0,66,0.0,'AddedNode',' ',38.4942054,-121.430894
7302,7303,-1.0125846342157931,0.441697517687328,Sacramento County,0.42935804272626266,0.0,66,0.0,'AddedNode',' ',38.49595997,-121.4309639
7303,7304,-1.4335129453930573,0.5271457537878605,Sacramento County,0.3912871845327387,0.0,66,0.0,'AddedNode',' ',38.41938757,-121.3940204
7304,7305,-1.2888803691761754,0.4895603651064456,Sacramento County,0.4034890418291844,0.0,66,0.0,'AddedNode',' ',38.46059186,-121.3837842
7305,7306,-1.2500666115512171,0.4952216045357172,Sacramento County,0.4142249145101882,0.0,66,0.0,'AddedNode',' ',38.4091686,-121.4174653
7306,7307,-1.2500666115512176,0.4952216045357173,Sacramento County,0.4142249145101883,0.0,66,0.0,'AddedNode',' ',38.41923995,-121.4176372
7307,7308,-1.4279970166900964,0.5261858472719343,Sacramento County,0.3919768842422595,0.0,66,0.0,'AddedNode',' ',38.43828511,-121.4038327
7308,7309,-1.2500666115512178,0.4952216045357174,Sacramento County,0.4142249145101884,0.0,66,0.0,'AddedNode',' ',38.43819293,-121.4180155
7309,7310,-1.087184754923329,0.4371380978040547,Sacramento County,0.42047843639371296,0.0,66,0.0,'AddedNode',' ',38.47812958,-121.3721013
7310,7311,-1.087184754923329,0.4371380978040548,Sacramento County,0.420478436393713,0.0,66,0.0,'AddedNode',' ',38.4689301,-121.3869308
7311,7312,-1.087184754923329,0.4371380978040548,Sacramento County,0.420478436393713,0.0,66,0.0,'AddedNode',' ',38.47444995,-121.3890003
7312,7313,-1.0427233427871418,0.44885167850056173,Sacramento County,0.42449553680084867,0.0,66,0.0,'AddedNode',' ',38.47528656,-121.4086312
7313,7314,-1.0368520039733709,0.450398511983515,Sacramento County,0.4250260138236428,0.0,66,0.0,'AddedNode',' ',38.47404346,-121.4500472
7314,7315,-1.0368520039733709,0.450398511983515,Sacramento County,0.4250260138236428,0.0,66,0.0,'AddedNode',' ',38.47414467,-121.4427903
7315,7316,-1.0125846342157931,0.441697517687328,Sacramento County,0.42935804272626266,0.0,66,0.0,'AddedNode',' ',38.49582743,-121.513921
7316,7317,-1.0293419382178266,0.44100543117738894,Sacramento County,0.409350959827941,0.0,66,0.0,'AddedNode',' ',38.50643678,-121.4647019
7317,7318,-1.0125846342157931,0.441697517687328,Sacramento County,0.42935804272626266,0.0,66,0.0,'AddedNode',' ',38.49589453,-121.4269143
7318,7319,-1.0356490052934573,0.4556855623291212,Sacramento County,0.4364695456184913,0.0,66,0.0,'AddedNode',' ',38.50857684,-121.4098199
7319,7320,-1.0356490052934573,0.4556855623291212,Sacramento County,0.4364695456184913,0.0,66,0.0,'AddedNode',' ',38.50848096,-121.4376606
7320,7321,-1.0356490052934573,0.4556855623291212,Sacramento County,0.4364695456184913,0.0,66,0.0,'AddedNode',' ',38.50859513,-121.4376655
7321,7322,-1.035649005293457,0.4556855623291211,Sacramento County,0.4364695456184912,0.0,66,0.0,'AddedNode',' ',38.50849673,-121.455416
7322,7323,-0.9654466317889702,0.4247965179871469,Sacramento County,0.4377742621429519,0.0,66,0.0,'AddedNode',' ',38.52502007,-121.4554391
7323,7324,3.3895920860621787,0.3533066299191558,Sacramento County,0.3228229619337458,4.28628841,66,0.06753492428865959,'AddedNode',' ',38.54595344,-121.2406043
7324,7325,-1.845674378758903,0.5260575534231681,Sacramento County,0.29656741902208134,0.0,66,0.0,'AddedNode',' ',38.60317185,-121.178714
7325,7326,-2.1258677556035215,0.5613800056934896,Sacramento County,0.25404462471545547,0.0,66,0.0,'AddedNode',' ',38.65551239,-121.1687871
7326,7327,-2.2039583877933517,0.5820014763507227,Sacramento County,0.26337658118178153,0.0,66,0.0,'AddedNode',' ',38.68755184,-121.1523825
7327,7328,-2.203958387793352,0.5820014763507227,Sacramento County,0.2633765811817816,0.0,66,0.0,'AddedNode',' ',38.67193264,-121.1502951
7328,7329,-2.203977215389353,0.5820064481726632,Sacramento County,0.2633788311098627,0.0,66,0.0,'AddedNode',' ',38.65657706,-121.1683477
7329,7330,-2.203977215389353,0.5820064481726632,Sacramento County,0.2633788311098627,0.0,66,0.0,'AddedNode',' ',38.65480619,-121.1812543
7330,7331,-2.1258677556035215,0.5613800056934896,Sacramento County,0.25404462471545547,0.0,66,0.0,'AddedNode',' ',38.64272872,-121.1606159
7331,7332,-1.1513063773761565,0.4570027084121831,Sacramento County,0.405119272777069,0.0,66,0.0,'AddedNode',' ',38.70052979,-121.2536026
7332,7333,-1.1513063773761567,0.45700270841218316,Sacramento County,0.40511927277706905,0.0,66,0.0,'AddedNode',' ',38.69320411,-121.2535669
7333,7334,-1.5148252320247118,0.4980673777682464,Sacramento County,0.35574806629552747,0.0,66,0.0,'AddedNode',' ',38.69310812,-121.239477
7334,7335,-2.044475125629221,0.5578989311449493,Sacramento County,0.28381382154952717,0.0,66,0.0,'AddedNode',' ',38.6927686,-121.2072654
7335,7336,-2.0311993995566304,0.5561846103138652,Sacramento County,0.2856148760391023,0.0,66,0.0,'AddedNode',' ',38.69988053,-121.2016832
7336,7337,-2.0311993995566304,0.5561846103138652,Sacramento County,0.2856148760391023,0.0,66,0.0,'AddedNode',' ',38.69268277,-121.2018437
7337,7338,-2.0444751256292206,0.5578989311449492,Sacramento County,0.2838138215495271,0.0,66,0.0,'AddedNode',' ',38.67837618,-121.2302483
7338,7339,-2.020409635193342,0.5547913066475096,Sacramento County,0.2870786719506555,0.0,66,0.0,'AddedNode',' ',38.6780142,-121.2024088
7339,7340,-2.044475125629221,0.5578989311449493,Sacramento County,0.28381382154952717,0.0,66,0.0,'AddedNode',' ',38.67816327,-121.2114773
7340,7341,-2.044475125629221,0.5578989311449493,Sacramento County,0.28381382154952717,0.0,66,0.0,'AddedNode',' ',38.69270911,-121.211209
7341,7342,-1.7770003602494935,0.5233593843380524,Sacramento County,0.3201008482930053,0.0,66,0.0,'AddedNode',' ',38.66793805,-121.2032312
7342,7343,-1.7770003602494935,0.5233593843380524,Sacramento County,0.3201008482930053,0.0,66,0.0,'AddedNode',' ',38.67137902,-121.2348784
7343,7344,0.14963035246146505,0.3383071854117094,Sacramento County,0.3213810917274624,0.99885497,66,0.27323759995544805,'AddedNode',' ',38.66495896,-121.2424518
7344,7345,-1.0915612274800086,0.4348472700234172,Sacramento County,0.41309110891262596,0.0,66,0.0,'AddedNode',' ',38.66445314,-121.2424206
7345,7346,-1.0915612274800086,0.4348472700234172,Sacramento County,0.41309110891262596,0.0,66,0.0,'AddedNode',' ',38.66403682,-121.2485882
7346,7347,-1.0915612274800086,0.4348472700234172,Sacramento County,0.41309110891262596,0.0,66,0.0,'AddedNode',' ',38.65290279,-121.2644757
7347,7348,-1.0915612274800086,0.4348472700234172,Sacramento County,0.41309110891262596,0.0,66,0.0,'AddedNode',' ',38.66443558,-121.2415346
7348,7349,-2.044475125629221,0.5578989311449493,Sacramento County,0.28381382154952717,0.0,66,0.0,'AddedNode',' ',38.65046343,-121.2256089
7349,7350,-2.203977215389353,0.5820064481726632,Sacramento County,0.2633788311098627,0.0,66,0.0,'AddedNode',' ',38.62925452,-121.2153436
7350,7351,-2.202070207358122,0.5815028626713509,Sacramento County,0.26315094057511695,0.0,66,0.0,'AddedNode',' ',38.62919102,-121.2155135
7351,7352,-2.128153163847481,0.5619835157141034,Sacramento County,0.25431773468578556,0.0,66,0.0,'AddedNode',' ',38.62437504,-121.2120307
7352,7353,-2.044475125629221,0.5578989311449493,Sacramento County,0.28381382154952717,0.0,66,0.0,'AddedNode',' ',38.6532958,-121.2257863
7353,7354,-2.044475125629221,0.5578989311449493,Sacramento County,0.28381382154952717,0.0,66,0.0,'AddedNode',' ',38.67835758,-121.2258395
7354,7355,-0.8533100654772359,0.37409625210678876,Sacramento County,0.4390722807402425,0.0,66,0.0,'AddedNode',' ',38.6216885,-121.2669134
7355,7356,-0.8533100654772358,0.37409625210678876,Sacramento County,0.43907228074024246,0.0,66,0.0,'AddedNode',' ',38.60850556,-121.2634178
7356,7357,-0.853310065477236,0.3740962521067889,Sacramento County,0.4390722807402426,0.0,66,0.0,'AddedNode',' ',38.6178558,-121.2663768
7357,7358,-0.8533100654772359,0.37409625210678876,Sacramento County,0.4390722807402425,0.0,66,0.0,'AddedNode',' ',38.60828891,-121.2638714
7358,7359,-2.044475125629221,0.5578989311449493,Sacramento County,0.28381382154952717,0.0,66,0.0,'AddedNode',' ',38.62825795,-121.2180214
7359,7360,-0.849130051887584,0.3730115313890489,Sacramento County,0.43953857407602825,0.0,66,0.0,'AddedNode',' ',38.59108039,-121.2987206
7360,7361,-0.853310065477236,0.3740962521067889,Sacramento County,0.4390722807402426,0.0,66,0.0,'AddedNode',' ',38.63035469,-121.2674777
7361,7362,-0.8490923797468612,0.3729949825189792,Sacramento County,0.43951907369563453,0.0,66,0.0,'AddedNode',' ',38.60930752,-121.2952883
7362,7363,-0.849130051887584,0.3730115313890489,Sacramento County,0.43953857407602825,0.0,66,0.0,'AddedNode',' ',38.59825688,-121.2841916
7363,7364,-1.0144809765862721,0.41589983732821,Sacramento County,0.423245222901093,0.0,66,0.0,'AddedNode',' ',38.64465217,-121.2735433
7364,7365,-0.869103490755962,0.3765369362152956,Sacramento County,0.4370220930082304,0.0,66,0.0,'AddedNode',' ',38.65298603,-121.2599746
7365,7366,-1.0915612274800086,0.4348472700234172,Sacramento County,0.41309110891262596,0.0,66,0.0,'AddedNode',' ',38.66222176,-121.2622416
7366,7367,-1.0915612274800086,0.4348472700234172,Sacramento County,0.41309110891262596,0.0,66,0.0,'AddedNode',' ',38.67131534,-121.2623414
7367,7368,-1.1864551310352454,0.46050787541780847,Sacramento County,0.4063653919573603,0.0,66,0.0,'AddedNode',' ',38.64466969,-121.2761015
7368,7369,-1.1864551310352454,0.46050787541780847,Sacramento County,0.4063653919573603,0.0,66,0.0,'AddedNode',' ',38.64465172,-121.2781181
7369,7370,-1.186448005987138,0.46050510991856597,Sacramento County,0.40636295160130187,0.0,66,0.0,'AddedNode',' ',38.63683108,-121.2919401
7370,7371,-1.186417444257689,0.4604932477615153,Sacramento County,0.406352484092804,0.0,66,0.0,'AddedNode',' ',38.63610906,-121.2918614
7371,7372,-1.1864551310352454,0.46050787541780847,Sacramento County,0.40636539195736027,0.0,66,0.0,'AddedNode',' ',38.63615496,-121.2920016
7372,7373,-1.1864551310352454,0.46050787541780847,Sacramento County,0.40636539195736027,0.0,66,0.0,'AddedNode',' ',38.63682098,-121.328198
7373,7374,-1.0545220440734344,0.42630331232932595,Sacramento County,0.4165991896915157,0.0,66,0.0,'AddedNode',' ',38.58717624,-121.2655392
7374,7375,-1.0545758874251872,0.4263250791566087,Sacramento County,0.41662046103130096,0.0,66,0.0,'AddedNode',' ',38.60085297,-121.2659226
7375,7376,-0.853310065477236,0.3740962521067889,Sacramento County,0.4390722807402426,0.0,66,0.0,'AddedNode',' ',38.60572189,-121.2690627
7376,7377,-1.0545357814474832,0.4263088658292199,Sacramento County,0.4166046167747421,0.0,66,0.0,'AddedNode',' ',38.59418013,-121.2375337
7377,7378,-1.0545357814474832,0.4263088658292199,Sacramento County,0.4166046167747421,0.0,66,0.0,'AddedNode',' ',38.59093929,-121.2550934
7378,7379,-0.9026597600838268,0.3869011589219533,Sacramento County,0.43356218800743834,0.0,66,0.0,'AddedNode',' ',38.61253901,-121.255226
7379,7380,-1.0545357814474832,0.4263088658292199,Sacramento County,0.4166046167747421,0.0,66,0.0,'AddedNode',' ',38.59437578,-121.236729
7380,7381,-1.0545329888890949,0.4263077369036587,Sacramento County,0.41660351354739056,0.0,66,0.0,'AddedNode',' ',38.58476547,-121.2654353
7381,7382,-1.0016138804242798,0.41128876106279133,Sacramento County,0.4174854095438724,0.0,66,0.0,'AddedNode',' ',38.58093938,-121.2801711
7382,7383,-2.1258677556035215,0.5613800056934896,Sacramento County,0.25404462471545547,0.0,66,0.0,'AddedNode',' ',38.63597909,-121.1629498
7383,7384,-2.1258677556035215,0.5613800056934896,Sacramento County,0.25404462471545547,0.0,66,0.0,'AddedNode',' ',38.62440535,-121.2121977
7384,7385,-2.1258677556035215,0.5613800056934896,Sacramento County,0.25404462471545547,0.0,66,0.0,'AddedNode',' ',38.63293296,-121.1618127
7385,7386,-0.8533231933243967,0.3741020074337445,Sacramento County,0.43907903569840767,0.0,66,0.0,'AddedNode',' ',38.64464633,-121.271853
7386,7387,-0.869103490755962,0.3765369362152956,Sacramento County,0.4370220930082304,0.0,66,0.0,'AddedNode',' ',38.65299094,-121.2551171
7387,7388,-1.4646601906682175,0.529427975570013,Sacramento County,0.368190260439183,0.0,66,0.0,'AddedNode',' ',38.65008785,-121.3082063
7388,7389,-1.1409853002520196,0.44780224396108603,Sacramento County,0.40777429360710027,0.0,66,0.0,'AddedNode',' ',38.65267912,-121.2736045
7389,7390,-1.2775398865479621,0.5038141858277587,Sacramento County,0.3882758494752088,0.0,66,0.0,'AddedNode',' ',38.6784323,-121.2809807
7390,7391,-1.132095324265935,0.4498786271385291,Sacramento County,0.40768261670795514,0.0,66,0.0,'AddedNode',' ',38.67867949,-121.2623831
7391,7392,-1.1532826041819706,0.4912008922019736,Sacramento County,0.4083054648405473,0.0,66,0.0,'AddedNode',' ',38.68790831,-121.3077398
7392,7393,-0.9705050915319926,0.40900728068779507,Sacramento County,0.3369307998638975,0.0,66,0.0,'AddedNode',' ',38.67800999,-121.3154771
7393,7394,-1.1532826041819706,0.4912008922019736,Sacramento County,0.4083054648405473,0.0,66,0.0,'AddedNode',' ',38.68068632,-121.318006
7394,7395,-1.1832349702005809,0.5062338664303453,Sacramento County,0.42239976841070725,0.0,66,0.0,'AddedNode',' ',38.66793271,-121.3373371
7395,7396,-1.1832349702005809,0.5062338664303453,Sacramento County,0.42239976841070725,0.0,66,0.0,'AddedNode',' ',38.66791508,-121.3368407
7396,7397,-1.176745792184606,0.49592485471918313,Sacramento County,0.40853150020199047,0.0,66,0.0,'AddedNode',' ',38.67061088,-121.3273553
7397,7398,-1.181888699698155,0.5040648286223002,Sacramento County,0.4194761523838651,0.0,66,0.0,'AddedNode',' ',38.67226462,-121.3291978
7398,7399,-1.2975103970884336,0.5099807256764708,Sacramento County,0.39161549329118217,0.0,66,0.0,'AddedNode',' ',38.66556725,-121.2910077
7399,7400,-1.2775398865479621,0.5038141858277587,Sacramento County,0.3882758494752088,0.0,66,0.0,'AddedNode',' ',38.67810744,-121.2886279
7400,7401,4.067147345306973,0.31091834087855996,Sacramento County,0.3341594184247198,4.807656,66,0.05146956050738522,'AddedNode',' ',38.66061832,-121.3371629
7401,7402,-0.9518758527276973,0.3996653637696457,Sacramento County,0.4295402617432997,0.0,66,0.0,'AddedNode',' ',38.62086841,-121.3291749
7402,7403,-1.4646601906682173,0.529427975570013,Sacramento County,0.368190260439183,0.0,66,0.0,'AddedNode',' ',38.64912172,-121.3081942
7403,7404,-0.9518758527276973,0.3996653637696457,Sacramento County,0.4295402617432997,0.0,66,0.0,'AddedNode',' ',38.6479525,-121.3368352
7404,7405,-1.4646601906682177,0.5294279755700131,Sacramento County,0.3681902604391831,0.0,66,0.0,'AddedNode',' ',38.6491941,-121.3237916
7405,7406,0.28681180191642697,0.4118967410119121,Sacramento County,0.28641143916772654,1.42636477,66,0.2288201534847713,'AddedNode',' ',38.66048016,-121.3276491
7406,7407,-1.4645614782202094,0.5294016311973428,Sacramento County,0.3681974000623015,0.0,66,0.0,'AddedNode',' ',38.64792296,-121.3323079
7407,7408,-1.464829430770163,0.5294694372015492,Sacramento County,0.368165339525802,0.0,66,0.0,'AddedNode',' ',38.64788497,-121.3278528
7408,7409,-1.4648686078076265,0.5294835979246624,Sacramento County,0.36817518615162514,0.0,66,0.0,'AddedNode',' ',38.65207532,-121.3277553
7409,7410,-1.1767633716054122,0.49593226334708496,Sacramento County,0.4085376032594241,0.0,66,0.0,'AddedNode',' ',38.66092243,-121.3642614
7410,7411,-1.2975103970884336,0.5099807256764708,Sacramento County,0.39161549329118217,0.0,66,0.0,'AddedNode',' ',38.66341544,-121.3083125
7411,7412,-1.1872350896360524,0.5125300576525617,Sacramento County,0.4308587315789812,0.0,66,0.0,'AddedNode',' ',38.70758131,-121.2987737
7412,7413,1.600200248734835,0.395116601762454,Sacramento County,0.3303319490129022,2.52155118,66,0.12070016712874114,'AddedNode',' ',38.70563133,-121.3263512
7413,7414,-1.1872099544238974,0.5125192067673011,Sacramento County,0.430849609775118,0.0,66,0.0,'AddedNode',' ',38.70403704,-121.3639646
7414,7415,-1.1872350896360526,0.5125300576525618,Sacramento County,0.43085873157898125,0.0,66,0.0,'AddedNode',' ',38.70716765,-121.3288433
7415,7416,-1.1872350896360526,0.5125300576525618,Sacramento County,0.43085873157898125,0.0,66,0.0,'AddedNode',' ',38.7090083,-121.3088253
7416,7417,-1.1842960329947367,0.5078792544281522,Sacramento County,0.4246056562293843,0.0,66,0.0,'AddedNode',' ',38.70363795,-121.3263925
7417,7418,-1.1842960329947367,0.5078792544281522,Sacramento County,0.4246056562293843,0.0,66,0.0,'AddedNode',' ',38.69696289,-121.336565
7418,7419,-1.1842960329947367,0.5078792544281522,Sacramento County,0.4246056562293843,0.0,66,0.0,'AddedNode',' ',38.68485217,-121.339075
7419,7420,-1.1532456471030696,0.49118515161067056,Sacramento County,0.40829238064312245,0.0,66,0.0,'AddedNode',' ',38.6928902,-121.290487
7420,7421,-1.2775398865479621,0.5038141858277587,Sacramento County,0.3882758494752088,0.0,66,0.0,'AddedNode',' ',38.6857672,-121.2714628
7421,7422,-1.2775398865479621,0.5038141858277587,Sacramento County,0.3882758494752088,0.0,66,0.0,'AddedNode',' ',38.68203148,-121.2810183
7422,7423,-1.2331806419875544,0.49930702266477106,Sacramento County,0.3954195289031052,0.0,66,0.0,'AddedNode',' ',38.68936744,-121.2714939
7423,7424,2.114653956511143,0.3884453537858066,Sacramento County,0.30762411067009604,3.07403019,66,0.09600662400294648,'AddedNode',' ',38.70784238,-121.2716186
7424,7425,-1.1225645124030756,0.4846319870950111,Placer County,0.40877420405814147,0.0,66,0.0,'AddedNode',' ',38.73671414,-121.3021736
7425,7426,2.8885537645028365,0.3533101963171003,Sacramento County,0.32282622061912114,3.78525914,66,0.07647561149026091,'AddedNode',' ',38.51429531,-121.1923271
7426,7427,-1.1526291152158952,0.4541465124505909,Sacramento County,0.41496227323763424,0.0,66,0.0,'AddedNode',' ',38.50175095,-121.2232536
7427,7428,-1.4335129453930575,0.5271457537878605,Sacramento County,0.3912871845327387,0.0,66,0.0,'AddedNode',' ',38.27400034,-121.3148197
7428,7429,-1.0125846342157931,0.441697517687328,Sacramento County,0.42935804272626266,0.0,66,0.0,'AddedNode',' ',38.49855088,-121.5342624
7429,7430,0.3088873606636795,0.436721392244911,Sacramento County,0.19763212275616013,1.96269034,66,0.16652886436823194,'AddedNode',' ',38.61352066,-121.1625636
7430,7431,-2.125812516737583,0.5613654187114008,Sacramento County,0.2540380235819043,0.0,66,0.0,'AddedNode',' ',38.6151043,-121.1636166
7431,7432,-1.0440248106820937,0.45937091670012126,Sacramento County,0.43999949056458926,0.0,230,0.0,'AddedNode',' ',38.50851841,-121.4373651
7432,7433,-1.1872221785916328,0.5125244839474055,Sacramento County,0.43085404604005917,0.0,230,0.0,'AddedNode',' ',38.71429696,-121.346186
7433,7434,-0.9396599740002527,0.40696769476277556,Sacramento County,0.36594232181561515,0.0,66,0.0,'AddedNode',' ',38.57168637,-121.4821643
7434,7435,1.5560138689047265,0.3573747280819203,Sacramento County,0.3423044267283324,2.36822916,115,0.11739779844546512,'AddedNode',' ',38.51126746,-121.4743654
7435,7436,1.3758160626981035,0.35737283441283446,Sacramento County,0.3423026129142603,2.18802705,230,0.12706513074923378,'AddedNode',' ',38.51102831,-121.4743224
7436,7437,-0.8459214195280402,0.37220542459233774,Sacramento County,0.4400003035903045,0.0,66,0.0,'AddedNode',' ',38.53967106,-121.4224464
7437,7438,0.2396475366195966,0.2895592992073775,Sacramento County,0.3423007058486184,0.897736853,66,0.2509247968997512,'AddedNode',' ',38.52676545,-121.4020215
7438,7439,-1.3406639355458694,0.5004210404415954,Sacramento County,0.39113935055174953,0.0,66,0.0,'AddedNode',' ',38.60688333,-121.3646479
7439,7440,-1.0545357814474832,0.4263088658292199,Sacramento County,0.4166046167747421,0.0,66,0.0,'AddedNode',' ',38.58982293,-121.2684109
7440,7441,-1.433512945393057,0.5271457537878603,Sacramento County,0.39128718453273864,0.0,66,0.0,'AddedNode',' ',38.40164285,-121.256625
7441,7442,-2.044475125629221,0.5578989311449493,Sacramento County,0.28381382154952717,0.0,66,0.0,'AddedNode',' ',38.63138288,-121.2222644
7442,7443,-1.427997016690096,0.5261858472719342,Sacramento County,0.39197688424225946,0.0,66,0.0,'AddedNode',' ',38.46942614,-121.4183403
7443,7444,1.435184638069857,0.3824665831835692,Sacramento County,0.32152078583755606,2.32113804,66,0.12272102266008951,'AddedNode',' ',38.64901428,-121.5067375
7444,7445,-1.4335129453930573,0.5271457537878604,Sacramento County,0.3912871845327386,0.0,66,0.0,'AddedNode',' ',38.37959999,-121.4176614
7445,7446,-1.4335129453930573,0.5271457537878604,Sacramento County,0.3912871845327386,0.0,66,0.0,'AddedNode',' ',38.39504561,-121.4179739
7446,7447,-0.7135715046718936,0.4527624045081853,Sacramento County,0.20489125720902582,1.00097655,230,0.3509531831360223,'AddedNode',' ',38.55337117,-121.2084254
7447,7448,-1.3406820315921242,0.5004277950368777,Sacramento County,0.3911446300819823,0.0,66,0.0,'AddedNode',' ',38.61623743,-121.3806611
7448,7449,-1.4335129453930573,0.5271457537878604,Sacramento County,0.3912871845327387,0.0,66,0.0,'AddedNode',' ',38.42335354,-121.3700107
7449,7450,-1.4334792220246233,0.5271333526926831,Sacramento County,0.391277979508166,0.0,66,0.0,'AddedNode',' ',38.43790501,-121.3753779
7450,7451,-1.1388492788876698,0.4916418758687527,Sacramento County,0.41329906776222225,0.0,66,0.0,'AddedNode',' ',38.64911119,-121.5067382
7451,7452,1.136794971303852,0.38247139524873897,Sacramento County,0.3215248311033201,2.02275952,66,0.140827220965475,'AddedNode',' ',38.65397844,-121.5192341
7452,7453,-1.1388492788876698,0.4916418758687527,Sacramento County,0.41329906776222225,0.0,66,0.0,'AddedNode',' ',38.65379962,-121.5192119
7453,7454,0.7988824663563783,0.3824672012550851,Sacramento County,0.32152130541978424,1.6848373,66,0.16906876091600362,'AddedNode',' ',38.64265879,-121.5391826
7454,7455,-1.1872660137919788,0.5125434076281125,Sacramento County,0.43086995424474794,0.0,66,0.0,'AddedNode',' ',38.68957145,-121.4753006
7455,7456,0.9649149794165837,0.3987338066911146,Sacramento County,0.33519583802644437,1.88855011,66,0.16393457075204246,'AddedNode',' ',38.68475297,-121.5053787
7456,7457,-1.036852003973371,0.45039851198351505,Sacramento County,0.4250260138236429,0.0,66,0.0,'AddedNode',' ',38.4073478,-121.4503488
7457,7458,-1.0368520039733706,0.4503985119835149,Sacramento County,0.42502601382364275,0.0,66,0.0,'AddedNode',' ',38.48256764,-121.4530023
7458,7459,-1.0440262225521582,0.4593715379229496,Sacramento County,0.44000008559078285,0.0,66,0.0,'AddedNode',' ',38.41606465,-121.455749
7459,7460,-1.4279970166900964,0.5261858472719343,Sacramento County,0.3919768842422595,0.0,66,0.0,'AddedNode',' ',38.44053303,-121.4036255
7460,7461,-1.4279970166900964,0.5261858472719343,Sacramento County,0.3919768842422595,0.0,66,0.0,'AddedNode',' ',38.45255288,-121.4088692
7461,7462,-1.132095324265935,0.4498786271385291,Sacramento County,0.40768261670795514,0.0,66,0.0,'AddedNode',' ',38.67916251,-121.2624166
7462,7463,-0.9512269245503621,0.4175179596492634,Sacramento County,0.42832177258547954,0.0,66,0.0,'AddedNode',' ',38.56839285,-121.483593
7463,7464,-1.0440262225521582,0.4593715379229496,Sacramento County,0.44000008559078285,0.0,66,0.0,'AddedNode',' ',38.43060268,-121.4576877
7464,7465,1.5739728520148089,0.35737910031348424,Sacramento County,0.34230861458522727,2.38619808,66,0.11651660222724727,'AddedNode',' ',38.43020313,-121.4778463
7465,7466,-1.4335129453930573,0.5271457537878605,Sacramento County,0.3912871845327387,0.0,66,0.0,'AddedNode',' ',38.38710563,-121.3731293
7466,7467,-0.8459214195280405,0.3722054245923378,Sacramento County,0.44000030359030456,0.0,66,0.0,'AddedNode',' ',38.5321488,-121.3991491
7467,7468,-0.8459246579634151,0.37220684950390265,Sacramento County,0.44000198804055624,0.0,66,0.0,'AddedNode',' ',38.51048179,-121.3908734
7468,7469,-1.433512945393057,0.5271457537878603,Sacramento County,0.39128718453273864,0.0,66,0.0,'AddedNode',' ',38.39145722,-121.273927
7469,7470,-1.433512945393057,0.5271457537878603,Sacramento County,0.39128718453273864,0.0,66,0.0,'AddedNode',' ',38.41320684,-121.3202121
7470,7471,-1.3473503100278492,0.5047528413538735,Sacramento County,0.3985496461491024,0.0,66,0.0,'AddedNode',' ',38.49613148,-121.2978989
7471,7472,-1.0871847549233296,0.4371380978040549,Sacramento County,0.42047843639371313,0.0,66,0.0,'AddedNode',' ',38.49629304,-121.3163242
7472,7473,-1.1872227705467215,0.512524739494751,Sacramento County,0.4308542608661041,0.0,66,0.0,'AddedNode',' ',38.69030511,-121.4567544
7473,7474,-1.1872227705467215,0.512524739494751,Sacramento County,0.4308542608661041,0.0,66,0.0,'AddedNode',' ',38.71008723,-121.4628411
7474,7475,-1.036852003973371,0.45039851198351505,Sacramento County,0.4250260138236429,0.0,66,0.0,'AddedNode',' ',38.42274434,-121.4482626
7475,7476,1.3491412199433301,0.3503915246816176,Sacramento County,0.33065276427571205,2.15576945,66,0.12372095448846022,'AddedNode',' ',38.40711584,-121.4497467
7476,7477,-1.3406820315921237,0.5004277950368775,Sacramento County,0.3911446300819822,0.0,66,0.0,'AddedNode',' ',38.59791623,-121.3828589
7477,7478,-1.152629115215895,0.45414651245059073,Sacramento County,0.41496227323763407,0.0,66,0.0,'AddedNode',' ',38.50606919,-121.2422695
7478,7479,-1.1526462919730962,0.4541532802515028,Sacramento County,0.414968457105559,0.0,66,0.0,'AddedNode',' ',38.54637349,-121.2425762
7479,7480,1.4440271796435635,0.3582617667612963,Sacramento County,0.31614048541776657,2.36705485,66,0.1232782652926332,'AddedNode',' ',38.6328021,-121.3132095
7480,7481,-1.1864551310352454,0.46050787541780847,Sacramento County,0.40636539195736027,0.0,66,0.0,'AddedNode',' ',38.63320555,-121.328331
7481,7482,-0.8991452889633619,0.38663247425424563,Modoc County,0.4300000472128654,0.0,66,0.0,'AddedNode',' ',41.44402038,-120.8806089
7482,7483,-0.8991452889633619,0.38663247425424563,Modoc County,0.4300000472128654,0.0,66,0.0,'AddedNode',' ',41.20795062,-121.1381485
7483,7484,-0.8991452889633619,0.38663247425424563,Lassen County,0.4300000472128654,0.0,66,0.0,'AddedNode',' ',41.12791897,-121.1434318
7484,7485,-0.8991452889633619,0.38663247425424563,Lassen County,0.4300000472128654,0.0,66,0.0,'AddedNode',' ',41.09305999,-121.1789394
7485,7486,-2.314815170697591,0.6193582728377345,San Joaquin County,0.2611893541900949,0.0,500,0.0,'AddedNode',' ',37.69868623,-121.549314
7486,7487,-2.3148148943091087,0.619358198886477,San Joaquin County,0.2611893230041368,0.0,500,0.0,'AddedNode',' ',37.70000398,-121.5522039
7487,7488,4.2036112686880305,0.42724470532195974,Stanislaus County,0.30991802756066344,5.34067211,115,0.06598339046054526,'AddedNode',' ',37.60926875,-120.8467651
7488,7489,-2.2595493577404886,0.20503232975965913,Stanislaus County,0.09021313427738714,0.0,115,0.0,'AddedNode',' ',37.48916862,-120.9040887
7489,7490,-2.259542980111358,0.2050317510512744,Stanislaus County,0.09021287964877671,0.0,230,0.0,'AddedNode',' ',37.6671354,-120.9166631
7490,7491,-2.2595493577404886,0.20503232975965913,Stanislaus County,0.09021313427738714,0.0,230,0.0,'AddedNode',' ',37.57785198,-120.9361615
7491,7492,-2.2595493577404886,0.20503232975965913,Stanislaus County,0.09021313427738714,0.0,230,0.0,'AddedNode',' ',37.57406989,-120.9380907
7492,7493,-2.2595467511676652,0.20503209323829402,Stanislaus County,0.09021303020924483,0.0,230,0.0,'AddedNode',' ',37.56588887,-121.1510905
7493,7494,-2.2595493577404886,0.20503232975965913,Stanislaus County,0.09021313427738716,0.0,230,0.0,'AddedNode',' ',37.57076323,-120.9426675
7494,7495,-2.2595493577404886,0.20503232975965913,Stanislaus County,0.09021313427738714,0.0,230,0.0,'AddedNode',' ',37.57081325,-120.9389323
7495,7496,-2.2595493577404886,0.20503232975965913,Stanislaus County,0.09021313427738716,0.0,230,0.0,'AddedNode',' ',37.57060991,-120.9389379
7496,7497,-2.2595493577404886,0.20503232975965913,Stanislaus County,0.09021313427738714,0.0,230,0.0,'AddedNode',' ',37.56628929,-120.9387737
7497,7498,-2.2595467511676652,0.20503209323829402,Stanislaus County,0.09021303020924482,0.0,230,0.0,'AddedNode',' ',37.56482413,-121.1553993
7498,7499,-2.2595493577404886,0.20503232975965913,Stanislaus County,0.09021313427738714,0.0,230,0.0,'AddedNode',' ',37.48908164,-120.9105419
7499,7500,-1.484030033127143,0.5396802052765585,Stanislaus County,0.389754620534507,0.0,66,0.0,'AddedNode',' ',37.58004339,-120.9756005
7500,7501,-1.484030033127143,0.5396802052765585,Stanislaus County,0.38975462053450705,0.0,66,0.0,'AddedNode',' ',37.60961884,-120.9846378
7501,7502,-1.484030033127143,0.5396802052765585,Stanislaus County,0.38975462053450705,0.0,66,0.0,'AddedNode',' ',37.60907351,-120.9568277
7502,7503,-1.7682656461347972,0.419084751751516,Stanislaus County,0.28043558839798305,0.0,66,0.0,'AddedNode',' ',37.6249576,-120.7063431
7503,7504,-2.259542980111358,0.2050317510512744,Tuolumne County,0.09021287964877674,0.0,66,0.0,'AddedNode',' ',37.69662947,-120.4262028
7504,7505,-1.4615967864451915,0.5491874010926118,Stanislaus County,0.39837375159401656,0.0,66,0.0,'AddedNode',' ',37.55101495,-120.6458084
7505,7506,0.041030162183198104,0.3260142622815181,Stanislaus County,0.21815635402373273,1.41659875,66,0.21183770480362793,'AddedNode',' ',37.62367864,-120.7002411
7506,7507,-1.4615967864451915,0.549187401092612,Stanislaus County,0.39837375159401656,0.0,66,0.0,'AddedNode',' ',37.55109323,-120.7714189
7507,7508,2.448448494315338,0.42723592580885833,Stanislaus County,0.3099116590103936,3.58548597,66,0.09827989103703666,'AddedNode',' ',37.60928171,-120.8470766
7508,7509,-1.4616032354308197,0.5491898242654664,Stanislaus County,0.39837550933364946,0.0,115,0.0,'AddedNode',' ',37.53802357,-120.8086793
7509,7510,-1.4615958703945517,0.549187056891342,Stanislaus County,0.3983735019146705,0.0,115,0.0,'AddedNode',' ',37.48827798,-120.9036706
7510,7511,3.2514611652115097,0.1595058856449863,Stanislaus County,0.0701817410775766,5.00928844,66,0.024627725102271795,'AddedNode',' ',37.50044694,-120.8669241
7511,7512,-1.4615967864451915,0.5491874010926118,Stanislaus County,0.39837375159401656,0.0,66,0.0,'AddedNode',' ',37.55108912,-120.7711301
7512,7513,-1.4615958703945515,0.5491870568913418,Stanislaus County,0.3983735019146705,0.0,66,0.0,'AddedNode',' ',37.47825835,-120.8673631
7513,7514,-1.4616032354308197,0.5491898242654664,Stanislaus County,0.39837550933364946,0.0,66,0.0,'AddedNode',' ',37.59530139,-120.8472979
7514,7515,12.797627791459888,0.4272407476876407,Stanislaus County,0.30991515674165343,13.9346781,66,0.02528864477998627,'AddedNode',' ',37.47820779,-120.9036864
7515,7516,-1.4616215340388559,0.5491966998723944,Stanislaus County,0.39838049681391746,0.0,66,0.0,'AddedNode',' ',37.48367001,-120.8467348
7516,7517,-1.4615967864451915,0.5491874010926118,Stanislaus County,0.39837375159401656,0.0,66,0.0,'AddedNode',' ',37.5216509,-120.7892121
7517,7518,-1.461595870394552,0.549187056891342,Stanislaus County,0.3983735019146706,0.0,66,0.0,'AddedNode',' ',37.52163954,-120.7926728
7518,7519,-1.4615988645293223,0.5491881819219308,Merced County,0.39837431799795164,0.0,115,0.0,'AddedNode',' ',37.41854721,-120.8310105
7519,7520,-1.4616032354308197,0.5491898242654664,Merced County,0.39837550933364946,0.0,115,0.0,'AddedNode',' ',37.46279708,-120.7399219
7520,7521,-2.259549357740489,0.20503232975965918,Stanislaus County,0.09021313427738717,0.0,230,0.0,'AddedNode',' ',37.5729668,-120.9841549
7521,7522,13.1394766812377,0.15950552667373244,Stanislaus County,0.07018158313213473,14.8973,230,0.008281153187310542,'AddedNode',' ',37.57429594,-120.9848781
7522,7523,-1.7682656461347972,0.419084751751516,Stanislaus County,0.28043558839798305,0.0,66,0.0,'AddedNode',' ',37.62158377,-120.7460016
7523,7524,2.2370175767424003,0.3260309177912405,Stanislaus County,0.2181674992578401,3.61265644,66,0.0830745175090074,'AddedNode',' ',37.62158658,-120.7462954
7524,7525,-1.4615988645293223,0.5491881819219308,Merced County,0.39837431799795164,0.0,115,0.0,'AddedNode',' ',37.41867604,-120.8488943
7525,7526,-1.9904862667469563,0.39178155466913306,Tuolumne County,0.2105161933633804,0.0,66,0.0,'AddedNode',' ',37.69520527,-120.4075882
7526,7527,-1.4616032354308197,0.5491898242654664,Stanislaus County,0.39837550933364946,0.0,115,0.0,'AddedNode',' ',37.59472435,-120.8290504
7527,7528,2.5183615346243604,0.42724872731828795,Stanislaus County,0.30992094506707923,3.65543308,66,0.0964050716397474,'AddedNode',' ',37.60902625,-120.7684547
7528,7529,4.951744661538301,0.41984763924571267,Stanislaus County,0.30321207951784246,6.10625524,66,0.05732835257648336,'AddedNode',' ',37.52248486,-120.9939717
7529,7530,-1.4615988645293219,0.5491881819219305,Merced County,0.39837431799795153,0.0,66,0.0,'AddedNode',' ',37.46312824,-120.7762141
7530,7531,-1.461577510387043,0.5491801582138809,Stanislaus County,0.398368497699323,0.0,66,0.0,'AddedNode',' ',37.48971191,-120.8383171
7531,7532,-1.461595870394552,0.549187056891342,Stanislaus County,0.3983735019146705,0.0,66,0.0,'AddedNode',' ',37.47810512,-120.8246312
7532,7533,-1.4615967864451915,0.5491874010926118,Stanislaus County,0.39837375159401656,0.0,66,0.0,'AddedNode',' ',37.55106167,-120.8286791
7533,7534,1.3153999197575532,0.4272429689790881,Stanislaus County,0.3099167680390093,2.45245614,66,0.1436897415242627,'AddedNode',' ',37.52287779,-120.8437147
7534,7535,-1.461595870394552,0.549187056891342,Stanislaus County,0.3983735019146706,0.0,66,0.0,'AddedNode',' ',37.48727804,-120.8676972
7535,7536,2.453973287572635,0.42723595840197826,Stanislaus County,0.3099116826530399,3.59101085,66,0.09812869939158651,'AddedNode',' ',37.48751827,-120.8968227
7536,7537,-1.4615958703945515,0.5491870568913418,Stanislaus County,0.3983735019146705,0.0,66,0.0,'AddedNode',' ',37.48540968,-120.8967885
7537,7538,-2.2595493577404886,0.20503232975965913,Stanislaus County,0.09021313427738714,0.0,66,0.0,'AddedNode',' ',37.50035577,-120.9036733
7538,7539,6.080415865117636,0.1595059092459989,Stanislaus County,0.0701817514618966,7.8382434,66,0.015739166146077125,'AddedNode',' ',37.52237983,-120.9938997
7539,7540,-2.2595493577404886,0.20503232975965913,Stanislaus County,0.09021313427738714,0.0,66,0.0,'AddedNode',' ',37.5003202,-120.9136367
7540,7541,-1.4840300331271432,0.5396802052765585,Stanislaus County,0.38975462053450705,0.0,66,0.0,'AddedNode',' ',37.58051928,-120.9845968
7541,7542,2.3752832239889234,0.4198447036300499,Stanislaus County,0.30320995942939466,3.52978573,66,0.09917221179563014,'AddedNode',' ',37.57435041,-120.9848447
7542,7543,-1.46160323543082,0.5491898242654665,Stanislaus County,0.3983755093336495,0.0,66,0.0,'AddedNode',' ',37.58758467,-120.9364504
7543,7544,-1.4840234218354593,0.5396778010238318,Stanislaus County,0.3897528841939855,0.0,66,0.0,'AddedNode',' ',37.60905956,-120.9365318
7544,7545,-1.461573023348528,0.5491784722324645,Stanislaus County,0.3983672747092458,0.0,66,0.0,'AddedNode',' ',37.64618067,-120.4651351
7545,7546,2.448189460451763,0.42724245770530617,Stanislaus County,0.3099163971673284,3.58524432,66,0.09828952060170679,'AddedNode',' ',37.65095426,-120.4707375
7546,7547,5.756014065633209,0.15950509616556,Stanislaus County,0.07018139371082928,7.51383264,115,0.016418539425951926,'AddedNode',' ',37.47521445,-121.1786085
7547,7548,-2.2595467511676652,0.20503209323829402,Stanislaus County,0.09021303020924482,0.0,115,0.0,'AddedNode',' ',37.47268396,-121.1877655
7548,7549,0.6101466147891745,0.304795105885543,Tuolumne County,0.16377571808096208,2.15868933,66,0.11748503670173592,'AddedNode',' ',37.69520481,-120.3968365
7549,7550,-2.2735919653017165,0.5854049945201805,Contra Costa County,0.2541521738089764,0.0,230,0.0,'AddedNode',' ',38.04530749,-121.8967256
7550,7551,-2.4256453116577616,0.9867878122919922,Los Angeles County,0.39328682748535815,0.0,66,0.0,'AddedNode',' ',33.99667697,-118.2070185
7551,7552,-2.2911705225111976,0.8811480927482553,Los Angeles County,0.3663095414091388,0.0,66,0.0,'AddedNode',' ',33.98903297,-118.2083019
7552,7553,-2.2912244150592307,0.8811688189733209,Los Angeles County,0.36631815768381654,0.0,66,0.0,'AddedNode',' ',33.98931094,-118.2128863
7553,7554,-2.2912244150592307,0.8811688189733209,Los Angeles County,0.36631815768381654,0.0,66,0.0,'AddedNode',' ',33.98362436,-118.2055281
7554,7555,-2.658477713170073,1.1697301937948323,Los Angeles County,0.4399994699059888,0.0,66,0.0,'AddedNode',' ',33.99624087,-118.2268719
7555,7556,-2.633975732701237,1.150473556533934,Los Angeles County,0.4350832045630325,0.0,66,0.0,'AddedNode',' ',33.99632516,-118.2195614
7556,7557,-3.1999793930369163,1.3195428672072833,Los Angeles County,0.38205230397309337,0.0,66,0.0,'AddedNode',' ',34.00557307,-118.2050245
7557,7558,-2.6584678300826354,1.1697258452363595,Los Angeles County,0.4399978341754306,0.0,66,0.0,'AddedNode',' ',34.00400411,-118.2345334
7558,7559,-2.6584678300826354,1.1697258452363595,Los Angeles County,0.4399978341754306,0.0,66,0.0,'AddedNode',' ',34.00402711,-118.2324777
7559,7560,-2.6584927215406937,1.1697367974779054,Los Angeles County,0.440001953912187,0.0,66,0.0,'AddedNode',' ',33.99632331,-118.2197088
7560,7561,-2.2912150992012332,0.8811652362410772,Los Angeles County,0.36631666827583165,0.0,66,0.0,'AddedNode',' ',33.995163,-118.1813193
7561,7562,-2.1457873215510657,0.9226885482669582,,0.4300000161880522,0.0,115,0.0,'AddedNode','IMPORT',32.74413404,-114.41278
7562,7563,-1.4335129453930573,0.5271457537878604,Sacramento County,0.3912871845327387,0.0,230,0.0,'AddedNode',' ',38.50685217,-121.3524268
7563,7564,-0.8166489282610208,0.3554709646977621,Shasta County,0.431317364853365,0.0,230,0.0,'AddedNode',' ',40.52024203,-122.326645
7564,7565,-1.1857056848256855,0.511878136109298,Placer County,0.43087287135862773,0.0,230,0.0,'AddedNode',' ',38.76399915,-121.3590853
7565,7566,-1.1872221785916328,0.5125244839474055,Placer County,0.43085404604005917,0.0,230,0.0,'AddedNode',' ',38.74752221,-121.4335711
7566,7567,-1.1872221785916328,0.5125244839474055,Placer County,0.43085404604005917,0.0,230,0.0,'AddedNode',' ',38.74520713,-121.4394885
7567,7568,-1.1872221785916328,0.5125244839474055,Placer County,0.43085404604005917,0.0,230,0.0,'AddedNode',' ',38.7394623,-121.454182
7568,7569,-1.1872221785916328,0.5125244839474055,Placer County,0.43085404604005917,0.0,230,0.0,'AddedNode',' ',38.73649365,-121.4617656
7569,7570,-1.1872221785916328,0.5125244839474055,Sacramento County,0.43085404604005917,0.0,230,0.0,'AddedNode',' ',38.71518189,-121.4788906
7570,7571,1.1689344718246648,0.3828383855719144,Sacramento County,0.33565433881779744,2.05527512,115,0.14475146482123044,'AddedNode',' ',38.70669278,-121.1585995
7571,7572,-1.139299259611719,0.4920991608936631,Sacramento County,0.43144894740845674,0.0,230,0.0,'AddedNode',' ',38.65632811,-121.1899921
7572,7573,1.2380375140362259,0.38282163431573163,Sacramento County,0.33563965211962304,2.12433938,230,0.1400332040942789,'AddedNode',' ',38.63769309,-121.2204743
7573,7574,-1.918244412408617,0.5959522003278921,Contra Costa County,0.32741329030547905,0.0,66,0.0,'AddedNode',' ',37.983323,-121.7277226
7574,7575,-1.918244412408617,0.5959522003278921,Contra Costa County,0.32741329030547905,0.0,66,0.0,'AddedNode',' ',37.99523031,-121.701778
7575,7576,-1.139295157103834,0.492097388891557,Sacramento County,0.43144739380198005,0.0,230,0.0,'AddedNode',' ',38.72963079,-121.4740174
7576,7577,-1.2496438776532564,0.5391294055624479,Colusa County,0.4300822062288522,0.0,230,0.0,'AddedNode',' ',39.21872592,-122.264952
7577,7578,-1.249642537765241,0.5391288274993357,Colusa County,0.43008174508787905,0.0,230,0.0,'AddedNode',' ',39.21865655,-122.2592141
7578,7579,-1.2496425377652407,0.5391288274993356,Sutter County,0.430081745087879,0.0,230,0.0,'AddedNode',' ',39.02717508,-121.7256489
7579,7580,-1.9182438065114684,0.5959520120902846,Alameda County,0.3274131868886372,0.0,230,0.0,'AddedNode',' ',37.79739114,-121.6185471
7580,7581,-1.9182438065114684,0.5959520120902846,Alameda County,0.3274131868886372,0.0,230,0.0,'AddedNode',' ',37.80048244,-121.5861207
7581,7582,2.0304518062086583,0.27282929519165616,Shasta County,0.33478034245632016,2.65345283,230,0.07860267713728435,'AddedNode',' ',40.71736463,-122.4224232
7582,7583,-2.0800664887123737,0.8944285901463207,,0.42999991264872034,0.0,230,0.0,'AddedNode','IMPORT',34.2885943,-114.1039202
7583,7584,-1.9182438065114684,0.5959520120902846,Sacramento County,0.3274131868886372,0.0,230,0.0,'AddedNode',' ',38.5079311,-121.3523249
7584,7585,-1.685365843298803,0.5693749149323446,Sacramento County,0.3603658324357988,0.0,230,0.0,'AddedNode',' ',38.58441716,-121.4235705
7585,7586,-1.9182438065114684,0.5959520120902846,San Joaquin County,0.3274131868886372,0.0,230,0.0,'AddedNode',' ',37.83025106,-121.5436707
7586,7587,-1.9026542716039556,0.8181413367897009,Riverside County,0.4299998650999694,0.0,115,0.0,'AddedNode',' ',33.61625464,-114.682974
7587,7588,-1.1392951571038343,0.492097388891557,Sacramento County,0.43144739380198005,0.0,230,0.0,'AddedNode',' ',38.73247569,-121.4728439
7588,7589,-0.8166489282610208,0.3554709646977621,Shasta County,0.431317364853365,0.0,230,0.0,'AddedNode',' ',40.43052066,-122.2772237
7589,7590,2.3917392985714656,0.27653916266903,Shasta County,0.335543981834286,3.02705254,230,0.07042346702742647,'AddedNode',' ',40.42851717,-122.279202
7590,7591,-1.1392951571038343,0.492097388891557,Butte County,0.43144739380198005,0.0,230,0.0,'AddedNode',' ',39.52826688,-121.5479613
7591,7592,3.802974359105706,0.3828331301407884,Butte County,0.3356497311077916,4.68930284,230,0.06344139554129269,'AddedNode',' ',39.52883279,-121.5465386
7592,7593,-1.9182356128801328,0.5959494665269605,Alameda County,0.32741178836831425,0.0,66,0.0,'AddedNode',' ',37.80866013,-121.5885829
7593,7594,-0.8123163104073711,0.35593249875130345,Shasta County,0.43030600264904895,0.0,230,0.0,'AddedNode',' ',40.60911808,-122.4399637
7594,7595,-0.8892097371747676,0.39125228435689774,Trinity County,0.4373252936052129,0.0,230,0.0,'AddedNode',' ',40.79643422,-122.7619459
7595,7596,-0.25421143691688086,0.3043434318834276,Trinity County,0.34018224564237387,0.437478181,66,0.5378566011512242,'AddedNode',' ',40.72520228,-122.8065482
7596,7597,9.585235381693805,0.46362243641747547,Alameda County,0.2547119505278617,11.0775382,230,0.03431334243821395,'AddedNode',' ',37.80930049,-121.5726406
7597,7598,-1.9182438065114684,0.5959520120902846,San Joaquin County,0.3274131868886372,0.0,230,0.0,'AddedNode',' ',37.83030475,-121.5436849
7598,7599,-0.8008447968569098,0.3507119782158733,Shasta County,0.43034776044912887,0.0,230,0.0,'AddedNode',' ',40.40401826,-122.3871967
7599,7600,-1.918244412408617,0.5959522003278921,Contra Costa County,0.32741329030547905,0.0,66,0.0,'AddedNode',' ',37.87659934,-121.6123466
7600,7601,-2.0470917142054503,0.8802494371083437,Riverside County,0.43000009264579026,0.0,115,0.0,'AddedNode',' ',33.61795014,-114.6838652
7601,7602,-2.0213652019436337,0.8691870368357623,Riverside County,0.4300000521164079,0.0,115,0.0,'AddedNode',' ',33.61676728,-114.6821726
7602,7603,-1.9026542716039554,0.8181413367897008,Imperial County,0.4299998650999693,0.0,115,0.0,'AddedNode',' ',33.04692295,-114.8837599
7603,7604,-2.0841958664898743,0.8962042225906459,,0.4300000459405977,0.0,230,0.0,'AddedNode','IMPORT',34.08670481,-113.914265
7604,7605,-0.8336420448870691,0.3644811899420074,Shasta County,0.43033076918065005,0.0,230,0.0,'AddedNode',' ',40.40249519,-122.2657434
7605,7606,-0.8892097371747676,0.39125228435689774,Shasta County,0.4373252936052129,0.0,230,0.0,'AddedNode',' ',40.64322615,-122.6228446
7606,7607,-0.8892097371747676,0.39125228435689774,Shasta County,0.4373252936052129,0.0,230,0.0,'AddedNode',' ',40.60896168,-122.4519423
7607,7608,-0.8892097371747676,0.39125228435689774,Shasta County,0.4373252936052129,0.0,230,0.0,'AddedNode',' ',40.61072662,-122.442284
7608,7609,-0.8892097371747676,0.39125228435689774,Shasta County,0.4373252936052129,0.0,230,0.0,'AddedNode',' ',40.59837118,-122.537787
7609,7610,-1.1462411689687602,0.696478199476567,,0.33448199489722696,0.473475574,66,1.1442323893917068,'AddedNode',' ',34.29269292,-114.1362142
7610,7611,-1.3820258737700688,0.5311325146661756,Imperial County,0.34485954742163544,0.0,115,0.0,'AddedNode',' ',32.8035091,-115.5425083
7611,7612,-3.033184575865258,1.3044413896963143,San Diego County,0.4273875999077392,0.0,66,0.0,'AddedNode',' ',32.91588254,-117.2166661
7612,7613,-2.2595467511676652,0.20503209323829402,Stanislaus County,0.09021303020924482,0.0,230,0.0,'AddedNode',' ',37.51255132,-121.2420971
7613,7614,1.0506389238576614,0.6519576561983218,Riverside County,0.3075100606753572,2.6536837,66,0.18576154964393266,'AddedNode',' ',33.97178652,-117.334781
7614,7615,-2.2447206866259446,0.025773647668450025,Fresno County,0.01436088561822285,0.0,230,0.0,'AddedNode',' ',36.59392417,-119.8941564
7615,7616,-2.2447206866259446,0.025773647668450025,Fresno County,0.01436088561822285,0.0,230,0.0,'AddedNode',' ',36.59395525,-119.8936747
7616,7617,-2.658495313737541,1.169737938044518,Los Angeles County,0.44000238294163985,0.0,66,0.0,'AddedNode',' ',33.98575788,-118.2301667
7617,7618,-2.1504383778818954,0.8017037309318419,Los Angeles County,0.35414632610653374,0.0,66,0.0,'AddedNode',' ',34.11886495,-118.0080452
7618,7619,-2.235615400186887,0.9613146220803613,Riverside County,0.42999996799137225,0.0,500,0.0,'AddedNode',' ',33.67152755,-115.5589894
7619,7620,0.0,0.0,San Diego County,0.0,0.0,230,0.0,'AddedNode',' ',32.83402752,-116.7191283
7620,7621,-2.528637954537711,1.067703257368891,Los Angeles County,0.41394914567649893,0.0,66,0.0,'AddedNode',' ',33.9966841,-118.2084183
7621,7622,-2.2911918474233324,0.8811562939735553,Los Angeles County,0.366312950810014,0.0,66,0.0,'AddedNode',' ',33.99088255,-118.2034296
7622,7623,-1.8551587832874807,0.8024236753504892,Tulare County,0.4333601088754904,0.0,230,0.0,'Substation',' ',36.10797845,-118.9380686
7623,7624,-1.8551665802672321,0.8024270478279316,Tulare County,0.43336193022901787,0.0,66,0.0,'Substation',' ',36.10795571,-118.9380569
7624,7625,-1.8551564828211895,0.8024226803151138,Tulare County,0.43335957149274384,0.0,230,0.0,'Substation',' ',36.30432534,-119.2445438
7625,7626,7.510717308247814,0.7911341938663875,Tulare County,0.4272630667824076,9.33977544,66,0.08367320945949212,'Substation',' ',36.30427691,-119.2445756
7626,7627,-3.027110239911212,1.3070594889049998,Orange County,0.42901342113412533,0.0,230,0.0,'Substation',' ',33.68537943,-117.9431138
7627,7628,1.4775487896416237,1.2998256122358856,Orange County,0.4266390608205952,4.48790559,66,0.28617709804358643,'Substation',' ',33.68529538,-117.9431194
7628,7629,-2.2595474436849763,0.20503215607756647,Stanislaus County,0.09021305785819039,0.0,66,0.0,'AddedNode',' ',37.46154272,-121.1153022
7629,7630,-2.2595474436849763,0.20503215607756647,Stanislaus County,0.09021305785819039,0.0,115,0.0,'AddedNode',' ',37.46152443,-121.1153452
7630,7631,-1.9182438065114684,0.5959520120902846,Alameda County,0.3274131868886372,0.0,230,0.0,'Substation',' ',37.79799347,-121.5804434
7631,7632,-1.8541562717501547,0.6127622055853079,Alameda County,0.3471576445759904,0.0,500,0.0,'Substation',' ',37.7980376,-121.5803659
7632,7633,-1.9182438065114686,0.5959520120902846,Alameda County,0.32741318688863724,0.0,66,0.0,'Substation',' ',37.79807877,-121.5804202
7633,7634,-1.0910809535300112,0.4800756195532049,Kern County,0.44000255045389647,0.0,66,0.0,'Substation',' ',35.38277387,-119.6961467
7634,7635,-0.8566806746870292,0.3769394968622928,Kern County,0.43999939280924505,0.0,115,0.0,'Substation',' ',35.38270685,-119.6961461
7635,7636,-2.2608908100719445,0.0,San Luis Obispo County,0.0,0.0,230,0.0,'Substation',' ',35.3743397,-120.8560494
7636,7637,0.6988072822439295,0.0,San Luis Obispo County,0.0,2.94631938,115,0.0,'Substation',' ',35.3743576,-120.8560621
7637,7638,-3.325611831760672,1.1975266165708647,Alameda County,0.32067390210027336,0.0,230,0.0,'Substation',' ',37.63210964,-122.1018261
7638,7639,31.653910648606896,1.1330756434742493,Alameda County,0.30341520843028724,34.8005378,66,0.027434476400314132,'Substation',' ',37.63209122,-122.1018886
7639,7640,-2.390435788629262,0.963533915052794,Los Angeles County,0.3976739512990669,0.0,230,0.0,'AddedNode',' ',34.43144237,-118.1349451
7640,7641,-2.390435788629262,0.963533915052794,Los Angeles County,0.3976739512990669,0.0,500,0.0,'AddedNode',' ',34.43140975,-118.1349101
7641,7642,-2.1445793730965725,0.9244037601729279,Riverside County,0.4305218177164659,0.0,230,0.0,'Substation',' ',33.81852556,-116.370064
7642,7643,-1.8062526136314927,0.6369189065162566,Riverside County,0.3137558862666645,0.0,115,0.0,'Substation',' ',33.81852727,-116.3701257
7643,7644,-0.5721770259971418,0.24603612117877097,Siskiyou County,0.42999677051133756,0.0,66,0.0,'AddedNode',' ',41.70605667,-122.5389435
7644,7645,-0.7869980261543668,0.33840915124637766,Siskiyou County,0.429999750916447,0.0,115,0.0,'AddedNode',' ',41.70604146,-122.5389615
7645,7646,-0.8199596366024671,0.3551181703138291,Shasta County,0.4320901177925359,0.0,66,0.0,'Substation',' ',40.61905419,-122.3220371
7646,7647,-0.7923328009399362,0.34070310440417256,Shasta County,0.4299996367454327,0.0,115,0.0,'Substation',' ',40.61900976,-122.3220492
7647,7648,15.062292644754741,0.4571467628684074,Yolo County,0.331124822464706,16.1367687,66,0.02204813737186827,'Substation',' ',38.54516943,-121.7342428
7648,7649,-1.171687109929478,0.4703530219187344,Yolo County,0.38407774866380345,0.0,115,0.0,'Substation',' ',38.54517286,-121.7342632
7649,7650,-0.7939313361743028,0.3413904745549502,Siskiyou County,0.4300006415606354,0.0,66,0.0,'Substation',' ',41.45176067,-122.3622029
7650,7651,-0.7922633106697317,0.3406732235879846,Siskiyou County,0.42999982672362314,0.0,115,0.0,'Substation',' ',41.45175834,-122.3621313
7651,7652,-1.1872221785916328,0.5125244839474055,Sacramento County,0.43085404604005917,0.0,230,0.0,'Substation',' ',38.6503711,-121.4863474
7652,7653,6.341282393095206,0.4916313933230531,Sacramento County,0.41329025560325416,7.48010739,66,0.06292226160915551,'Substation',' ',38.65042713,-121.4862918
7653,7654,1.9884064572931952,0.9715012518783119,Orange County,0.37567292638570415,4.46098702,230,0.20822333074541796,'Substation',' ',33.82885513,-117.7896549
7654,7655,-2.0598095639933756,0.7202455128688224,Orange County,0.3362644159895383,0.0,500,0.0,'Substation',' ',33.82888121,-117.7897284
7655,7656,-3.0356070668126227,1.3054774788877215,San Diego County,0.43004988597447424,0.0,230,0.0,'Substation',' ',32.91742171,-117.0311398
7656,7657,1.7446583748635742,1.238110490100079,San Diego County,0.4078578785939616,4.623618,66,0.25395834285310975,'Substation',' ',32.91739502,-117.0311349
7657,7658,-3.0356113705850674,1.3054793297458451,San Diego County,0.4300504956834412,0.0,115,0.0,'Substation',' ',32.91740534,-117.0310899
7658,7659,-2.2322557900422515,0.6646056138707005,San Bernardino County,0.2830857834644638,0.0,230,0.0,'Substation',' ',34.50498671,-117.3883741
7659,7660,13.289227047958384,0.7273533023122327,San Bernardino County,0.3602107893537692,15.1707686,66,0.0446748339212574,'Substation',' ',34.50489089,-117.3883733
7660,7661,-1.9733646296973504,0.7628496317389738,San Bernardino County,0.3777898129195123,0.0,115,0.0,'Substation',' ',34.50495636,-117.388347
7661,7662,-2.510847917301832,1.0931430162170648,Los Angeles County,0.43621402186857366,0.0,230,0.0,'Substation',' ',33.81923151,-118.2224963
7662,7663,-3.0720155114095213,1.3209666699060942,Los Angeles County,0.4299995734573091,0.0,66,0.0,'Substation',' ',33.8192585,-118.2225237
7663,7664,-1.084993112590224,0.4665470384137963,Placer County,0.42999966319593674,0.0,66,0.0,'AddedNode',' ',39.11982434,-120.9491104
7664,7665,0.0,0.0,Placer County,0.0,0.0,115,0.0,'AddedNode',' ',39.11982763,-120.9491833
7665,7666,-1.139299259611719,0.4920991608936631,Placer County,0.43144894740845674,0.0,230,0.0,'Substation',' ',38.76171235,-121.2641887
7666,7667,-1.1393031376810687,0.49210083595371157,Placer County,0.4314504160207856,0.0,66,0.0,'Substation',' ',38.7617769,-121.2641137
7667,7668,-1.1392934440416234,0.4920966489661427,Placer County,0.43144674507085734,0.0,115,0.0,'Substation',' ',38.76171806,-121.2641437
7668,7669,-2.0849835707464894,0.8965429354209904,Imperial County,0.43000086007750715,0.0,66,0.0,'Substation',' ',32.73888735,-114.6334904
7669,7670,-2.0849835707464894,0.8965429354209904,Imperial County,0.43000086007750715,0.0,115,0.0,'Substation',' ',32.73883866,-114.6334837
7670,7671,-1.9431073249036097,0.7961787906098091,Los Angeles County,0.31081282588707126,0.0,230,0.0,'AddedNode',' ',33.98994853,-118.3593183
7671,7672,-1.94310732490361,0.7961787906098091,Los Angeles County,0.31081282588707126,0.0,115,0.0,'AddedNode',' ',33.98997208,-118.3592595
7672,7673,-2.098260712302914,0.9232347134132822,San Bernardino County,0.44000000654320454,0.0,66,0.0,'Substation',' ',34.05897335,-117.314488
7673,7674,-2.098260712302915,0.9232347134132827,San Bernardino County,0.44000000654320465,0.0,115,0.0,'Substation',' ',34.0589893,-117.3144659
7674,7675,-4.03831110621744,1.7200753850317951,Los Angeles County,0.4058878444848672,0.0,230,0.0,'Substation',' ',33.97773257,-118.436901
7675,7676,17.667111144927713,1.599672419349734,Los Angeles County,0.3774762407635722,21.4227459,66,0.06617559185191596,'Substation',' ',33.97777802,-118.4369308
7676,7677,16.063532248321156,0.539826080525199,Contra Costa County,0.23589720849370033,18.0490455,66,0.025950238393398075,'Substation',' ',37.90841915,-122.0573089
7677,7678,-2.1655383021482026,0.5887717208069017,Contra Costa County,0.25728583777066516,0.0,115,0.0,'Substation',' ',37.90841279,-122.0573036
7678,7679,-1.7459030034876455,0.6974005785945713,Sonoma County,0.40660476908549203,0.0,230,0.0,'Substation',' ',38.25097444,-122.5815961
7679,7680,9.963228300498958,0.6546781842497866,Sonoma County,0.38169637379515925,11.6021782,66,0.05391929193705099,'Substation',' ',38.25098877,-122.5816254
7680,7681,-1.7459030034876455,0.6974005785945713,Sonoma County,0.40660476908549203,0.0,115,0.0,'Substation',' ',38.25095423,-122.581694
7681,7682,-1.1602847415349633,0.044090820178328605,Sonoma County,0.037999929898763454,0.0,230,0.0,'Substation',' ',38.80558507,-122.808212
7682,7683,-1.1602847415349633,0.044090820178328605,Sonoma County,0.037999929898763454,0.0,66,0.0,'Substation',' ',38.80557669,-122.8081843
7683,7684,12.71037574722994,0.4711497047893084,Marin County,0.31348171689366855,13.9365845,66,0.02758165209620784,'Substation',' ',37.89867204,-122.5245658
7684,7685,-1.5576443890777352,0.5984981696002585,Marin County,0.3982136290373085,0.0,115,0.0,'Substation',' ',37.89861964,-122.52465
7685,7686,-1.4052732063179743,0.396008278555468,Riverside County,0.20978589497121178,0.0,66,0.0,'AddedNode',' ',33.81220459,-116.5325624
7686,7687,-1.4052732063179738,0.396008278555468,Riverside County,0.20978589497121178,0.0,115,0.0,'AddedNode',' ',33.81220308,-116.5325205
7687,7688,0.0,0.0,Fresno County,0.0,0.0,66,0.0,'AddedNode',' ',36.39918525,-120.2792539
7688,7689,0.0,0.0,Fresno County,0.0,0.0,115,0.0,'AddedNode',' ',36.39910823,-120.2792977
7689,7690,-4.03831110621744,1.7200753850317951,Los Angeles County,0.4058878444848672,0.0,230,0.0,'Substation',' ',34.03327651,-118.4600633
7690,7691,5.695517564518592,1.6546893711537305,Los Angeles County,0.39045864384437623,9.5803185,66,0.15833023765059953,'Substation',' ',34.03328084,-118.4600374
7691,7692,-3.980829391196805,1.6955916638682171,Los Angeles County,0.4001103972319553,0.0,115,0.0,'Substation',' ',34.03327747,-118.4600247
7692,7693,-2.2039583877933517,0.5820014763507226,Sacramento County,0.26337658118178153,0.0,66,0.0,'AddedNode',' ',38.60572502,-121.2126799
7693,7694,-2.2039583877933517,0.5820014763507226,Sacramento County,0.26337658118178153,0.0,115,0.0,'AddedNode',' ',38.60569128,-121.2126547
7694,7695,18.239815560417387,0.37919290171910003,Monterey County,0.17905142092286266,20.2798431,66,0.01801147217376837,'Substation',' ',36.68231075,-121.6513715
7695,7696,-2.186521786485351,0.4064227196947772,Monterey County,0.19190909198662015,0.0,115,0.0,'Substation',' ',36.68232165,-121.6513961
7696,7697,-2.081369475673751,0.9158025692964504,San Bernardino County,0.43645795660452097,0.0,66,0.0,'Substation',' ',34.06068628,-117.3535257
7697,7698,-2.092205964754868,0.9205706244921419,San Bernardino County,0.4387303411745794,0.0,115,0.0,'Substation',' ',34.0606834,-117.3535713
7698,7699,-2.377865290280866,0.9776405565790982,Santa Barbara County,0.4065441583897383,0.0,230,0.0,'Substation',' ',34.4687799,-119.8843541
7699,7700,-2.377865290280866,0.9776405565790982,Santa Barbara County,0.4065441583897383,0.0,66,0.0,'Substation',' ',34.46874197,-119.8843313
7700,7701,-2.0065699107714083,0.8417658979373598,Riverside County,0.4046713210503834,0.0,66,0.0,'AddedNode',' ',33.74221474,-117.1542674
7701,7702,-2.0065699107714083,0.8417658979373598,Riverside County,0.4046713210503834,0.0,115,0.0,'AddedNode',' ',33.74222839,-117.1542591
7702,7703,-0.7343961019999251,0.027907051875997152,Imperial County,0.0357155746796296,0.0,66,0.0,'AddedNode',' ',32.97068172,-115.5348561
7703,7704,-0.7343961019999251,0.027907051875997152,Imperial County,0.0357155746796296,0.0,115,0.0,'AddedNode',' ',32.97063907,-115.5348902
7704,7705,-1.5576381841142681,0.598495785449355,Marin County,0.39821204273106453,0.0,66,0.0,'AddedNode',' ',37.95320754,-122.5011985
7705,7706,-1.5576381841142681,0.598495785449355,Marin County,0.39821204273106453,0.0,115,0.0,'AddedNode',' ',37.95322894,-122.5011702
7706,7707,-2.244720686625945,0.025773647668450025,Kings County,0.01436088561822285,0.0,230,0.0,'Substation',' ',36.24195533,-119.9032943
7707,7708,-2.244720686625945,0.025773647668450025,Kings County,0.01436088561822285,0.0,66,0.0,'Substation',' ',36.24192858,-119.9033148
7708,7709,-2.4961325756663664,1.022778201607768,Los Angeles County,0.39927286037590476,0.0,230,0.0,'Substation',' ',33.86978862,-118.3328685
7709,7710,-1.336710115089497,1.0183677906880861,Los Angeles County,0.3975511211165361,1.14865867,66,0.8601869055673196,'Substation',' ',33.86978338,-118.3328875
7710,7711,-2.025018892718692,0.6577149197004082,San Bernardino County,0.3094259804847981,0.0,230,0.0,'AddedNode',' ',34.03477096,-117.2660595
7711,7712,-1.7890136045997616,0.5723794901920398,San Bernardino County,0.27989210228387656,0.0,115,0.0,'AddedNode',' ',34.03478359,-117.2660675
7712,7713,-3.0430103910843833,1.3163754948699757,San Diego County,0.4311515639636323,0.0,230,0.0,'AddedNode',' ',33.1749424,-117.2801132
7713,7714,-2.763371492328813,1.1887418890970411,San Diego County,0.39149842713480276,0.0,115,0.0,'AddedNode',' ',33.17490041,-117.2801244
7714,7715,-1.8530010781943853,0.7422079097693731,Kern County,0.4069825798278245,0.0,66,0.0,'Substation',' ',35.37800345,-119.0954011
7715,7716,-1.8530010781943853,0.7422079097693731,Kern County,0.4069825798278245,0.0,115,0.0,'Substation',' ',35.37801241,-119.0954143
7716,7717,-2.255510867334778,0.22695602346803853,Stanislaus County,0.09900540929634082,0.0,66,0.0,'AddedNode',' ',37.66710338,-120.9215488
7717,7718,-2.1626171922127977,0.7320575303004117,Stanislaus County,0.30157176540752867,0.0,115,0.0,'AddedNode',' ',37.66709244,-120.9215127
7718,7719,-1.4335129453930573,0.5271457537878604,Sacramento County,0.3912871845327387,0.0,230,0.0,'AddedNode',' ',38.37317415,-121.3530221
7719,7720,-1.4335129453930573,0.5271457537878604,Sacramento County,0.3912871845327387,0.0,66,0.0,'AddedNode',' ',38.37320525,-121.3530033
7720,7721,-2.0741527690452877,0.5908867299781753,Alameda County,0.2788946427125371,0.0,66,0.0,'AddedNode',' ',37.84732644,-122.2294245
7721,7722,-2.0741527690452877,0.5908867299781753,Alameda County,0.2788946427125371,0.0,115,0.0,'AddedNode',' ',37.84727784,-122.2294457
7722,7723,-2.210129827729353,0.0,Kern County,0.0,0.0,230,0.0,'AddedNode',' ',35.40095856,-119.4479845
7723,7724,-2.210129827729353,0.0,Kern County,0.0,0.0,115,0.0,'AddedNode',' ',35.40098751,-119.4479322
7724,7725,-1.9092712079841934,0.840079331513045,Los Angeles County,0.43833844891181095,0.0,230,0.0,'Substation',' ',33.90157971,-118.3915996
7725,7726,-1.9092712079841934,0.840079331513045,Los Angeles County,0.43833844891181095,0.0,66,0.0,'Substation',' ',33.90160172,-118.3916633
7726,7727,-0.8780064770748393,0.38521315135943435,Sacramento County,0.439128452723324,0.0,66,0.0,'Substation',' ',38.54814056,-121.4077324
7727,7728,-1.2292344720792865,0.48181246277501405,Sacramento County,0.41143264220928266,0.0,115,0.0,'Substation',' ',38.54812503,-121.4077433
7728,7729,-2.2695534192868623,0.39513604263518515,Monterey County,0.1716789109938508,0.0,66,0.0,'AddedNode',' ',36.70251028,-121.6898069
7729,7730,-2.2695534192868623,0.39513604263518515,Monterey County,0.1716789109938508,0.0,115,0.0,'AddedNode',' ',36.70248023,-121.6898331
7730,7731,-3.0271109194832695,1.3070597823337275,Orange County,0.42901351744562716,0.0,230,0.0,'Substation',' ',33.66701748,-117.6423751
7731,7732,34.84313341405941,1.1765043062411533,Orange County,0.38616156470612895,37.5678818,66,0.028007783503655476,'Substation',' ',33.66696983,-117.6424057
7732,7733,-2.0283967743563873,0.7031111220996132,San Bernardino County,0.3303300845098716,0.0,500,0.0,'AddedNode',' ',34.01194111,-117.5645164
7733,7734,-2.028396774356387,0.7031111220996132,San Bernardino County,0.3303300845098716,0.0,66,0.0,'AddedNode',' ',34.01190701,-117.5645464
7734,7735,-2.2595429801113585,0.2050317510512745,Stanislaus County,0.09021287964877676,0.0,66,0.0,'AddedNode',' ',37.66732859,-120.9176342
7735,7736,-2.2595429801113585,0.2050317510512745,Stanislaus County,0.09021287964877674,0.0,115,0.0,'AddedNode',' ',37.66737378,-120.9176515
7736,7737,-2.37308578667111,0.6564298893621703,Santa Clara County,0.24485246251542367,0.0,66,0.0,'AddedNode',' ',37.37445281,-122.0171034
7737,7738,-2.37308578667111,0.6564298893621703,Santa Clara County,0.24485246251542367,0.0,115,0.0,'AddedNode',' ',37.37443788,-122.0171767
7738,7739,-3.0103568003583763,1.2998256122358858,Orange County,0.4266390608205953,0.0,230,0.0,'AddedNode',' ',33.68321089,-117.9446811
7739,7740,-3.0103568003583763,1.2998256122358858,Orange County,0.4266390608205953,0.0,66,0.0,'AddedNode',' ',33.68327001,-117.9447176
7740,7741,-2.54174406246259,0.6470583884215798,San Joaquin County,0.23080189743298848,0.0,66,0.0,'AddedNode',' ',37.78650227,-121.2789074
7741,7742,-2.54174406246259,0.6470583884215798,San Joaquin County,0.23080189743298848,0.0,115,0.0,'AddedNode',' ',37.78643491,-121.2788605
7742,7743,-2.166565072483312,0.15034630593853227,Kern County,0.08377184830335836,0.0,230,0.0,'AddedNode',' ',35.60161688,-119.6145698
7743,7744,-2.166565072483312,0.15034630593853227,Kern County,0.08377184830335836,0.0,115,0.0,'AddedNode',' ',35.6016192,-119.6145659
7744,7745,-0.8008447968569098,0.3507119782158733,Shasta County,0.43034776044912887,0.0,230,0.0,'Substation',' ',40.67896254,-122.4251023
7745,7746,-0.7369445610450871,0.32163190157149363,Shasta County,0.43058036561150403,0.0,66,0.0,'Substation',' ',40.67896998,-122.4250914
7746,7747,-2.4961325756663664,1.0227782016077678,Los Angeles County,0.39927286037590476,0.0,230,0.0,'Substation',' ',33.85268118,-118.3938368
7747,7748,3.819577919180376,0.9955826113154522,Los Angeles County,0.3886562270642494,6.24933853,66,0.15111064749287653,'Substation',' ',33.85261435,-118.3938607
7748,7749,-1.1716943879412172,0.47035594354754307,Yolo County,0.38408013438806377,0.0,66,0.0,'AddedNode',' ',38.59009251,-121.7300537
7749,7750,-1.1716943879412172,0.47035594354754307,Yolo County,0.38408013438806377,0.0,115,0.0,'AddedNode',' ',38.59008031,-121.7300808
7750,7751,-1.482181168985922,0.6521597143538056,Imperial County,0.44000000471058065,0.0,230,0.0,'Substation',' ',32.80233773,-115.5371291
7751,7752,-0.9062904469141817,0.034439036982738896,Imperial County,0.03790471155773438,0.0,66,0.0,'Substation',' ',32.80231892,-115.537175
7752,7753,-1.3820258737700688,0.5311325146661756,Imperial County,0.34485954742163544,0.0,115,0.0,'Substation',' ',32.80237428,-115.5371749
7753,7754,-2.2735925815795666,0.5854051531995463,San Joaquin County,0.25415224269924236,0.0,230,0.0,'Substation',' ',37.99234052,-121.3486474
7754,7755,10.837980146319651,0.5749075995730931,San Joaquin County,0.24959475497909372,13.0708024,66,0.042637070492261016,'Substation',' ',37.99229623,-121.3486288
7755,7756,-1.8328621553766185,0.7927795724966886,Kern County,0.42815167648358227,0.0,66,0.0,'AddedNode',' ',35.40253322,-119.0095225
7756,7757,-1.855156361687373,0.8024226279203306,Kern County,0.43335954319620956,0.0,115,0.0,'AddedNode',' ',35.40253364,-119.0094645
7757,7758,31.030210564459374,0.696994287050747,San Joaquin County,0.2431607411234222,33.3038366,66,0.01660038747126108,'Substation',' ',37.80116217,-121.2238314
7758,7759,-2.646623767934488,0.8113390757264223,San Joaquin County,0.2830522640161399,0.0,115,0.0,'Substation',' ',37.80115769,-121.2239054
7759,7760,-2.0598095639933756,0.7202455128688223,San Bernardino County,0.33626441598953827,0.0,230,0.0,'AddedNode',' ',33.99704867,-117.679543
7760,7761,-2.0598095639933756,0.7202455128688223,San Bernardino County,0.33626441598953827,0.0,500,0.0,'AddedNode',' ',33.99705872,-117.6795319
7761,7762,-2.906895282351047,1.2501243543944156,San Diego County,0.41181548112134825,0.0,66,0.0,'AddedNode',' ',32.78252388,-117.1383314
7762,7763,-2.906895282351047,1.2501243543944156,San Diego County,0.41181548112134825,0.0,115,0.0,'AddedNode',' ',32.78249087,-117.1383497
7763,7764,0.0,0.0,Imperial County,0.0,0.0,66,0.0,'Substation',' ',32.7603857,-114.7486701
7764,7765,-2.084979295681142,0.8965410971428909,Imperial County,0.4299999784006431,0.0,115,0.0,'Substation',' ',32.76037313,-114.7486325
7765,7766,-1.9637465863152734,0.807300583568687,Riverside County,0.3886056778514776,0.0,66,0.0,'AddedNode',' ',33.68450367,-117.3324879
7766,7767,-1.9637465863152734,0.807300583568687,Riverside County,0.3886056778514776,0.0,115,0.0,'AddedNode',' ',33.68449895,-117.332492
7767,7768,-3.0311343556467083,1.303553967850833,San Diego County,0.4294162437129552,0.0,230,0.0,'AddedNode',' ',33.08055093,-117.2004918
7768,7769,-2.4745143347248533,1.0641768397779037,San Diego County,0.35056072280395445,0.0,115,0.0,'AddedNode',' ',33.08053025,-117.2004427
7769,7770,-4.182212581995787,1.784122718634231,San Bernardino County,0.4178466585123264,0.0,230,0.0,'Substation',' ',34.56366841,-117.3220928
7770,7771,-4.667326050892902,2.006950201883948,San Bernardino County,0.4299999469039921,0.0,500,0.0,'Substation',' ',34.56368448,-117.3221111
7771,7772,-1.881531862863224,0.7273495567367537,San Bernardino County,0.3602089344138169,0.0,66,0.0,'Substation',' ',34.56364104,-117.3220901
7772,7773,-2.672641129830589,1.151828756077427,Los Angeles County,0.4255018942874978,0.0,230,0.0,'Substation',' ',33.91924041,-118.425367
7773,7774,-1.7507352271338563,0.7703234999388968,Los Angeles County,0.43560623426563266,0.0,66,0.0,'Substation',' ',33.91919279,-118.4254139
7774,7775,-2.161426514576366,0.9402767287351318,Los Angeles County,0.4311049458128326,0.0,115,0.0,'Substation',' ',33.91922262,-118.4254107
7775,7776,-2.4998563176501496,0.7782405779090609,San Mateo County,0.26361840772119816,0.0,66,0.0,'AddedNode',' ',37.52309976,-122.2656001
7776,7777,-2.4998563176501496,0.7782405779090609,San Mateo County,0.26361840772119816,0.0,115,0.0,'AddedNode',' ',37.52310128,-122.265612
7777,7778,-2.2735925815795666,0.5854051531995464,Amador County,0.2541522426992424,0.0,230,0.0,'Substation',' ',38.33152352,-120.6697894
7778,7779,-2.2735925815795666,0.5854051531995463,Amador County,0.25415224269924236,0.0,66,0.0,'Substation',' ',38.33153169,-120.6697873
7779,7780,-3.0243634621879867,1.301014917949955,San Diego County,0.42847425393852023,0.0,230,0.0,'Substation',' ',33.13693016,-117.3355562
7780,7781,2.214795141396645,1.197650286533485,San Diego County,0.3944323050578805,4.99887526,66,0.2196756433259226,'Substation',' ',33.13699045,-117.3355222
7781,7782,-3.0243634621879867,1.301014917949955,San Diego County,0.42847425393852023,0.0,115,0.0,'Substation',' ',33.13692609,-117.3355207
7782,7783,-2.0314803010269715,0.6600511470143361,San Bernardino County,0.3102346457675251,0.0,66,0.0,'AddedNode',' ',34.02652139,-117.1115819
7783,7784,-2.0314803010269715,0.6600511470143361,San Bernardino County,0.3102346457675251,0.0,115,0.0,'AddedNode',' ',34.02659906,-117.111555
7784,7785,-2.047025677713649,0.7153621947891999,San Bernardino County,0.3347032722871197,0.0,230,0.0,'Substation',' ',33.9983907,-117.6785606
7785,7786,-2.0598095639933756,0.7202455128688224,San Bernardino County,0.3362644159895384,0.0,500,0.0,'Substation',' ',33.99832191,-117.6785285
7786,7787,5.300089802704441,0.7054171857631402,San Bernardino County,0.3315237231573306,7.32108036,66,0.09151741014633966,'Substation',' ',33.99838617,-117.6785196
7787,7788,-2.4156326644154476,0.7336984133291877,Contra Costa County,0.29217788571823744,0.0,230,0.0,'Substation',' ',37.7447448,-121.9358634
7788,7789,14.625410856462835,0.6764952762972887,Contra Costa County,0.26939810136707226,16.8527076,66,0.03560433896627832,'Substation',' ',37.74468834,-121.935896
7789,7790,-2.784908654050882,0.8890171627041004,San Francisco County,0.28918263392008825,0.0,230,0.0,'AddedNode',' ',37.74819896,-122.413668
7790,7791,-2.784908654050882,0.8890171627041004,San Francisco County,0.28918263392008825,0.0,115,0.0,'AddedNode',' ',37.74816166,-122.4136551
7791,7792,-0.9270904729691102,0.40791980810640843,Kern County,0.4400003413112011,0.0,66,0.0,'Substation',' ',35.44253822,-119.7395888
7792,7793,-0.8566806746870292,0.3769394968622928,Kern County,0.43999939280924505,0.0,115,0.0,'Substation',' ',35.44248833,-119.7396103
7793,7794,-2.378681086913172,0.9766523420092492,San Diego County,0.3704911937693655,0.0,66,0.0,'AddedNode',' ',33.01836944,-116.8528713
7794,7795,-2.500751148646674,1.0383112978824969,San Diego County,0.38115566180205807,0.0,115,0.0,'AddedNode',' ',33.01836284,-116.8528608
7795,7796,-2.274794204794559,0.6179502349708338,Contra Costa County,0.268179037944308,0.0,66,0.0,'AddedNode',' ',37.99746055,-121.7899155
7796,7797,-2.274794204794559,0.6179502349708338,Contra Costa County,0.268179037944308,0.0,115,0.0,'AddedNode',' ',37.99740576,-121.7898937
7797,7798,-0.9275489634389122,0.035246860610678665,Imperial County,0.03734041296817096,0.0,66,0.0,'AddedNode',' ',32.69398388,-115.3370482
7798,7799,-0.9275489634389122,0.035246860610678665,Imperial County,0.03734041296817096,0.0,115,0.0,'AddedNode',' ',32.69401354,-115.3370808
7799,7800,-3.0271109194832695,1.3070597823337275,Orange County,0.42901351744562716,0.0,230,0.0,'Substation',' ',33.45690796,-117.5892211
7800,7801,10.5761539026531,1.0563782147426433,Orange County,0.34132173109513775,12.9777764,66,0.0631638212098855,'Substation',' ',33.45691855,-117.5892519
7801,7802,-3.0252083400393452,1.306297271661123,Orange County,0.4287467809494637,0.0,115,0.0,'Substation',' ',33.45687089,-117.5892392
7802,7803,-2.2447206866259446,0.025773647668450025,Fresno County,0.01436088561822285,0.0,230,0.0,'AddedNode',' ',36.84448681,-119.9201522
7803,7804,-2.2447206866259446,0.025773647668450025,Fresno County,0.01436088561822285,0.0,115,0.0,'AddedNode',' ',36.84455738,-119.9202098
7804,7805,-3.9983286786298624,1.6955833516160217,Los Angeles County,0.413823177025245,0.0,230,0.0,'Substation',' ',33.94829445,-118.2551678
7805,7806,26.304483362734203,1.5536873113398268,Los Angeles County,0.37919210439856915,29.9682092,115,0.04635765523727816,'Substation',' ',33.94825012,-118.2551749
7806,7807,-2.098260382611659,0.92323456834913,San Bernardino County,0.4399999374077756,0.0,66,0.0,'Substation',' ',34.07945249,-117.240419
7807,7808,-2.098260382611659,0.92323456834913,San Bernardino County,0.4399999374077756,0.0,115,0.0,'Substation',' ',34.07947877,-117.2403642
7808,7809,-1.0000616768823702,0.4359528814642213,Colusa County,0.4347799237151245,0.0,66,0.0,'Substation',' ',39.12053554,-122.2233849
7809,7810,-1.0000616768823702,0.4359528814642213,Colusa County,0.4347799237151245,0.0,115,0.0,'Substation',' ',39.12052808,-122.2233561
7810,7811,0.0,0.0,Merced County,0.0,0.0,66,0.0,'AddedNode',' ',37.07558873,-121.1911965
7811,7812,-2.2595554429891234,0.2050328819373314,Merced County,0.09021337723262522,0.0,115,0.0,'AddedNode',' ',37.07555504,-121.1912039
7812,7813,-1.9637112969629937,0.807286076037579,Riverside County,0.3885986944439651,0.0,66,0.0,'AddedNode',' ',33.70604881,-117.3597999
7813,7814,-1.9637112969629937,0.807286076037579,Riverside County,0.3885986944439651,0.0,115,0.0,'AddedNode',' ',33.70604531,-117.3597863
7814,7815,-1.561811531362901,0.49116318825662414,Riverside County,0.2507560660547975,0.0,66,0.0,'AddedNode',' ',33.77280417,-116.9807608
7815,7816,-1.561811531362901,0.49116318825662414,Riverside County,0.2507560660547975,0.0,115,0.0,'AddedNode',' ',33.77275731,-116.9807168
7816,7817,-1.0252930979570833,0.45112896310111666,Sacramento County,0.436662360335784,0.0,66,0.0,'Substation',' ',38.50888149,-121.40971
7817,7818,-1.0252930979570833,0.45112896310111666,Sacramento County,0.436662360335784,0.0,115,0.0,'Substation',' ',38.5088237,-121.4096816
7818,7819,-3.8603955028205554,1.6268591697032406,Los Angeles County,0.4099020879273683,0.0,230,0.0,'Substation',' ',34.01543658,-118.2037922
7819,7820,15.936218320048024,1.549012821409182,Los Angeles County,0.39028798653648006,19.6118912,66,0.07314801784558142,'Substation',' ',34.01543272,-118.2038146
7820,7821,-2.37855920845834,0.511467715304413,San Mateo County,0.19601091946348762,0.0,230,0.0,'Substation',' ',37.45763021,-122.2863257
7821,7822,-2.37855920845834,0.511467715304413,San Mateo County,0.19601091946348762,0.0,66,0.0,'Substation',' ',37.4575755,-122.2864161
7822,7823,-3.325611831760672,1.1975266165708647,Alameda County,0.32067390210027336,0.0,230,0.0,'Substation',' ',37.62506173,-122.1165823
7823,7824,40.399045091714775,1.0648109481459822,Alameda County,0.2851352755054676,43.3560966,115,0.019447315663070237,'Substation',' ',37.62504401,-122.1165892
7824,7825,-2.1626171922127977,0.7320575303004118,Stanislaus County,0.30157176540752867,0.0,66,0.0,'AddedNode',' ',37.66781547,-120.9586717
7825,7826,-2.259542980111358,0.2050317510512745,Stanislaus County,0.09021287964877674,0.0,115,0.0,'AddedNode',' ',37.66776941,-120.9587161
7826,7827,-1.4335154066552618,0.5271466588678764,Sacramento County,0.39128785635112795,0.0,230,0.0,'Substation',' ',38.50824083,-121.3553738
7827,7828,-1.087184754923329,0.4371380978040547,Sacramento County,0.42047843639371296,0.0,66,0.0,'Substation',' ',38.50826589,-121.3553692
7828,7829,-1.4335154066552618,0.5271466588678764,Sacramento County,0.39128785635112795,0.0,115,0.0,'Substation',' ',38.50826651,-121.3553338
7829,7830,-2.0468817085498654,0.711082718348887,San Bernardino County,0.3340949321390697,0.0,230,0.0,'Substation',' ',34.0891351,-117.527049
7830,7831,-2.0468780567232066,0.7110814497114193,San Bernardino County,0.3340943360827492,0.0,66,0.0,'Substation',' ',34.0891736,-117.527047
7831,7832,-1.1833321799486909,0.5108665198531481,Placer County,0.4309023353672749,0.0,230,0.0,'Substation',' ',38.76299123,-121.3572333
7832,7833,-1.1833321799486909,0.5108665198531481,Placer County,0.4309023353672749,0.0,66,0.0,'Substation',' ',38.7629841,-121.3572386
7833,7834,-2.203955204878609,0.582000635835271,Sacramento County,0.2633762008183373,0.0,230,0.0,'Substation',' ',38.65743918,-121.1367682
7834,7835,-1.5133111260985457,0.4527873996592289,Sacramento County,0.20194432022748487,0.612502738,66,0.7008883537685405,'Substation',' ',38.65749333,-121.136732
7835,7836,-2.235087620994669,0.4760621468379859,Sacramento County,0.21232491606786835,0.0,115,0.0,'Substation',' ',38.65749942,-121.1367753
7836,7837,-1.1127703465353207,0.47849124901018786,Nevada County,0.4299998883163978,0.0,66,0.0,'Substation',' ',39.3192471,-120.3788903
7837,7838,-1.1127703465353207,0.47849124901018786,Nevada County,0.4299998883163978,0.0,115,0.0,'Substation',' ',39.31925294,-120.3788044
7838,7839,-2.274794204794559,0.6179502349708338,Contra Costa County,0.268179037944308,0.0,230,0.0,'Substation',' ',37.99953661,-121.7828376
7839,7840,5.427116310918053,0.563315540560809,Contra Costa County,0.2444685852960405,7.50078965,66,0.06758594911023535,'Substation',' ',37.99953097,-121.782776
7840,7841,-2.274794204794559,0.6179502349708338,Contra Costa County,0.268179037944308,0.0,115,0.0,'Substation',' ',37.99955629,-121.7827931
7841,7842,-1.0440262225521582,0.4593715379229496,Sacramento County,0.44000008559078285,0.0,230,0.0,'AddedNode',' ',38.51065935,-121.4752984
7842,7843,-1.0440262225521582,0.4593715379229496,Sacramento County,0.44000008559078285,0.0,66,0.0,'AddedNode',' ',38.51057444,-121.4752499
7843,7844,-2.244720543864134,0.02577364602927388,Fresno County,0.014360884704886041,0.0,230,0.0,'Substation',' ',36.821906,-119.8589773
7844,7845,20.826001062308187,0.02412122556668264,Fresno County,0.013440168259866417,22.9268063,115,0.0012315355006853536,'Substation',' ',36.82195601,-119.8589138
7845,7846,-1.9017177096253512,0.09619581869182184,Kern County,0.048986172988245216,0.0,66,0.0,'AddedNode',' ',35.03165033,-117.700212
7846,7847,-1.9017177096253512,0.09619581869182184,Kern County,0.048986172988245216,0.0,115,0.0,'AddedNode',' ',35.03167776,-117.7002272
7847,7848,-0.9872117308220524,0.42814994151410046,Glenn County,0.4324005465804932,0.0,230,0.0,'Substation',' ',39.77794836,-122.1428552
7848,7849,-0.9924998529856498,0.43136093479964377,Glenn County,0.4333799337897756,0.0,66,0.0,'Substation',' ',39.7779599,-122.1428682
7849,7850,-2.273592581579566,0.5854051531995463,San Joaquin County,0.25415224269924236,0.0,230,0.0,'Substation',' ',38.01554628,-121.0136589
7850,7851,-2.2735925815795657,0.5854051531995462,San Joaquin County,0.2541522426992423,0.0,115,0.0,'Substation',' ',38.01550268,-121.0136681
7851,7852,-0.7733697075802983,0.029388048888051337,Imperial County,0.037610961538096885,0.0,66,0.0,'AddedNode',' ',32.97882156,-115.5006019
7852,7853,-0.7733697075802983,0.029388048888051337,Imperial County,0.037610961538096885,0.0,115,0.0,'AddedNode',' ',32.97880864,-115.5006872
7853,7854,-1.9638042584519833,0.8073242927121917,Riverside County,0.3886170905866726,0.0,66,0.0,'AddedNode',' ',33.71278068,-117.3838413
7854,7855,-1.9638042584519833,0.8073242927121917,Riverside County,0.3886170905866726,0.0,115,0.0,'AddedNode',' ',33.71279311,-117.3838643
7855,7856,-1.8885061160297278,0.0967014925452384,San Bernardino County,0.0494488986534633,0.0,66,0.0,'AddedNode',' ',34.99785548,-117.5433965
7856,7857,-1.8885061160297278,0.0967014925452384,San Bernardino County,0.0494488986534633,0.0,115,0.0,'AddedNode',' ',34.9978302,-117.5433958
7857,7858,-1.4014878286609995,0.5891152302397885,Plumas County,0.42393635194171597,0.0,66,0.0,'AddedNode',' ',40.01341658,-121.2241296
7858,7859,-1.4014878286609995,0.5891152302397885,Plumas County,0.42393635194171597,0.0,115,0.0,'AddedNode',' ',40.01345499,-121.2240853
7859,7860,-1.595956350220734,0.2420590316198794,Sonoma County,0.14369408994037294,0.0,66,0.0,'AddedNode',' ',38.4968468,-122.6677976
7860,7861,-1.595956350220734,0.2420590316198794,Sonoma County,0.14369408994037294,0.0,115,0.0,'AddedNode',' ',38.49679701,-122.6678059
7861,7862,-2.2426442477387636,0.6922903666105992,Alameda County,0.2821247962403953,0.0,66,0.0,'AddedNode',' ',37.81018108,-122.2729907
7862,7863,-2.2426442477387636,0.6922903666105992,Alameda County,0.2821247962403953,0.0,115,0.0,'AddedNode',' ',37.81018243,-122.2729774
7863,7864,-2.138015369494461,0.6090799719179596,Alameda County,0.2874817330179267,0.0,66,0.0,'AddedNode',' ',37.8760025,-122.2453147
7864,7865,-2.138015369494461,0.6090799719179596,Alameda County,0.2874817330179267,0.0,115,0.0,'AddedNode',' ',37.87596852,-122.2452766
7865,7866,-2.4725803321427824,0.9715011612874369,Orange County,0.375672891354829,0.0,230,0.0,'Substation',' ',33.81546184,-117.8344187
7866,7867,12.878128270964783,0.9539941581174642,Orange County,0.36890305230378145,15.3061513,66,0.058519289984737335,'Substation',' ',33.8154625,-117.8343681
7867,7868,-2.3157893788702424,0.8906161171110341,Los Angeles County,0.3702455740589544,0.0,230,0.0,'Substation',' ',33.97594301,-118.147888
7868,7869,6.610703906807432,0.8811678452572838,Los Angeles County,0.36631775289207047,8.90192579,66,0.09428468304814294,'Substation',' ',33.97591181,-118.1478911
7869,7870,-3.0271115207140333,1.3070600419358938,Orange County,0.4290136026543069,0.0,230,0.0,'Substation',' ',33.66489011,-117.7680577
7870,7871,16.26463215947222,1.2556489299809899,Orange County,0.41213904016399483,19.1726771,66,0.06251181534491501,'Substation',' ',33.66488581,-117.768026
7871,7872,-1.4014878286609995,0.5891152302397885,Sacramento County,0.42393635194171597,0.0,230,0.0,'AddedNode',' ',38.68308244,-121.1399601
7872,7873,-1.4014878286609995,0.5891152302397885,Sacramento County,0.42393635194171597,0.0,115,0.0,'AddedNode',' ',38.6830912,-121.1399231
7873,7874,-2.2595467511676652,0.20503209323829402,Stanislaus County,0.09021303020924482,0.0,230,0.0,'Substation',' ',37.64250706,-121.0429726
7874,7875,-2.2595467511676652,0.20503209323829402,Stanislaus County,0.09021303020924482,0.0,66,0.0,'Substation',' ',37.64259383,-121.0429188
7875,7876,-1.9902488195622272,0.6466545678694895,San Bernardino County,0.3039380382935473,0.0,66,0.0,'AddedNode',' ',34.08827139,-117.040123
7876,7877,-1.9902488195622272,0.6466545678694895,San Bernardino County,0.3039380382935473,0.0,115,0.0,'AddedNode',' ',34.08832921,-117.0401391
7877,7878,-2.031475981779501,0.660049743641512,San Bernardino County,0.3102339861597464,0.0,66,0.0,'AddedNode',' ',34.07018843,-117.2086317
7878,7879,-2.031475981779501,0.660049743641512,San Bernardino County,0.3102339861597464,0.0,115,0.0,'AddedNode',' ',34.07019007,-117.2086021
7879,7880,-0.48929265207994854,0.0,Santa Barbara County,0.0,1.25576569,66,0.0,'Substation',' ',34.82826787,-120.4484566
7880,7881,-2.243202367726771,0.0,Santa Barbara County,0.0,0.0,115,0.0,'Substation',' ',34.82817718,-120.4484135
7881,7882,-1.044025150113827,0.4593710660500838,Sacramento County,0.43999963361654376,0.0,230,0.0,'Substation',' ',38.51106842,-121.4750191
7882,7883,-1.044025150113827,0.4593710660500838,Sacramento County,0.43999963361654376,0.0,115,0.0,'Substation',' ',38.51110946,-121.4750838
7883,7884,-2.8277862308190826,1.1513675552861173,Los Angeles County,0.3937887466337607,0.0,230,0.0,'Substation',' ',34.31192399,-118.4804278
7884,7885,0.34328882887397416,1.136236448570153,Los Angeles County,0.3886136315964253,3.1339127,66,0.3460448904584865,'Substation',' ',34.3118678,-118.4803652
7885,7886,-3.0302135630176883,1.3031579765339547,San Diego County,0.42928579640656783,0.0,230,0.0,'AddedNode',' ',32.91998392,-117.2171581
7886,7887,-3.0302135630176883,1.3031579765339547,San Diego County,0.42928579640656783,0.0,115,0.0,'AddedNode',' ',32.91993777,-117.2171342
7887,7888,-2.7615647220982305,1.187472830502239,Imperial County,0.4299999841962178,0.0,230,0.0,'Substation',' ',32.71792376,-115.7156357
7888,7889,-2.993092782398979,1.2870298964315607,Imperial County,0.43000000677637545,0.0,500,0.0,'Substation',' ',32.71798545,-115.715688
7889,7890,-1.9639792783119532,0.48970400748336934,Kern County,0.2722265458606194,0.0,66,0.0,'AddedNode',' ',35.45396217,-118.9913893
7890,7891,-1.9639792783119532,0.48970400748336934,Kern County,0.2722265458606194,0.0,115,0.0,'AddedNode',' ',35.45394521,-118.9913727
7891,7892,-2.274798774734447,0.617951476399804,Solano County,0.2681795767016514,0.0,230,0.0,'Substation',' ',38.28545467,-121.9706952
7892,7893,17.944005340395254,0.5615861883844722,Solano County,0.24371807825409594,20.0113126,66,0.025177766323614882,'Substation',' ',38.2854921,-121.9706995
7893,7894,-2.646623767934488,0.8113390757264223,San Joaquin County,0.2830522640161399,0.0,66,0.0,'AddedNode',' ',37.75448216,-121.3273348
7894,7895,-2.646623767934488,0.8113390757264223,San Joaquin County,0.2830522640161399,0.0,115,0.0,'AddedNode',' ',37.75453051,-121.3274201
7895,7896,3.663136563077195,1.429662442202882,Santa Clara County,0.27420497238886404,7.17241942,66,0.13416153637139527,'Substation',' ',37.35623222,-121.9397986
7896,7897,-2.5471991766642654,0.851132707938102,Santa Clara County,0.22062422489364014,0.0,115,0.0,'Substation',' ',37.35615633,-121.9398365
7897,7898,-2.2356154001868873,0.9613146220803616,Riverside County,0.4299999679913723,0.0,500,0.0,'AddedNode',' ',33.93160442,-116.5801282
7898,7899,0.0,0.0,Riverside County,0.0,0.0,115,0.0,'AddedNode',' ',33.93157002,-116.5801815
7899,7900,-0.8892128000671823,0.39125363202956015,Trinity County,0.4373267999768466,0.0,66,0.0,'Substation',' ',40.64643682,-122.9466795
7900,7901,-0.8892128000671823,0.39125363202956015,Trinity County,0.4373267999768466,0.0,115,0.0,'Substation',' ',40.64634829,-122.9467281
7901,7902,-3.095796646596289,1.362150524502367,San Diego County,0.4400000041873548,0.0,230,0.0,'AddedNode',' ',33.25374478,-117.0949578
7902,7903,-3.095796646596289,1.362150524502367,San Diego County,0.4400000041873548,0.0,66,0.0,'AddedNode',' ',33.25371242,-117.0950392
7903,7904,-2.029476200481619,0.09131041881727517,San Bernardino County,0.04451464988558194,0.0,230,0.0,'Substation',' ',34.98945554,-117.5423921
7904,7905,-1.8885061160297278,0.0967014925452384,San Bernardino County,0.0494488986534633,0.0,66,0.0,'Substation',' ',34.98949717,-117.5423492
7905,7906,-1.901717710280007,0.09619581872493671,San Bernardino County,0.04898617300510844,0.0,115,0.0,'Substation',' ',34.98948531,-117.5423634
7906,7907,-1.2496425377652414,0.5391288274993358,Shasta County,0.4300817450878791,0.0,230,0.0,'Substation',' ',40.3824504,-122.3822466
7907,7908,-1.4102457401878132,0.6064056682807597,Shasta County,0.43000001182979003,0.0,500,0.0,'Substation',' ',40.38246713,-122.3822499
7908,7909,-3.9983319390689984,1.6955847342803203,Los Angeles County,0.4138235144775632,0.0,230,0.0,'AddedNode',' ',34.13650648,-117.7492201
7909,7910,-1.8719338715151226,0.6925571068033174,Los Angeles County,0.3267450533985551,0.0,66,0.0,'AddedNode',' ',34.13649193,-117.7492203
7910,7911,-1.8885061160297278,0.0967014925452384,San Bernardino County,0.0494488986534633,0.0,230,0.0,'Substation',' ',35.02669316,-117.348207
7911,7912,-1.8885061160297278,0.0967014925452384,San Bernardino County,0.0494488986534633,0.0,66,0.0,'Substation',' ',35.02665085,-117.348244
7912,7913,-0.461934185836411,0.3917999322322623,Merced County,0.21052606818925498,1.52864545,66,0.2741439515292697,'Substation',' ',37.27333607,-120.4872542
7913,7914,-2.2394461278628293,0.05431047192284265,Merced County,0.028016082063305286,0.0,115,0.0,'Substation',' ',37.27330581,-120.4872857
7914,7915,-2.4872878729479697,0.9804805145010215,Orange County,0.3770667355623984,0.0,230,0.0,'AddedNode',' ',33.80907577,-117.9843817
7915,7916,-2.48728787294797,0.9804805145010215,Orange County,0.3770667355623984,0.0,66,0.0,'AddedNode',' ',33.80905782,-117.9843855
7916,7917,-2.212918403924527,0.38527571696288265,Santa Clara County,0.16739479162530077,0.0,230,0.0,'Substation',' ',37.28102858,-122.0151755
7917,7918,23.484773430847802,0.3435737611978071,Santa Clara County,0.1492761044402092,25.4581672,66,0.011571160330254304,'Substation',' ',37.28103367,-122.0151969
7918,7919,-2.3476546388295123,1.0094914946966902,San Bernardino County,0.43000000529344345,0.0,230,0.0,'Substation',' ',35.25223227,-115.5157519
7919,7920,-2.347654773975791,1.00949155280959,San Bernardino County,0.43000003004704207,0.0,500,0.0,'Substation',' ',35.25222325,-115.5157004
7920,7921,-1.9182330593929677,0.5959486732201822,San Joaquin County,0.3274113525293622,0.0,66,0.0,'AddedNode',' ',37.93197474,-121.2968916
7921,7922,-2.241111512117905,0.22614991414460653,San Joaquin County,0.10302674973089244,0.0,115,0.0,'AddedNode',' ',37.93202928,-121.2969649
7922,7923,-0.7733676159447138,0.029387969405899123,Imperial County,0.03761085981646911,0.0,66,0.0,'AddedNode',' ',32.96342374,-115.5179151
7923,7924,-0.7733676159447139,0.029387969405899127,Imperial County,0.03761085981646912,0.0,115,0.0,'AddedNode',' ',32.96340991,-115.5178645
7924,7925,-0.9142817367605761,0.03474270599690189,Imperial County,0.036806313160356305,0.0,66,0.0,'AddedNode',' ',32.67968114,-115.4001814
7925,7926,-0.9131545495486617,0.03469987288284915,Imperial County,0.036760935894417396,0.0,115,0.0,'AddedNode',' ',32.67973995,-115.4000885
7926,7927,-2.166565072483312,0.15034630593853227,Kern County,0.08377184830335836,0.0,230,0.0,'Substation',' ',35.40371172,-119.4523725
7927,7928,-2.3291849996020897,0.7410470136422863,Kern County,0.31179080891386063,0.0,500,0.0,'Substation',' ',35.40364658,-119.4523314
7928,7929,-1.7947115931057707,0.7896731009665391,Kern County,0.4400000040603412,0.0,115,0.0,'Substation',' ',35.40372729,-119.4523721
7929,7930,-0.4013946271437818,0.4729558003346898,Stanislaus County,0.1965441569634498,1.48752549,66,0.24957973123225297,'Substation',' ',37.63934049,-120.91968
7930,7931,-1.8889201171437817,0.4729558003346898,Stanislaus County,0.1965441569634498,0.0,115,0.0,'Substation',' ',37.63938144,-120.9196894
7931,7932,-2.166565072483312,0.15034630593853227,Kern County,0.08377184830335836,0.0,230,0.0,'AddedNode',' ',35.3870151,-119.1639052
7932,7933,-2.166565072483312,0.15034630593853227,Kern County,0.08377184830335836,0.0,115,0.0,'AddedNode',' ',35.38705337,-119.1639415
7933,7934,-3.095796646596289,1.362150524502367,San Diego County,0.4400000041873548,0.0,230,0.0,'Substation',' ',33.453114,-117.5714875
7934,7935,-3.095796646596289,1.362150524502367,San Diego County,0.4400000041873548,0.0,66,0.0,'Substation',' ',33.453147,-117.5714813
7935,7936,-3.095796646596289,1.362150524502367,San Diego County,0.4400000041873548,0.0,115,0.0,'Substation',' ',33.45312814,-117.571433
7936,7937,-1.2590213455728687,0.5539693920520622,Monterey County,0.43999948101219033,0.0,230,0.0,'Substation',' ',36.26518293,-121.1458146
7937,7938,-1.2590213455728687,0.5539693920520622,Monterey County,0.43999948101219033,0.0,66,0.0,'Substation',' ',36.26513946,-121.1458666
7938,7939,-3.030184805723881,1.3031456093208758,San Diego County,0.4292817224040205,0.0,230,0.0,'Substation',' ',32.91869913,-117.2190936
7939,7940,1.1490530701440722,1.218838440764526,San Diego County,0.40150928755866455,3.98319969,115,0.28568394224170846,'Substation',' ',32.91870837,-117.2191148
7940,7941,-1.94310732490361,0.7961787906098091,Los Angeles County,0.31081282588707126,0.0,230,0.0,'Substation',' ',33.98913921,-118.3594038
7941,7942,9.33106827509639,0.7961787906098091,Los Angeles County,0.31081282588707126,11.2741756,115,0.05356867766501333,'Substation',' ',33.98918122,-118.3594185
7942,7943,-3.0302135630176883,1.3031579765339552,San Diego County,0.4292857964065679,0.0,230,0.0,'AddedNode',' ',32.93857023,-117.169127
7943,7944,-3.0302135630176883,1.3031579765339552,San Diego County,0.4292857964065679,0.0,115,0.0,'AddedNode',' ',32.93858035,-117.1691255
7944,7945,-1.9652164715150877,0.4920592039232246,Stanislaus County,0.2044828741771601,0.0,66,0.0,'Substation',' ',37.63755084,-120.9540703
7945,7946,-1.9652164715150877,0.4920592039232246,Stanislaus County,0.2044828741771601,0.0,115,0.0,'Substation',' ',37.63748009,-120.9541107
7946,7947,-2.3904351667904096,0.9635336644027548,Los Angeles County,0.3976738478496814,0.0,230,0.0,'Substation',' ',34.22153233,-118.1869461
7947,7948,-2.3904351667904096,0.963533664402755,Los Angeles County,0.3976738478496814,0.0,500,0.0,'Substation',' ',34.22148197,-118.1870023
7948,7949,3.9111774250622955,0.873801743369617,Los Angeles County,0.3606392951085372,6.07899625,66,0.12860686547529146,'Substation',' ',34.22146811,-118.1869762
7949,7950,-2.3778642067488023,0.9776401110934375,Los Angeles County,0.40654397313802004,0.0,230,0.0,'Substation',' ',34.42200505,-118.5758575
7950,7951,15.95638064952934,0.973905259130807,Los Angeles County,0.39482862659606227,18.3284335,66,0.05109844052764276,'Substation',' ',34.42202916,-118.5757956
7951,7952,-2.792344333975169,0.9023687920774738,San Francisco County,0.2838593137738293,0.0,230,0.0,'AddedNode',' ',37.78293097,-122.4000032
7952,7953,-2.792344333975169,0.9023687920774738,San Francisco County,0.2838593137738293,0.0,66,0.0,'AddedNode',' ',37.78297386,-122.4000682
7953,7954,-4.508471406338974,1.9348712767489824,Los Angeles County,0.42642623353256004,0.0,230,0.0,'Substation',' ',34.10598475,-118.3587368
7954,7955,6.032497416553355,1.8400232196051183,Los Angeles County,0.40552267252994045,10.319962,115,0.1684758234823686,'Substation',' ',34.10597119,-118.3587988
7955,7956,-2.78491182822791,0.8890181759861162,San Mateo County,0.2891829635240313,0.0,230,0.0,'Substation',' ',37.70359732,-122.4095626
7956,7957,23.849293139588795,0.8121771711982261,San Mateo County,0.27644454152588116,26.4660351,115,0.02733254258917728,'Substation',' ',37.70358291,-122.4095784
7957,7958,-2.2659906594396717,0.37953202113509993,Alameda County,0.16542177616469744,0.0,66,0.0,'AddedNode',' ',37.7152634,-121.5716322
7958,7959,-2.2659906594396717,0.37953202113509993,Alameda County,0.16542177616469744,0.0,115,0.0,'AddedNode',' ',37.71527676,-121.5715848
7959,7960,-2.4934651697612633,0.8149577307753634,Alameda County,0.31301453809570956,0.0,230,0.0,'Substation',' ',37.70086232,-121.7332009
7960,7961,-2.4934651697612633,0.8149577307753634,Alameda County,0.31301453809570956,0.0,66,0.0,'Substation',' ',37.70082538,-121.7332444
7961,7962,-2.0475293856925743,0.7101569103886232,Los Angeles County,0.3335001209248543,0.0,230,0.0,'AddedNode',' ',34.02474658,-118.0409665
7962,7963,-2.0475293856925743,0.7101569103886232,Los Angeles County,0.3335001209248543,0.0,500,0.0,'AddedNode',' ',34.02474258,-118.0410025
7963,7964,-2.098260720183915,0.9232347168809226,San Bernardino County,0.4400000081958305,0.0,66,0.0,'AddedNode',' ',34.09199167,-117.3139418
7964,7965,-2.098260720183915,0.9232347168809226,San Bernardino County,0.4400000081958305,0.0,115,0.0,'AddedNode',' ',34.09205512,-117.3139357
7965,7966,-2.0830943679339873,0.8485089925807564,San Bernardino County,0.40010412812849633,0.0,66,0.0,'AddedNode',' ',34.04850342,-117.3135703
7966,7967,-2.0830943679339873,0.8485089925807564,San Bernardino County,0.40010412812849633,0.0,115,0.0,'AddedNode',' ',34.04849516,-117.3135596
7967,7968,-1.5959563502207341,0.2420590316198794,Sonoma County,0.14369408994037294,0.0,66,0.0,'AddedNode',' ',38.43683251,-122.7416277
7968,7969,-1.5959563502207341,0.2420590316198794,Sonoma County,0.14369408994037294,0.0,115,0.0,'AddedNode',' ',38.43675339,-122.741605
7969,7970,-2.2695534192868623,0.39513604263518515,Monterey County,0.1716789109938508,0.0,230,0.0,'Substation',' ',36.80608967,-121.7757438
7970,7971,-2.314815170697591,0.6193582728377346,Monterey County,0.261189354190095,0.0,500,0.0,'Substation',' ',36.80615242,-121.7756983
7971,7972,0.43114600656480695,0.3527547542145564,Monterey County,0.15326506700724313,2.45727289,66,0.126373620861813,'Substation',' ',36.80617723,-121.7757661
7972,7973,-2.2695534192868623,0.39513604263518515,Monterey County,0.1716789109938508,0.0,115,0.0,'Substation',' ',36.8061037,-121.7757005
7973,7974,-4.675879737815659,2.0136173730328046,Los Angeles County,0.4295772127632247,0.0,230,0.0,'Substation',' ',34.17616905,-118.359841
7974,7975,-4.661149668203701,2.0042943573275913,Los Angeles County,0.42943091782835957,0.0,500,0.0,'Substation',' ',34.17622937,-118.359843
7975,7976,7.902694423082519,1.9667694801559432,Los Angeles County,0.41958286750409474,12.4697873,66,0.15367334496993085,'Substation',' ',34.17625687,-118.3598815
7976,7977,-2.378556058883117,0.5114670380431376,San Mateo County,0.1960106599151303,0.0,230,0.0,'Substation',' ',37.41569443,-122.2056977
7977,7978,17.014037010578626,0.4772485881390105,San Mateo County,0.18289704662610523,19.2334616,66,0.02110520773933514,'Substation',' ',37.41572847,-122.2056812
7978,7979,-2.2039583877933517,0.5820014763507227,Sacramento County,0.26337658118178153,0.0,66,0.0,'AddedNode',' ',38.69092886,-121.1468179
7979,7980,-2.2039583877933517,0.5820014763507227,Sacramento County,0.26337658118178153,0.0,115,0.0,'AddedNode',' ',38.69093488,-121.1467768
7980,7981,-2.4908726685883815,0.9976267375389714,Los Angeles County,0.38606847262754673,0.0,230,0.0,'Substation',' ',33.88058552,-118.1750582
7981,7982,7.197072776625582,1.2922040188132642,Los Angeles County,0.4243825218468379,10.212632,66,0.12531055931459462,'Substation',' ',33.88059892,-118.1750826
7982,7983,-2.047529546273314,0.7101569660838054,Los Angeles County,0.33350014708013026,0.0,230,0.0,'AddedNode',' ',33.968327,-117.914256
7983,7984,-2.0598095639933756,0.7202455128688224,Los Angeles County,0.3362644159895383,0.0,500,0.0,'AddedNode',' ',33.96826046,-117.9142314
7984,7985,-3.0271109194832695,1.3070597823337275,Orange County,0.42901351744562716,0.0,230,0.0,'AddedNode',' ',33.55601231,-117.6428586
7985,7986,-3.0271109194832695,1.3070597823337275,Orange County,0.42901351744562716,0.0,66,0.0,'AddedNode',' ',33.55602269,-117.6428369
7986,7987,31.870474543158803,0.4693846942550783,Marin County,0.31230735866531467,33.0920897,66,0.011529021176882313,'Substation',' ',37.97056407,-122.5272379
7987,7988,-1.427471707643733,0.5484815469895377,Marin County,0.364934829178476,0.0,115,0.0,'Substation',' ',37.97057855,-122.5271901
7988,7989,-2.047529684499581,0.7101570140256513,Los Angeles County,0.3335001695943256,0.0,230,0.0,'Substation',' ',34.00829608,-117.9499737
7989,7990,6.011660574410978,0.7062657086657914,Los Angeles County,0.3316727554143261,8.04797082,66,0.08392036267757415,'Substation',' ',34.00827438,-117.9499671
7990,7991,-0.8199592458689875,0.35511800109018415,Shasta County,0.432089911889626,0.0,66,0.0,'Substation',' ',40.57580175,-122.3536629
7991,7992,-0.8199592458689875,0.35511800109018415,Shasta County,0.432089911889626,0.0,115,0.0,'Substation',' ',40.57578422,-122.3536475
7992,7993,-1.9637112969629937,0.807286076037579,Riverside County,0.3885986944439651,0.0,66,0.0,'AddedNode',' ',33.70201563,-117.3752225
7993,7994,-1.9637112969629937,0.807286076037579,Riverside County,0.3885986944439651,0.0,115,0.0,'AddedNode',' ',33.7020299,-117.3752441
7994,7995,-1.094791005137098,0.47076013220895213,Nevada County,0.42999728203791193,0.0,66,0.0,'Substation',' ',39.31766925,-120.3288463
7995,7996,-1.1127703465353207,0.47849124901018786,Nevada County,0.4299998883163978,0.0,115,0.0,'Substation',' ',39.31773495,-120.3288614
7996,7997,-3.0301848057238807,1.3031456093208758,San Diego County,0.4292817224040205,0.0,230,0.0,'AddedNode',' ',32.88960826,-117.1697471
7997,7998,-3.0301848057238807,1.3031456093208758,San Diego County,0.4292817224040205,0.0,66,0.0,'AddedNode',' ',32.88965036,-117.1697576
7998,7999,11.919801671741734,0.1737211397108705,Stanislaus County,0.07643637723830324,13.8342875,66,0.01057780250599348,'Substation',' ',37.71308642,-120.9210263
7999,8000,-1.914485828258267,0.1737211397108705,Stanislaus County,0.07643637723830322,0.0,115,0.0,'Substation',' ',37.71305522,-120.9210526
8000,8001,-0.7958622254224188,0.34222075693164006,Siskiyou County,0.4299998785391641,0.0,66,0.0,'Substation',' ',41.86754757,-122.4641555
8001,8002,-0.7958622254224188,0.34222075693164006,Siskiyou County,0.4299998785391641,0.0,115,0.0,'Substation',' ',41.86756326,-122.4641137
8002,8003,-3.2699164264771277,1.421472299537419,San Diego County,0.4346196389454726,0.0,230,0.0,'Substation',' ',32.57416997,-116.9113077
8003,8004,-3.2699164264771277,1.421472299537419,San Diego County,0.4346196389454726,0.0,66,0.0,'Substation',' ',32.57413358,-116.9112988
8004,8005,-0.5397371958069532,0.20455074526713232,San Bernardino County,0.42040200396838256,0.0,66,0.0,'Substation',' ',34.35457104,-116.8542721
8005,8006,-0.5397371958069532,0.20455074526713232,San Bernardino County,0.42040200396838256,0.0,115,0.0,'Substation',' ',34.35459231,-116.8542637
8006,8007,0.17023882095471254,0.5908867299781753,Alameda County,0.2788946427125371,2.24439159,66,0.2577402704730795,'Substation',' ',37.84734821,-122.2285846
8007,8008,-2.110247557256973,0.6011694495993896,Alameda County,0.28374801861247934,0.0,115,0.0,'Substation',' ',37.84734752,-122.228551
8008,8009,-1.9087404089034625,0.7836808198340618,Los Angeles County,0.31771018678029345,0.0,230,0.0,'Substation',' ',34.43865977,-118.5152949
8009,8010,11.327902591096539,0.7836808198340618,Los Angeles County,0.31771018678029345,13.236643,66,0.045814204691311276,'Substation',' ',34.43874185,-118.5152723
8010,8011,11.692144531057572,0.21622527543362216,Sonoma County,0.12835833460794996,13.1177724,66,0.013949869951100142,'Substation',' ',38.43675609,-122.7134315
8011,8012,-1.5959563502207341,0.24205903161987938,Sonoma County,0.14369408994037294,0.0,115,0.0,'Substation',' ',38.43680758,-122.7134131
8012,8013,-1.5959563502207341,0.24205903161987943,Sonoma County,0.143694089940373,0.0,230,0.0,'Substation',' ',38.49778049,-122.7606879
8013,8014,9.590260142065848,0.23166982071205922,Sonoma County,0.1375267174750391,11.1177178,66,0.01889472655780083,'Substation',' ',38.49780272,-122.7606887
8014,8015,-1.595956350220734,0.2420590316198794,Sonoma County,0.14369408994037294,0.0,115,0.0,'Substation',' ',38.49776857,-122.7607143
8015,8016,-3.0356070668126223,1.3054774788877208,San Diego County,0.43004988597447413,0.0,230,0.0,'AddedNode',' ',32.67152662,-116.9815921
8016,8017,-3.0356070668126223,1.3054774788877208,San Diego County,0.43004988597447413,0.0,66,0.0,'AddedNode',' ',32.67157391,-116.9815117
8017,8018,-4.753701455547611,2.062872611856162,Los Angeles County,0.4303501163153874,0.0,230,0.0,'Substation',' ',34.24290772,-118.3925348
8018,8019,25.286957398143546,1.9501889280805473,Los Angeles County,0.4068423940542205,29.7809896,66,0.061393622056133426,'Substation',' ',34.24295395,-118.3925786
8019,8020,-2.4725803321427824,0.9715011612874369,Orange County,0.37567289135482906,0.0,230,0.0,'Substation',' ',33.80930521,-117.8991273
8020,8021,20.18235646308463,0.9455673058408997,Orange County,0.3656444458441023,22.5889322,66,0.038954964489480465,'Substation',' ',33.80931046,-117.8990897
8021,8022,-1.4014878286609995,0.5891152302397885,Plumas County,0.42393635194171597,0.0,230,0.0,'Substation',' ',40.00743437,-121.2493849
8022,8023,-1.4014878286609995,0.5891152302397885,Plumas County,0.42393635194171597,0.0,115,0.0,'Substation',' ',40.00736313,-121.2494541
8023,8024,-1.951096780645767,0.6339336233534656,San Bernardino County,0.29795898995220527,0.0,66,0.0,'AddedNode',' ',34.03578264,-117.2437172
8024,8025,-1.7890136045997616,0.5723794901920398,San Bernardino County,0.27989210228387656,0.0,115,0.0,'AddedNode',' ',34.03573935,-117.2436712
8025,8026,-1.963965268936217,0.8073904844799014,Riverside County,0.3886489529404014,0.0,66,0.0,'AddedNode',' ',33.70563631,-117.3726638
8026,8027,-1.9637112969629937,0.807286076037579,Riverside County,0.3885986944439651,0.0,115,0.0,'AddedNode',' ',33.70564444,-117.3725994
8027,8028,-2.2735925815795666,0.5854051531995464,Calaveras County,0.25415224269924236,0.0,230,0.0,'Substation',' ',38.21655716,-120.7640145
8028,8029,-2.2735925815795666,0.5854051531995464,Calaveras County,0.25415224269924236,0.0,66,0.0,'Substation',' ',38.21662754,-120.7640446
8029,8030,-2.347654490589706,1.0094914309535736,San Bernardino County,0.42999997814161445,0.0,230,0.0,'AddedNode','IMPORT',35.46640168,-115.2135471
8030,8031,-2.347654490589706,1.0094914309535736,,0.42999997814161445,0.0,500,0.0,'AddedNode','IMPORT',35.4664185,-115.2135135
8031,8032,-2.274794204794559,0.6179502349708339,Solano County,0.26817903794430803,0.0,230,0.0,'Substation',' ',38.22141505,-121.8669239
8032,8033,-2.2748067986714697,0.6179536561107241,Solano County,0.2681805226561061,0.0,66,0.0,'Substation',' ',38.22145509,-121.866913
8033,8034,-1.1230376136216798,0.48243504148873434,Butte County,0.42101928172787834,0.0,66,0.0,'AddedNode',' ',39.48675816,-121.6885302
8034,8035,-1.1230376136216798,0.48243504148873434,Butte County,0.42101928172787834,0.0,115,0.0,'AddedNode',' ',39.4867018,-121.6885358
8035,8036,-1.2831152056045796,0.5517395384099693,San Bernardino County,0.43000020732474503,0.0,66,0.0,'Substation',' ',34.859027,-116.8664211
8036,8037,-1.2831152056045796,0.5517395384099693,San Bernardino County,0.43000020732474503,0.0,115,0.0,'Substation',' ',34.85902113,-116.8664701
8037,8038,-0.9275489634389122,0.035246860610678665,Imperial County,0.03734041296817096,0.0,66,0.0,'AddedNode',' ',32.80341234,-115.371995
8038,8039,-0.8309431126209831,0.03157583827959736,Imperial County,0.03751115431476336,0.0,115,0.0,'AddedNode',' ',32.80338285,-115.3719919
8039,8040,0.0,0.0,San Diego County,0.0,0.0,230,0.0,'Substation',' ',32.80906143,-116.6828609
8040,8041,0.0,0.0,San Diego County,0.0,0.0,500,0.0,'Substation',' ',32.80911016,-116.6828361
8041,8042,0.07847005078562619,0.9818131419149491,San Diego County,0.37244893332071277,2.4697205,66,0.3606151704666859,'Substation',' ',33.13725894,-116.2944972
8042,8043,-2.4133573986183534,0.9908899383080692,San Diego County,0.3758921986328813,0.0,115,0.0,'Substation',' ',33.13719683,-116.2945132
8043,8044,7.740376671989779,0.36643967458924187,Napa County,0.21454843116484618,9.00621238,66,0.03015508116032626,'Substation',' ',38.49986786,-122.4591484
8044,8045,-1.6369190997600516,0.5314120651446146,Napa County,0.310623448352966,0.0,115,0.0,'Substation',' ',38.49983256,-122.4591125
8045,8046,-2.2039583877933517,0.5820014763507227,Sacramento County,0.26337658118178153,0.0,66,0.0,'AddedNode',' ',38.66540753,-121.1336188
8046,8047,-2.2039583877933517,0.5820014763507227,Sacramento County,0.26337658118178153,0.0,115,0.0,'AddedNode',' ',38.66536937,-121.1336679
8047,8048,-2.0982569141593976,0.9232330422301349,San Bernardino County,0.4399992100820392,0.0,66,0.0,'AddedNode',' ',34.05122277,-117.3517268
8048,8049,-2.0982569141593976,0.9232330422301349,San Bernardino County,0.4399992100820392,0.0,115,0.0,'AddedNode',' ',34.0512037,-117.3517297
8049,8050,-1.1872221785916328,0.5125244839474055,Sacramento County,0.4308540460400593,0.0,230,0.0,'AddedNode',' ',38.7146032,-121.4782174
8050,8051,-1.1872227705467213,0.512524739494751,Sacramento County,0.4308542608661041,0.0,66,0.0,'AddedNode',' ',38.71460583,-121.4781949
8051,8052,-0.528556892726278,0.3895940890415235,Santa Cruz County,0.1692710401466532,1.70916506,66,0.2216178714166887,'Substation',' ',36.99232964,-121.9822104
8052,8053,-2.2695463022898257,0.3951348035447012,Santa Cruz County,0.17167837263318012,0.0,115,0.0,'Substation',' ',36.99234523,-121.982187
8053,8054,-2.646619929672338,0.8113378990831447,San Joaquin County,0.2830518535200185,0.0,66,0.0,'AddedNode',' ',37.74656864,-121.3405248
8054,8055,-2.646619929672338,0.8113378990831447,San Joaquin County,0.2830518535200185,0.0,115,0.0,'AddedNode',' ',37.74656938,-121.3405353
8055,8056,-2.0955212542519335,0.9220293518708508,San Bernardino County,0.43942554906359343,0.0,66,0.0,'AddedNode',' ',34.0430001,-117.3618456
8056,8057,-2.087759161912283,0.9186140312414045,San Bernardino County,0.4377978577761334,0.0,115,0.0,'AddedNode',' ',34.04294729,-117.3618543
8057,8058,-2.9358648255479984,1.2917805232411192,Contra Costa County,0.4399988217352461,0.0,66,0.0,'AddedNode',' ',38.02716149,-121.8539149
8058,8059,-2.9358648255479984,1.2917805232411192,Contra Costa County,0.4399988217352461,0.0,115,0.0,'AddedNode',' ',38.02722256,-121.8539657
8059,8060,-1.5830679781958565,0.4978479795952888,Riverside County,0.25416888692280803,0.0,66,0.0,'AddedNode',' ',33.92645321,-116.9882096
8060,8061,-1.5830679781958565,0.4978479795952888,Riverside County,0.2541688869228081,0.0,115,0.0,'AddedNode',' ',33.92636387,-116.9882018
8061,8062,-2.4961325756663664,1.0227782016077678,Los Angeles County,0.3992728603759047,0.0,230,0.0,'AddedNode',' ',33.99653627,-118.3624882
8062,8063,-2.496116893387935,1.022771775870334,Los Angeles County,0.3992703518920896,0.0,115,0.0,'AddedNode',' ',33.9965779,-118.3624904
8063,8064,-0.7922265536458271,0.3406574180677056,Siskiyou County,0.43000032076325684,0.0,230,0.0,'Substation',' ',41.9769811,-122.3613405
8064,8065,-0.7958653863151894,0.34222211611553144,Siskiyou County,0.4300015863517277,0.0,66,0.0,'Substation',' ',41.97698731,-122.3613697
8065,8066,-0.7958622254224187,0.34222075693164,Siskiyou County,0.429999878539164,0.0,115,0.0,'Substation',' ',41.97692732,-122.3613426
8066,8067,-2.2735925815795666,0.5854051531995464,Amador County,0.25415224269924236,0.0,66,0.0,'AddedNode',' ',38.52584884,-120.229284
8067,8068,-2.2735925815795666,0.5854051531995464,Amador County,0.25415224269924236,0.0,115,0.0,'AddedNode',' ',38.52587105,-120.22925
8068,8069,-2.098256942685287,0.9232330547815262,San Bernardino County,0.43999921606384645,0.0,66,0.0,'AddedNode',' ',34.03396782,-117.3834143
8069,8070,-2.098260720183914,0.9232347168809222,San Bernardino County,0.44000000819583046,0.0,115,0.0,'AddedNode',' ',34.03400887,-117.3834406
8070,8071,-2.1782269702088617,0.9366375971898105,Inyo County,0.4300005819488242,0.0,66,0.0,'Substation',' ',37.3353314,-118.4819329
8071,8072,-2.1782269702088617,0.9366375971898105,Inyo County,0.4300005819488242,0.0,115,0.0,'Substation',' ',37.33529047,-118.4819686
8072,8073,-3.027111565184144,1.307060061137401,Orange County,0.42901360895677776,0.0,230,0.0,'Substation',' ',33.71347564,-117.8526388
8073,8074,17.28591231362813,1.2669295806999705,Orange County,0.4158416647183091,20.2200829,66,0.060343490540504925,'Substation',' ',33.7134483,-117.8526845
8074,8075,0.0,0.0,Siskiyou County,0.0,0.0,66,0.0,'Substation',' ',41.43143181,-122.3896996
8075,8076,0.0,0.0,Siskiyou County,0.0,0.0,115,0.0,'Substation',' ',41.43141499,-122.389723
8076,8077,-2.1087388540564196,0.4773988207039726,Alameda County,0.23867546596253886,0.0,66,0.0,'AddedNode',' ',37.6198088,-121.8073824
8077,8078,-2.5922437389130275,0.7775833846380712,Alameda County,0.2785653465605845,0.0,115,0.0,'AddedNode',' ',37.61976622,-121.8073952
8078,8079,-2.0741527690452877,0.5908867299781753,Alameda County,0.2788946427125371,0.0,66,0.0,'AddedNode',' ',37.84315741,-122.2261774
8079,8080,-2.0741527690452877,0.5908867299781753,Alameda County,0.2788946427125371,0.0,115,0.0,'AddedNode',' ',37.84314236,-122.2262032
8080,8081,-2.0466582691772897,0.7094411756064352,San Bernardino County,0.33330401998626746,0.0,230,0.0,'Substation',' ',34.00822245,-117.5643647
8081,8082,-2.0598095639933756,0.7202455128688224,San Bernardino County,0.3362644159895384,0.0,500,0.0,'Substation',' ',34.00820338,-117.5643559
8082,8083,0.7458820756436131,0.7031111220996132,San Bernardino County,0.3303300845098716,2.77427885,66,0.24151879249365876,'Substation',' ',34.00817797,-117.5643533
8083,8084,-2.273591861996987,0.5854049679212545,Contra Costa County,0.2541521622611164,0.0,230,0.0,'Substation',' ',37.90545914,-122.2081305
8084,8085,1.9700597328449878,0.6090983033443101,Contra Costa County,0.28749038533036325,4.10813945,115,0.1496242689015653,'Substation',' ',37.90541336,-122.2080877
8085,8086,-1.3406646974338274,0.5004213248266336,Sacramento County,0.3911395728329292,0.0,66,0.0,'Substation',' ',38.60127897,-121.4239517
8086,8087,-1.3406646974338274,0.5004213248266336,Sacramento County,0.3911395728329292,0.0,115,0.0,'Substation',' ',38.60128858,-121.4239139
8087,8088,-0.9408299243251143,0.03575153712435435,Imperial County,0.03799287702610293,0.0,66,0.0,'Substation',' ',32.79567294,-115.5493929
8088,8089,-1.117044607669311,0.25354543668982116,Imperial County,0.17326884106068213,0.0,115,0.0,'Substation',' ',32.7956247,-115.5494571
8089,8090,-2.2394461278628293,0.05431047192284265,Merced County,0.028016082063305286,0.0,66,0.0,'AddedNode',' ',37.27361193,-120.4879724
8090,8091,-2.2394461278628293,0.05431047192284265,Merced County,0.028016082063305286,0.0,115,0.0,'AddedNode',' ',37.27366279,-120.4878957
8091,8092,-1.6422401214615427,0.5751864649657001,Napa County,0.37149467528654767,0.0,230,0.0,'AddedNode',' ',38.16662342,-122.2535391
8092,8093,-1.3934266430866273,0.5893346576054739,Napa County,0.42558893055694347,0.0,115,0.0,'AddedNode',' ',38.16669335,-122.2535667
8093,8094,-1.9830594882536396,0.8725461748316015,Los Angeles County,0.43896370890459774,0.0,230,0.0,'Substation',' ',33.90849087,-118.4230673
8094,8095,-1.7507404696230098,0.7703258066341243,Los Angeles County,0.4356075386667339,0.0,66,0.0,'Substation',' ',33.90848003,-118.4231042
8095,8096,-3.035617404246096,1.3054819245509088,San Diego County,0.4300513504631213,0.0,230,0.0,'AddedNode',' ',32.86006141,-117.0344643
8096,8097,-3.035617404246096,1.3054819245509088,San Diego County,0.4300513504631213,0.0,115,0.0,'AddedNode',' ',32.85999533,-117.0344923
8097,8098,1.5140315278840877,0.8024738577310014,San Bernardino County,0.3824471692003337,3.33783575,66,0.20897036707808267,'Substation',' ',34.28345226,-117.2162423
8098,8099,-2.050616288566293,0.9022711669691689,San Bernardino County,0.43000909043209246,0.0,115,0.0,'Substation',' ',34.28345857,-117.2162844
8099,8100,-1.6545975065045453,0.5753864707112737,Contra Costa County,0.3691979419091453,0.0,230,0.0,'Substation',' ',38.05344487,-122.2345158
8100,8101,-1.6545975065045453,0.5753864707112737,Contra Costa County,0.3691979419091453,0.0,66,0.0,'Substation',' ',38.05339499,-122.2345441
8101,8102,-3.6033262749419332,1.5046815514660687,Los Angeles County,0.4033473841757763,0.0,230,0.0,'Substation',' ',34.03775241,-118.2299066
8102,8103,15.19100968749948,1.4093772868790833,Los Angeles County,0.3777999679902701,18.5661067,66,0.06867953329637774,'Substation',' ',34.03769967,-118.2298788
8103,8104,-0.7939266099142874,0.3413884422631436,Shasta County,0.4299980817739811,0.0,66,0.0,'Substation',' ',41.18487088,-122.2859514
8104,8105,-0.7923338938142725,0.3407035743401372,Shasta County,0.43000022984919806,0.0,115,0.0,'Substation',' ',41.18484456,-122.285989
8105,8106,-2.0465888120380757,0.7089308946229449,San Bernardino County,0.3330581613675734,0.0,230,0.0,'Substation',' ',34.04133601,-117.319218
8106,8107,3.3457745634145155,0.8380591965431555,San Bernardino County,0.39528891474530437,5.40640903,66,0.15066302927940792,'Substation',' ',34.04133443,-117.3192143
8107,8108,-2.0912807043866293,0.8505230089490771,San Bernardino County,0.4011677439495515,0.0,115,0.0,'Substation',' ',34.04131771,-117.3192148
8108,8109,-1.9905901420994656,0.3918020001491032,Merced County,0.21052717934412282,0.0,66,0.0,'AddedNode',' ',37.2737898,-120.4870407
8109,8110,-1.9905901420994652,0.3918020001491032,Merced County,0.21052717934412282,0.0,115,0.0,'AddedNode',' ',37.2737293,-120.48703
8110,8111,-2.2735919653017165,0.5854049945201805,Contra Costa County,0.2541521738089764,0.0,230,0.0,'Substation',' ',38.03680624,-121.8967809
8111,8112,-2.2565634119063978,0.6065331126403877,Contra Costa County,0.2668526585772321,0.0,115,0.0,'Substation',' ',38.03680732,-121.896811
8112,8113,-2.487290118201954,0.9804813995725908,Los Angeles County,0.37706707593739053,0.0,230,0.0,'Substation',' ',33.77130371,-118.1002907
8113,8114,3.5702962076108955,1.1123781239740695,Los Angeles County,0.40268083593198206,6.23928276,66,0.17225533404215576,'Substation',' ',33.77135575,-118.1002338
8114,8115,-2.4872878729479697,0.9804805145010212,Los Angeles County,0.37706673556239834,0.0,230,0.0,'Substation',' ',33.84771626,-118.0968754
8115,8116,7.6382595008351135,0.9936686272526901,Los Angeles County,0.3761359631473631,10.1224525,66,0.09230908481761915,'Substation',' ',33.84773136,-118.0969143
8116,8117,20.908773277696334,1.083042429670026,Los Angeles County,0.35451413837509743,23.4296822,66,0.03814383169536031,'Substation',' ',33.96181488,-118.3761915
8117,8118,-2.9866921290891364,1.2831539733728594,Los Angeles County,0.42001699361996064,0.0,115,0.0,'Substation',' ',33.96177035,-118.3762102
8118,8119,-3.0301848057238807,1.3031456093208758,San Diego County,0.4292817224040205,0.0,230,0.0,'AddedNode',' ',32.8953765,-117.1691812
8119,8120,-3.0301848057238807,1.3031456093208758,San Diego County,0.4292817224040205,0.0,66,0.0,'AddedNode',' ',32.89537235,-117.169139
8120,8121,-2.243179698886666,0.0,Santa Barbara County,0.0,0.0,66,0.0,'Substation',' ',34.87858246,-120.3307075
8121,8122,-2.243179698886666,0.0,Santa Barbara County,0.0,0.0,115,0.0,'Substation',' ',34.87857878,-120.3306964
8122,8123,-2.176716093928489,0.805614752728819,Los Angeles County,0.3576770274844819,0.0,230,0.0,'Substation',' ',34.03729609,-118.1105004
8123,8124,-2.0475281477045826,0.7101564810098149,Los Angeles County,0.3334999192822562,0.0,500,0.0,'Substation',' ',34.03727333,-118.1105018
8124,8125,7.2083127622020235,0.7929098368333487,Los Angeles County,0.3516440538711849,9.34792606,66,0.0804865473822945,'Substation',' ',34.03725496,-118.1104625
8125,8126,-1.4615988645293223,0.5491881819219308,Merced County,0.3983743179979516,0.0,66,0.0,'AddedNode',' ',37.41935099,-120.7459379
8126,8127,-1.4615988645293223,0.5491881819219308,Merced County,0.3983743179979516,0.0,115,0.0,'AddedNode',' ',37.41939237,-120.7459211
8127,8128,-2.0475293856925743,0.7101569103886233,Los Angeles County,0.3335001209248543,0.0,230,0.0,'AddedNode',' ',33.99170568,-118.003094
8128,8129,-2.0475293856925743,0.7101569103886233,Los Angeles County,0.3335001209248543,0.0,500,0.0,'AddedNode',' ',33.9917626,-118.0031395
8129,8130,-1.1661319186814136,0.5046958096805715,Sacramento County,0.4321998639105808,0.0,230,0.0,'Substation',' ',38.57187037,-121.4830384
8130,8131,5.810829898513071,0.33521164326646247,Sacramento County,0.31098620548234385,6.57890391,66,0.036307024031594685,'Substation',' ',38.57190517,-121.4829759
8131,8132,-1.0440089594100737,0.4593639421404324,Sacramento County,0.4399928101183564,0.0,115,0.0,'Substation',' ',38.57190888,-121.4830087
8132,8133,-1.9902488195622272,0.6466545678694895,San Bernardino County,0.3039380382935473,0.0,66,0.0,'AddedNode',' ',34.07348754,-117.0460811
8133,8134,-1.9902488195622272,0.6466545678694895,San Bernardino County,0.3039380382935473,0.0,115,0.0,'AddedNode',' ',34.07355838,-117.0460862
8134,8135,2.5446134193061427,0.6204363936408186,San Bernardino County,0.29161507509396,4.45416894,66,0.125018871997079,'Substation',' ',34.06211064,-117.2440974
8135,8136,-2.031475981779501,0.6600497436415123,San Bernardino County,0.3102339861597464,0.0,115,0.0,'Substation',' ',34.06215802,-117.244171
8136,8137,-2.2039583877933517,0.5820014763507227,Sacramento County,0.26337658118178153,0.0,66,0.0,'AddedNode',' ',38.6768512,-121.1371781
8137,8138,-2.2039583877933517,0.5820014763507227,Sacramento County,0.26337658118178153,0.0,115,0.0,'AddedNode',' ',38.6768492,-121.1372158
8138,8139,-0.8892097371747676,0.39125228435689774,Trinity County,0.4373252936052129,0.0,66,0.0,'AddedNode',' ',40.70234688,-122.9236681
8139,8140,-0.8892128000671823,0.39125363202956015,Trinity County,0.4373267999768466,0.0,115,0.0,'AddedNode',' ',40.70229192,-122.9236594
8140,8141,0.0,0.0,Imperial County,0.0,0.0,66,0.0,'Substation',' ',32.79377875,-115.7784542
8141,8142,-2.2905463177114083,0.9177687989064282,Imperial County,0.3525788348409887,0.0,115,0.0,'Substation',' ',32.79380112,-115.7784054
8142,8143,-2.4961325756663664,1.0227782016077678,Los Angeles County,0.3992728603759047,0.0,230,0.0,'Substation',' ',33.99598484,-118.3591931
8143,8144,22.36565135097277,0.9220091485553228,Los Angeles County,0.33987160116363113,24.5799192,115,0.030617137230216532,'Substation',' ',33.99596715,-118.3591906
8144,8145,-1.1872221785916328,0.5125244839474056,Sacramento County,0.4308540460400593,0.0,230,0.0,'AddedNode',' ',38.59603973,-121.4694467
8145,8146,-1.1872221785916328,0.5125244839474056,Sacramento County,0.4308540460400593,0.0,115,0.0,'AddedNode',' ',38.59599633,-121.4694513
8146,8147,3.975763420201754,0.5879354022196812,Contra Costa County,0.2586703378336695,6.16313537,66,0.09180525937761523,'Substation',' ',38.02083705,-121.9059675
8147,8148,-2.256561472784927,0.6065325914312895,Contra Costa County,0.26685242926405744,0.0,115,0.0,'Substation',' ',38.02081145,-121.905937
8148,8149,-0.7676301344036005,0.029169945107336816,Imperial County,0.037331831305973756,0.0,66,0.0,'AddedNode',' ',32.95613203,-115.5356965
8149,8150,-0.7676301344036005,0.029169945107336816,Imperial County,0.037331831305973756,0.0,115,0.0,'AddedNode',' ',32.95612627,-115.5356664
8150,8151,-1.4014878286609995,0.5891152302397885,Sacramento County,0.42393635194171597,0.0,230,0.0,'AddedNode',' ',38.65719413,-121.1347848
8151,8152,-1.80462775663228,0.5344457852595318,Sacramento County,0.3216027820983831,0.0,115,0.0,'AddedNode',' ',38.65721029,-121.1347909
8152,8153,-0.8892128000671824,0.39125363202956026,Trinity County,0.43732679997684665,0.0,66,0.0,'Substation',' ',40.71180671,-122.8079309
8153,8154,-0.8892128000671823,0.39125363202956015,Trinity County,0.4373267999768466,0.0,115,0.0,'Substation',' ',40.7117163,-122.8079954
8154,8155,-1.4052732063179738,0.39600827855546794,Riverside County,0.20978589497121175,0.0,66,0.0,'AddedNode',' ',33.81221743,-116.5283962
8155,8156,-1.4052732063179738,0.39600827855546794,Riverside County,0.20978589497121175,0.0,115,0.0,'AddedNode',' ',33.81224535,-116.5283489
8156,8157,-1.855156361687373,0.8024226279203306,Kern County,0.43335954319620956,0.0,230,0.0,'Substation',' ',35.36110593,-118.9217104
8157,8158,0.8661146177917216,0.786386994769207,Kern County,0.42469927563216625,2.68419749,66,0.28766083037582457,'Substation',' ',35.36115758,-118.9217673
8158,8159,-1.855156361687373,0.8024226279203306,Kern County,0.43335954319620956,0.0,115,0.0,'Substation',' ',35.36114738,-118.9216825
8159,8160,12.523571086704116,0.20613126423411868,San Joaquin County,0.09390688584732983,14.5663008,66,0.013169190217699293,'Substation',' ',37.94749523,-121.2886975
8160,8161,-2.241111512117905,0.22614991414460658,San Joaquin County,0.10302674973089249,0.0,115,0.0,'Substation',' ',37.94746451,-121.2887683
8161,8162,-1.2967837124721484,0.11382472373828077,Lake County,0.07499975700105693,0.0,66,0.0,'AddedNode',' ',38.91074097,-122.6173351
8162,8163,-1.2967837124721484,0.11382472373828077,Lake County,0.07499975700105693,0.0,115,0.0,'AddedNode',' ',38.91070866,-122.6173911
8163,8164,-2.8120345777233235,0.9378236505115927,San Francisco County,0.26970793830226986,0.0,230,0.0,'AddedNode',' ',37.78724643,-122.3946001
8164,8165,-2.8120345777233235,0.9378236505115927,San Francisco County,0.26970793830226986,0.0,115,0.0,'AddedNode',' ',37.78718485,-122.3946187
8165,8166,-1.8120541223052258,0.15708843885308543,San Bernardino County,0.09993837298154609,0.0,66,0.0,'AddedNode',' ',34.99567961,-117.3037417
8166,8167,-1.4165439899983467,0.46942749618318225,San Bernardino County,0.3610860093916993,0.0,115,0.0,'AddedNode',' ',34.99565295,-117.3037716
8167,8168,-0.8991273458912028,0.3866247587332172,Shasta County,0.42999146626163287,0.0,230,0.0,'Substation',' ',40.85914692,-121.7528026
8168,8169,0.0,0.0,Shasta County,0.0,0.0,66,0.0,'Substation',' ',40.85919517,-121.7527774
8169,8170,-1.963965268936217,0.8073904844799014,Riverside County,0.3886489529404014,0.0,66,0.0,'AddedNode',' ',33.71300167,-117.3835947
8170,8171,-1.963965268936217,0.8073904844799014,Riverside County,0.3886489529404014,0.0,115,0.0,'AddedNode',' ',33.71303812,-117.3836445
8171,8172,-1.4335129453930575,0.5271457537878605,Sacramento County,0.3912871845327387,0.0,230,0.0,'Substation',' ',38.37271291,-121.3530735
8172,8173,-1.4335129453930573,0.5271457537878605,Sacramento County,0.3912871845327387,0.0,66,0.0,'Substation',' ',38.37267761,-121.3530003
8173,8174,-1.2292344720792867,0.481812462775014,Yolo County,0.41143264220928255,0.0,66,0.0,'AddedNode',' ',38.5661398,-121.5608125
8174,8175,-1.2292344720792867,0.48181246277501405,Yolo County,0.41143264220928255,0.0,115,0.0,'AddedNode',' ',38.56618262,-121.5608179
8175,8176,3.1466115286393688,0.3912528097986778,Humboldt County,0.4373258809218623,4.03582246,66,0.09635581290725008,'Substation',' ',40.78254664,-124.1124043
8176,8177,-0.8892109313606313,0.3912528097986778,Humboldt County,0.43732588092186225,0.0,115,0.0,'Substation',' ',40.78259192,-124.1124003
8177,8178,-3.544891245230101,1.476072103307114,San Bernardino County,0.4062052413192741,0.0,230,0.0,'AddedNode','IMPORT',35.59880099,-115.380893
8178,8179,-4.6673260508929015,2.0069502018839476,San Bernardino County,0.42999994690399207,0.0,500,0.0,'AddedNode','IMPORT',35.59886559,-115.3808722
8179,8180,-1.4165439899983467,0.46942749618318225,San Bernardino County,0.3610860093916993,0.0,115,0.0,'AddedNode','IMPORT',35.5987898,-115.3809026
8180,8181,-2.405126354412533,0.7271190483447107,Santa Clara County,0.2843481023762195,0.0,66,0.0,'Substation',' ',37.3770073,-121.9514124
8181,8182,-2.405126354412533,0.7271190483447107,Santa Clara County,0.2843481023762195,0.0,115,0.0,'Substation',' ',37.37699069,-121.9514523
8182,8183,-2.377865290280866,0.9776405565790982,Ventura County,0.4065441583897383,0.0,230,0.0,'Substation',' ',34.30230885,-119.1849098
8183,8184,1.0507992519571365,0.9703132183009899,Ventura County,0.4032810594518593,3.41091222,66,0.2790423197048437,'Substation',' ',34.30223437,-119.1849092
8184,8185,-2.064531553183133,0.8927305904994133,Riverside County,0.43215012635493183,0.0,230,0.0,'Substation',' ',33.6160965,-114.6846051
8185,8186,-1.9953568325103297,0.8580034379794417,Riverside County,0.43000001114298947,0.0,115,0.0,'Substation',' ',33.61610174,-114.6846245
8186,8187,-2.047529684499581,0.7101570140256513,Los Angeles County,0.3335001695943256,0.0,230,0.0,'AddedNode',' ',33.97315924,-117.9553208
8187,8188,-2.0475293856925743,0.7101569103886233,Los Angeles County,0.3335001209248543,0.0,500,0.0,'AddedNode',' ',33.97316361,-117.9553349
8188,8189,-2.269512251188451,0.39512887514604345,San Benito County,0.17167579685948275,0.0,66,0.0,'AddedNode',' ',36.86824309,-121.5090527
8189,8190,-2.269512251188451,0.39512887514604345,San Benito County,0.17167579685948275,0.0,115,0.0,'AddedNode',' ',36.86828237,-121.5089684
8190,8191,-2.832033958627498,1.1530970693239873,Mono County,0.39438027204381,0.0,500,0.0,'AddedNode','IMPORT',38.14937101,-118.7822088
8191,8192,-1.9675674490709678,0.4323593549237057,Mono County,0.2021666994302838,0.0,115,0.0,'AddedNode','IMPORT',38.14939021,-118.7822524
8192,8193,-2.0912807043866293,0.8505230089490771,Riverside County,0.4011677439495515,0.0,66,0.0,'AddedNode',' ',34.01202742,-117.3308662
8193,8194,-2.0912807043866293,0.8505230089490771,Riverside County,0.4011677439495515,0.0,115,0.0,'AddedNode',' ',34.01199368,-117.3308425
8194,8195,4.262618237660456,0.3030656084068296,Monterey County,0.13167610138518984,6.00334425,66,0.0381807215011298,'Substation',' ',36.76312693,-121.7347624
8195,8196,-2.2695534192868627,0.39513604263518515,Monterey County,0.17167891099385083,0.0,115,0.0,'Substation',' ',36.76314858,-121.7347287
8196,8197,-3.0271107473946586,1.3070597080285207,Orange County,0.42901349305658354,0.0,230,0.0,'AddedNode',' ',33.69183772,-117.823575
8197,8198,-3.0271107473946586,1.3070597080285207,Orange County,0.42901349305658354,0.0,66,0.0,'AddedNode',' ',33.69185347,-117.8235049
8198,8199,-3.0301848057238807,1.3031456093208758,San Diego County,0.4292817224040205,0.0,230,0.0,'Substation',' ',32.78399006,-117.1374709
8199,8200,14.218706142441633,1.2347709971920804,San Diego County,0.39236648272289343,17.0898181,66,0.06591808606147877,'Substation',' ',32.78405663,-117.137467
8200,8201,-2.906898529150519,1.2501257506962082,San Diego County,0.41181594109054454,0.0,115,0.0,'Substation',' ',32.78398502,-117.1373994
8201,8202,-2.0314774062850605,0.6600502064796346,Riverside County,0.3102342037011015,0.0,230,0.0,'AddedNode',' ',33.93224382,-116.6151585
8202,8203,0.0,0.0,Riverside County,0.0,0.0,115,0.0,'AddedNode',' ',33.93219407,-116.6152231
8203,8204,-0.8991452889633619,0.38663247425424563,Modoc County,0.4300000472128654,0.0,230,0.0,'Substation',' ',41.5007235,-120.5330095
8204,8205,-0.8991452889633619,0.38663247425424563,Modoc County,0.4300000472128654,0.0,66,0.0,'Substation',' ',41.5007026,-120.5330177
8205,8206,-0.8991452889633619,0.38663247425424563,Modoc County,0.4300000472128654,0.0,115,0.0,'Substation',' ',41.50070523,-120.5329751
8206,8207,-2.3157893788702424,0.8906161171110341,Los Angeles County,0.37024557405895453,0.0,230,0.0,'Substation',' ',33.76291827,-118.0962613
8207,8208,0.9610131213304123,0.8487154209115177,Los Angeles County,0.3528266805314241,3.16785187,66,0.24579166643963446,'Substation',' ',33.7629479,-118.0962038
8208,8209,-1.8693782313467437,0.6916115997060982,San Bernardino County,0.32629896777769474,0.0,230,0.0,'Substation',' ',34.12018656,-117.6395048
8209,8210,14.959337663809158,0.6925603124628966,San Bernardino County,0.32674656581305506,16.8312802,66,0.03634012314165726,'Substation',' ',34.12015321,-117.6394756
8210,8211,-3.095796646596289,1.362150524502367,San Diego County,0.4400000041873548,0.0,230,0.0,'AddedNode',' ',33.09490967,-117.1954883
8211,8212,-3.095796646596289,1.362150524502367,San Diego County,0.4400000041873548,0.0,66,0.0,'AddedNode',' ',33.0949415,-117.195489
8212,8213,-1.1872221785916328,0.5125244839474055,Sacramento County,0.43085404604005917,0.0,230,0.0,'AddedNode',' ',38.71452743,-121.3466337
8213,8214,-1.1872221785916328,0.5125244839474055,Sacramento County,0.43085404604005917,0.0,66,0.0,'AddedNode',' ',38.71454258,-121.3466321
8214,8215,-2.2039583877933517,0.5820014763507227,El Dorado County,0.2633765811817815,0.0,230,0.0,'Substation',' ',38.86348125,-120.4428066
8215,8216,0.0,0.0,El Dorado County,0.0,0.0,66,0.0,'Substation',' ',38.86343042,-120.4428983
8216,8217,-2.7615678696037884,1.187474183929629,Imperial County,0.4300004742905942,0.0,230,0.0,'AddedNode',' ',32.8038172,-115.6380843
8217,8218,-2.7615678696037884,1.187474183929629,Imperial County,0.4300004742905942,0.0,115,0.0,'AddedNode',' ',32.80379569,-115.6380995
8218,8219,-2.0475292049542215,0.7101568477020552,Los Angeles County,0.3335000914863208,0.0,230,0.0,'AddedNode',' ',33.96817345,-117.9146984
8219,8220,-2.0475292049542215,0.7101568477020552,Los Angeles County,0.3335000914863208,0.0,500,0.0,'AddedNode',' ',33.96811633,-117.9146769
8220,8221,-3.0464584111515958,1.3179492502949695,San Diego County,0.4316404974135999,0.0,230,0.0,'AddedNode',' ',33.17481733,-117.2798458
8221,8222,-2.763371492328813,1.1887418890970414,San Diego County,0.3914984271348028,0.0,115,0.0,'AddedNode',' ',33.17483022,-117.2798116
8222,8223,-1.9026542716039554,0.8181413367897008,Riverside County,0.42999986509996935,0.0,230,0.0,'Substation',' ',33.81087081,-115.45362
8223,8224,-1.9026542716039554,0.8181413367897008,Riverside County,0.42999986509996935,0.0,66,0.0,'Substation',' ',33.81082713,-115.4536123
8224,8225,-4.508471406338974,1.9348712767489824,Los Angeles County,0.4264262335325601,0.0,230,0.0,'Substation',' ',34.08817118,-118.3474096
8225,8226,60.33309505395318,1.5441144693240243,Los Angeles County,0.34030735026637876,63.9310584,66,0.01915208981818994,'Substation',' ',34.08818462,-118.3473318
8226,8227,-4.4165117933621225,1.8954055692544882,Los Angeles County,0.41772838721957345,0.0,115,0.0,'Substation',' ',34.08816094,-118.3473925
8227,8228,-0.9439326758222761,0.03586944168124649,Imperial County,0.037999973390812555,0.0,66,0.0,'Substation',' ',32.75932322,-115.5340727
8228,8229,-0.9439326758222761,0.03586944168124649,Imperial County,0.037999973390812555,0.0,115,0.0,'Substation',' ',32.75931175,-115.5340182
8229,8230,-2.2140155823689516,0.01161932530347042,Fresno County,0.006474202014033199,0.0,66,0.0,'Substation',' ',36.40198898,-120.1387582
8230,8231,-2.214015582368951,0.01161932530347042,Fresno County,0.006474202014033199,0.0,115,0.0,'Substation',' ',36.4019601,-120.1387436
8231,8232,-2.2690036339464394,0.702169999331803,Alameda County,0.2848069192825935,0.0,66,0.0,'AddedNode',' ',37.79751494,-122.2815469
8232,8233,-2.2690036339464394,0.702169999331803,Alameda County,0.2848069192825935,0.0,115,0.0,'AddedNode',' ',37.7975207,-122.2815302
8233,8234,-1.8112396999309568,0.23510031169699308,Riverside County,0.12627265861740428,0.0,230,0.0,'Substation',' ',33.67284506,-116.1154293
8234,8235,-1.5684142395467777,0.5718358280986465,Riverside County,0.3357634997288678,0.0,115,0.0,'Substation',' ',33.67278428,-116.115383
8235,8236,-1.5244212448393546,0.5510091766375906,Sacramento County,0.3831429471563418,0.0,230,0.0,'AddedNode',' ',38.63724627,-121.3832656
8236,8237,-1.524411905396351,0.55100580085231,Sacramento County,0.3831405998119123,0.0,115,0.0,'AddedNode',' ',38.63723087,-121.3832601
8237,8238,-1.90714391136439,0.12929998831795533,Kern County,0.12355693387911104,0.0,66,0.0,'Substation',' ',35.13596914,-119.4819906
8238,8239,-1.9295883246850893,0.1290655066724945,Kern County,0.11905092639732334,0.0,115,0.0,'Substation',' ',35.1359516,-119.4820609
8239,8240,-1.4165439899983467,0.46942749618318225,San Bernardino County,0.3610860093916993,0.0,66,0.0,'Substation',' ',35.22291284,-116.7331298
8240,8241,-1.4165439899983467,0.46942749618318225,San Bernardino County,0.3610860093916993,0.0,115,0.0,'Substation',' ',35.2229005,-116.7332055
8241,8242,-2.4548879535441004,0.7746827793692211,Contra Costa County,0.30268712328930697,0.0,230,0.0,'AddedNode',' ',37.90830072,-122.2100124
8242,8243,-2.4548879535441004,0.7746827793692211,Contra Costa County,0.30268712328930697,0.0,115,0.0,'AddedNode',' ',37.90831272,-122.2099678
8243,8244,-2.166585543046274,0.1503477264698429,Kern County,0.08377263981288512,0.0,230,0.0,'Substation',' ',35.08879566,-118.9759424
8244,8245,-1.9527949514087135,0.3882559563538093,Kern County,0.23105268686953667,0.0,66,0.0,'Substation',' ',35.08870717,-118.976007
8245,8246,-1.615935910536981,0.5081843858234989,Riverside County,0.2594459855020608,0.0,66,0.0,'AddedNode',' ',33.73636191,-116.9195988
8246,8247,-1.615935910536981,0.5081843858234989,Riverside County,0.2594459855020608,0.0,115,0.0,'AddedNode',' ',33.7363398,-116.919558
8247,8248,-3.035606463930196,1.3054772196152222,San Diego County,0.43004980056502795,0.0,230,0.0,'AddedNode',' ',32.92127062,-117.0369035
8248,8249,-3.035606463930196,1.3054772196152222,San Diego County,0.4300498005650279,0.0,115,0.0,'AddedNode',' ',32.92127503,-117.036927
8249,8250,0.0,0.0,Imperial County,0.0,0.0,66,0.0,'AddedNode',' ',32.69783989,-115.2812065
8250,8251,-0.9078498937963599,0.03449829596426167,Imperial County,0.036547385942606175,0.0,115,0.0,'AddedNode',' ',32.69783373,-115.2811415
8251,8252,-2.2695534192868623,0.3951360426351851,Santa Clara County,0.17167891099385077,0.0,230,0.0,'Substation',' ',37.23376178,-121.9010635
8252,8253,12.576285267549135,0.43638737294369595,Santa Clara County,0.1627802509664669,14.7968169,66,0.024428138757960176,'Substation',' ',37.23373796,-121.9011125
8253,8254,-2.4162525270170496,0.47485119204077353,Santa Clara County,0.1771279395430539,0.0,115,0.0,'Substation',' ',37.23373669,-121.9010775
8254,8255,-1.1393079808520556,0.4921029278714923,Placer County,0.4314522501139853,0.0,66,0.0,'AddedNode',' ',38.77569358,-121.3082596
8255,8256,-1.1393079808520556,0.4921029278714923,Placer County,0.4314522501139853,0.0,115,0.0,'AddedNode',' ',38.77570403,-121.3082278
8256,8257,-2.4941939252388567,1.0219838490092221,Los Angeles County,0.39896276046013646,0.0,230,0.0,'AddedNode',' ',34.03606956,-118.3688606
8257,8258,-2.4941939252388567,1.0219838490092221,Los Angeles County,0.39896276046013646,0.0,115,0.0,'AddedNode',' ',34.03605305,-118.3688296
8258,8259,-2.4051282827223694,0.7271196313123418,Santa Clara County,0.2843483303522848,0.0,66,0.0,'AddedNode',' ',37.32350191,-122.0864939
8259,8260,-2.4051282827223694,0.7271196313123418,Santa Clara County,0.2843483303522848,0.0,115,0.0,'AddedNode',' ',37.32353159,-122.0865074
8260,8261,-2.0468817085498654,0.7110827183488871,San Bernardino County,0.33409493213906977,0.0,230,0.0,'Substation',' ',34.08851994,-117.534522
8261,8262,-2.0651805728819292,0.7246580207079922,San Bernardino County,0.3374734462386176,0.0,500,0.0,'Substation',' ',34.08854029,-117.5345531
8262,8263,-2.0468817085498654,0.7110827183488871,San Bernardino County,0.33409493213906977,0.0,66,0.0,'Substation',' ',34.08851642,-117.5345019
8263,8264,-0.8991439562170603,0.38663190117333596,Modoc County,0.42999940985094004,0.0,66,0.0,'Substation',' ',41.56430483,-120.4138646
8264,8265,-0.8991439562170603,0.38663190117333596,Modoc County,0.42999940985094004,0.0,115,0.0,'Substation',' ',41.56435256,-120.4138075
8265,8266,-2.2595467511676652,0.20503209323829402,San Joaquin County,0.09021303020924482,0.0,230,0.0,'AddedNode',' ',37.71950296,-121.5497155
8266,8267,-2.2595467511676652,0.20503209323829402,San Joaquin County,0.09021303020924482,0.0,115,0.0,'AddedNode',' ',37.71948718,-121.5497035
8267,8268,-2.244720686625945,0.025773647668450025,Fresno County,0.01436088561822285,0.0,230,0.0,'Substation',' ',36.14021389,-120.1254164
8268,8269,-2.3148150808748795,0.6193582488045244,Fresno County,0.26118934405505856,0.0,500,0.0,'Substation',' ',36.14026966,-120.125482
8269,8270,-2.2447256804539326,0.025773705007059604,Fresno County,0.014360917566871495,0.0,66,0.0,'Substation',' ',36.14023443,-120.1254345
8270,8271,-2.244720686625945,0.025773647668450025,Fresno County,0.01436088561822285,0.0,115,0.0,'Substation',' ',36.14021189,-120.1254768
8271,8272,-2.2447182357524884,0.025773619527777857,Kings County,0.01436086993844871,0.0,66,0.0,'AddedNode',' ',36.25461736,-119.5830739
8272,8273,-1.866930570499326,0.6667440903107738,Kings County,0.37140397367837985,0.0,115,0.0,'AddedNode',' ',36.25461526,-119.5831121
8273,8274,-1.2726529135837705,0.4982540202648162,Sacramento County,0.40955539327269935,0.0,66,0.0,'AddedNode',' ',38.50852621,-121.4638538
8274,8275,-1.4335154066552618,0.5271466588678764,Sacramento County,0.39128785635112795,0.0,115,0.0,'AddedNode',' ',38.50854108,-121.4637671
8275,8276,-0.5721003406619215,0.24600314648462623,Siskiyou County,0.4299391407132295,0.0,66,0.0,'Substation',' ',41.72855044,-122.6307269
8276,8277,-0.7958433997020515,0.34221266187188215,Siskiyou County,0.42999987342911894,0.0,115,0.0,'Substation',' ',41.72860387,-122.6308085
8277,8278,-2.108738854056419,0.47739882070397255,Alameda County,0.2386754659625388,0.0,66,0.0,'AddedNode',' ',37.63393433,-121.7758165
8278,8279,-2.108738854056419,0.47739882070397255,Alameda County,0.2386754659625388,0.0,115,0.0,'AddedNode',' ',37.63393868,-121.7758637
8279,8280,-2.2595474436849763,0.20503215607756647,San Joaquin County,0.09021305785819039,0.0,66,0.0,'AddedNode',' ',37.71265671,-121.3118695
8280,8281,-2.2595474436849763,0.20503215607756647,San Joaquin County,0.09021305785819039,0.0,115,0.0,'AddedNode',' ',37.71260512,-121.3118211
8281,8282,-1.5244212448393544,0.5510091766375906,Sacramento County,0.3831429471563417,0.0,230,0.0,'Substation',' ',38.64367357,-121.3290901
8282,8283,0.619278279229837,0.5294694372015492,Sacramento County,0.368165339525802,2.08410771,66,0.2587675397673589,'Substation',' ',38.64368733,-121.3290436
8283,8284,-2.2848182247231126,0.5086625111300942,Santa Clara County,0.21845744925822047,0.0,230,0.0,'Substation',' ',37.42747865,-121.9329329
8284,8285,-0.013513538200044195,0.5060800951442508,Santa Clara County,0.21734836809566807,2.25970495,115,0.2186481596790684,'Substation',' ',37.42749883,-121.9329641
8285,8286,-2.377892906544908,0.9776519107882112,Ventura County,0.40654887994855365,0.0,230,0.0,'AddedNode',' ',34.13181911,-119.1653617
8286,8287,-2.377892906544908,0.9776519107882112,Ventura County,0.40654887994855365,0.0,66,0.0,'AddedNode',' ',34.13181583,-119.1653086
8287,8288,-2.3778642067488023,0.9776401110934373,Los Angeles County,0.40654397313802,0.0,230,0.0,'Substation',' ',34.43923345,-118.5828382
8288,8289,-2.390435788629262,0.9635339150527941,Los Angeles County,0.397673951299067,0.0,500,0.0,'Substation',' ',34.43925998,-118.5828189
8289,8290,-1.4616032354308197,0.5491898242654664,Stanislaus County,0.39837550933364946,0.0,66,0.0,'Substation',' ',37.59511548,-120.8469633
8290,8291,-1.4616032354308197,0.5491898242654664,Stanislaus County,0.39837550933364946,0.0,115,0.0,'Substation',' ',37.59511516,-120.8469852
8291,8292,-2.2595493577404886,0.20503232975965913,Stanislaus County,0.09021313427738714,0.0,230,0.0,'Substation',' ',37.489961,-120.9060456
8292,8293,-2.2595493577404886,0.20503232975965913,Stanislaus County,0.09021313427738714,0.0,66,0.0,'Substation',' ',37.4899619,-120.9060986
8293,8294,-2.2595493577404886,0.20503232975965913,Stanislaus County,0.09021313427738714,0.0,115,0.0,'Substation',' ',37.48998406,-120.9061044
8294,8295,-0.9439318636230412,0.035869410817675564,Imperial County,0.037999940694042854,0.0,66,0.0,'Substation',' ',32.6870771,-115.490716
8295,8296,-0.9439318636230412,0.035869410817675564,Imperial County,0.037999940694042854,0.0,115,0.0,'Substation',' ',32.68714021,-115.4907895
8296,8297,-2.0065699107714083,0.8417658979373598,Riverside County,0.4046713210503834,0.0,66,0.0,'AddedNode',' ',33.7358464,-117.1498073
8297,8298,-1.9640432061303417,0.8075393379287285,Riverside County,0.38871697025041263,0.0,115,0.0,'AddedNode',' ',33.73581882,-117.1498462
8298,8299,3.0788765076760356,0.6160745601516148,Kern County,0.33271966750745363,4.50320653,66,0.10523670373353128,'Substation',' ',35.39836562,-118.9399035
8299,8300,-1.855156361687373,0.8024226279203306,Kern County,0.43335954319620956,0.0,115,0.0,'Substation',' ',35.39839949,-118.9398774
8300,8301,0.5698513652191857,0.6426587246038478,Fresno County,0.35798715386949853,2.21496063,66,0.2658864340641698,'Substation',' ',36.4884467,-119.5825258
8301,8302,-1.8369563487684477,0.7176034136612562,Fresno County,0.39973440619200357,0.0,115,0.0,'Substation',' ',36.4884244,-119.5825009
8302,8303,-0.9439326758222761,0.03586944168124649,Imperial County,0.037999973390812555,0.0,66,0.0,'Substation',' ',32.7147703,-115.5346013
8303,8304,-0.9439326758222761,0.03586944168124649,Imperial County,0.037999973390812555,0.0,115,0.0,'Substation',' ',32.71476646,-115.534599
8304,8305,-0.943933382943697,0.03586946855186049,Imperial County,0.03800000185745628,0.0,66,0.0,'AddedNode',' ',32.78142878,-115.5094652
8305,8306,-0.9306998097067998,0.0353665927688584,Imperial County,0.037949913136014236,0.0,115,0.0,'AddedNode',' ',32.78146222,-115.509515
8306,8307,-2.2695534192868623,0.3951360426351851,Santa Clara County,0.17167891099385077,0.0,230,0.0,'AddedNode',' ',37.21920668,-121.7564934
8307,8308,-2.2695534192868623,0.39513604263518504,Santa Clara County,0.17167891099385074,0.0,115,0.0,'AddedNode',' ',37.21913392,-121.756472
8308,8309,-3.0271109194832695,1.3070597823337275,San Diego County,0.42901351744562716,0.0,230,0.0,'Substation',' ',33.3696416,-117.5542123
8309,8310,-3.0271109194832695,1.3070597823337275,San Diego County,0.42901351744562716,0.0,115,0.0,'Substation',' ',33.36970546,-117.5542174
8310,8311,-1.901717710280007,0.09619581872493671,Kern County,0.04898617300510844,0.0,66,0.0,'Substation',' ',34.98448153,-117.891046
8311,8312,-1.901717710280007,0.09619581872493671,Kern County,0.04898617300510844,0.0,115,0.0,'Substation',' ',34.98449275,-117.8911405
8312,8313,13.918732923265992,0.5134884392488906,San Bernardino County,0.24134781793302296,15.4991281,66,0.024609444151676315,'Substation',' ',34.06040819,-117.1766405
8313,8314,-2.0314803010269715,0.6600511470143361,San Bernardino County,0.31023464576752513,0.0,115,0.0,'Substation',' ',34.06037091,-117.1766238
8314,8315,-2.031477406285061,0.6600502064796346,San Bernardino County,0.31023420370110155,0.0,230,0.0,'Substation',' ',34.07961234,-117.238605
8315,8316,9.003308542002632,0.6122818114614831,San Bernardino County,0.287782290429875,10.8877662,66,0.04980944034567905,'Substation',' ',34.07962257,-117.2386887
8316,8317,-2.031475981779501,0.6600497436415123,San Bernardino County,0.3102339861597464,0.0,115,0.0,'Substation',' ',34.07959675,-117.2386173
8317,8318,-0.8892113267567581,0.3912529837729735,Trinity County,0.4373260753829888,0.0,66,0.0,'Substation',' ',40.7180208,-122.9344386
8318,8319,-0.8892128000671823,0.39125363202956015,Trinity County,0.4373267999768466,0.0,115,0.0,'Substation',' ',40.71799795,-122.9343846
8319,8320,18.315281517446845,0.5403706728683704,San Mateo County,0.22379066612418738,20.4103456,66,0.02297147710264298,'Substation',' ',37.47357983,-122.1280211
8320,8321,-2.2812284335955972,0.597230778501422,San Mateo County,0.24870928942895354,0.0,115,0.0,'Substation',' ',37.47361584,-122.1279624
8321,8322,-2.098256942685287,0.9232330547815262,Riverside County,0.4399992160638465,0.0,66,0.0,'AddedNode',' ',34.03377692,-117.3903215
8322,8323,-2.098256942685287,0.9232330547815262,Riverside County,0.4399992160638465,0.0,115,0.0,'AddedNode',' ',34.03374764,-117.3902991
8323,8324,-2.0828576378851373,0.9164573606694605,San Bernardino County,0.4367700204862436,0.0,66,0.0,'AddedNode',' ',34.04792331,-117.3568236
8324,8325,-2.087759161912283,0.9186140312414045,San Bernardino County,0.4377978577761334,0.0,115,0.0,'AddedNode',' ',34.0478433,-117.356863
8325,8326,-0.7734403282064612,0.029390732471845527,Imperial County,0.03761439600110775,0.0,66,0.0,'AddedNode',' ',32.96340384,-115.5095138
8326,8327,-0.7733676159447139,0.029387969405899127,Imperial County,0.03761085981646912,0.0,115,0.0,'AddedNode',' ',32.96334334,-115.5094985
8327,8328,-1.7042326090913464,0.36819038809711513,Imperial County,0.18334667985135084,0.0,230,0.0,'Substation',' ',32.77030948,-115.2736733
8328,8329,-1.7042326090913464,0.36819038809711513,Imperial County,0.18334667985135084,0.0,115,0.0,'Substation',' ',32.7702638,-115.2737414
8329,8330,-3.0301848057238807,1.3031456093208755,San Diego County,0.42928172240402046,0.0,230,0.0,'Substation',' ',32.9587576,-117.2206707
8330,8331,14.139189574488398,1.1524422781038062,San Diego County,0.37963708934524665,16.8189462,66,0.060487440376191005,'Substation',' ',32.95873532,-117.2206304
8331,8332,-2.999444056382688,1.2899254016109238,San Diego County,0.4249267266954254,0.0,115,0.0,'Substation',' ',32.95870614,-117.2207073
8332,8333,-2.031475981779501,0.660049743641512,San Bernardino County,0.3102339861597464,0.0,66,0.0,'AddedNode',' ',34.07721566,-117.1211533
8333,8334,-2.031475981779501,0.660049743641512,San Bernardino County,0.3102339861597464,0.0,115,0.0,'AddedNode',' ',34.07721975,-117.1212427
8334,8335,-2.298660379425908,0.6115765720988493,Alameda County,0.2608631662116854,0.0,230,0.0,'Substation',' ',37.50084138,-121.9862901
8335,8336,20.819019145587465,0.7271190483447107,Alameda County,0.2843481023762195,23.2241455,115,0.029447503885653783,'Substation',' ',37.50083754,-121.9863065
8336,8337,7.363808441245752,0.2976416146802365,Monterey County,0.1382692174942568,8.9870389,66,0.024974055174590757,'Substation',' ',36.6903365,-121.6792844
8337,8338,-2.2654887706007307,0.3956871102894449,Monterey County,0.1726677468684025,0.0,115,0.0,'Substation',' ',36.69026246,-121.6792619
8338,8339,-2.390437051636547,0.9635344241442156,Los Angeles County,0.3976741614135154,0.0,230,0.0,'Substation',' ',34.68754958,-118.3005464
8339,8340,-2.3904357886292624,0.9635339150527942,Los Angeles County,0.397673951299067,0.0,500,0.0,'Substation',' ',34.68752411,-118.300543
8340,8341,2.7435348480022967,0.9550077685645553,Los Angeles County,0.39415500265557596,5.11281808,66,0.1826516852326313,'Substation',' ',34.68752178,-118.3005353
8341,8342,-2.390437051636547,0.9635344241442156,Los Angeles County,0.3976741614135154,0.0,115,0.0,'Substation',' ',34.68746465,-118.3004924
8342,8343,-3.027110239911212,1.3070594889049998,Orange County,0.42901342113412533,0.0,230,0.0,'Substation',' ',33.64597906,-117.9778602
8343,8344,-1.1134549000720324,1.2960501439768057,Orange County,0.4253998467159885,1.88815803,66,0.6762599634488071,'Substation',' ',33.64593073,-117.9778035
8344,8345,-1.4615958703945515,0.5491870568913418,Stanislaus County,0.3983735019146705,0.0,66,0.0,'AddedNode',' ',37.48536174,-120.9036657
8345,8346,-1.4615958703945517,0.549187056891342,Stanislaus County,0.3983735019146705,0.0,115,0.0,'AddedNode',' ',37.48540269,-120.9036555
8346,8347,-2.530517022793994,1.1050410215666806,Los Angeles County,0.43727036074287845,0.0,230,0.0,'Substation',' ',33.76455073,-118.2264619
8347,8348,-2.530517022793994,1.1050410215666806,Los Angeles County,0.43727036074287845,0.0,66,0.0,'Substation',' ',33.76453527,-118.2265286
8348,8349,2.790384451782174,0.44100543117738883,Sacramento County,0.40935095982794095,3.81972639,66,0.11031211856004697,'Substation',' ',38.50853962,-121.4639282
8349,8350,-1.044025150113827,0.4593710660500838,Sacramento County,0.43999963361654376,0.0,115,0.0,'Substation',' ',38.50852695,-121.463996
8350,8351,-1.0841215366587502,0.4770134761298501,Kern County,0.4400005679392615,0.0,66,0.0,'AddedNode',' ',35.13618345,-119.4820612
8351,8352,-1.0841215366587502,0.4770134761298501,Kern County,0.4400005679392615,0.0,115,0.0,'AddedNode',' ',35.13611074,-119.4820695
8352,8353,-0.7369346129129493,0.321627559811169,Shasta County,0.43057455313849113,0.0,66,0.0,'AddedNode',' ',40.65114906,-122.3892636
8353,8354,-0.7369346129129493,0.321627559811169,Shasta County,0.43057455313849113,0.0,115,0.0,'AddedNode',' ',40.65117665,-122.3892891
8354,8355,-2.187274145781729,0.0788586866895054,Kern County,0.04393947624796428,0.0,230,0.0,'Substation',' ',35.38002776,-119.0973342
8355,8356,-2.1872741457817293,0.07885868668950541,Kern County,0.043939476247964286,0.0,115,0.0,'Substation',' ',35.38003617,-119.0973611
8356,8357,-1.9026549192375604,0.8181416152721509,Riverside County,0.430000011465164,0.0,230,0.0,'Substation',' ',33.56499904,-114.9065748
8357,8358,-1.9026549192375604,0.8181416152721509,Riverside County,0.430000011465164,0.0,66,0.0,'Substation',' ',33.56494013,-114.9066377
8358,8359,-3.0301366052129137,1.3031248804583604,San Diego County,0.4292748939101512,0.0,230,0.0,'AddedNode',' ',32.93848678,-117.1707754
8359,8360,-3.0302135630176883,1.3031579765339552,San Diego County,0.4292857964065679,0.0,115,0.0,'AddedNode',' ',32.93854197,-117.1707521
8360,8361,-1.832130767677814,0.1590228130709045,Kern County,0.15151942852860395,0.0,66,0.0,'AddedNode',' ',35.09375103,-118.976568
8361,8362,-1.832130767677814,0.1590228130709045,Kern County,0.15151942852860395,0.0,115,0.0,'AddedNode',' ',35.09367425,-118.9764788
8362,8363,-2.973753041134081,1.2788768564340829,San Diego County,0.42128711921821893,0.0,66,0.0,'AddedNode',' ',32.71314224,-117.1303848
8363,8364,-2.973753041134081,1.2788768564340829,San Diego County,0.42128711921821893,0.0,115,0.0,'AddedNode',' ',32.71319255,-117.1304406
8364,8365,-2.047529385692575,0.7101569103886234,Los Angeles County,0.33350012092485437,0.0,230,0.0,'AddedNode',' ',34.01640333,-118.0186875
8365,8366,-2.047529385692575,0.7101569103886234,Los Angeles County,0.33350012092485437,0.0,500,0.0,'AddedNode',' ',34.01638649,-118.0186922
8366,8367,-2.4961325756663664,1.0227782016077678,Los Angeles County,0.3992728603759046,0.0,230,0.0,'Substation',' ',34.00073226,-118.3783013
8367,8368,4.040640782360116,0.9557451383891844,Los Angeles County,0.3731044468831553,6.37317639,66,0.13655347890406397,'Substation',' ',34.00073879,-118.3783068
8368,8369,-2.047072068810431,0.7124812386749216,San Bernardino County,0.33476875359567687,0.0,230,0.0,'AddedNode',' ',34.04233545,-117.322584
8369,8370,-2.064372079568875,0.83957928221805,San Bernardino County,0.3960058963370909,0.0,66,0.0,'AddedNode',' ',34.04232666,-117.3225399
8370,8371,-2.064372079568875,0.83957928221805,San Bernardino County,0.3960058963370909,0.0,115,0.0,'AddedNode',' ',34.04232814,-117.3225807
8371,8372,-1.8328621553766185,0.7927795724966886,Kern County,0.42815167648358227,0.0,66,0.0,'AddedNode',' ',35.41542823,-119.0130667
8372,8373,-1.8328621553766185,0.7927795724966886,Kern County,0.42815167648358227,0.0,115,0.0,'AddedNode',' ',35.41547392,-119.0130142
8373,8374,-2.827781976800958,1.1513658232109008,Los Angeles County,0.3937881542323806,0.0,230,0.0,'AddedNode',' ',34.35441565,-118.5123949
8374,8375,-2.827781976800958,1.1513658232109008,Los Angeles County,0.3937881542323806,0.0,66,0.0,'AddedNode',' ',34.35440987,-118.512408
8375,8376,-1.2967837124721484,0.11382472373828077,Sonoma County,0.07499975700105693,0.0,66,0.0,'Substation',' ',38.82906686,-122.8101656
8376,8377,-1.2967837124721484,0.11382472373828077,Sonoma County,0.07499975700105693,0.0,115,0.0,'Substation',' ',38.82903937,-122.8101098
8377,8378,-2.5813619396137755,1.1357992534300612,Los Angeles County,0.4399997946194058,0.0,230,0.0,'Substation',' ',33.77896895,-118.2273047
8378,8379,-2.5813619396137755,1.1357992534300612,Los Angeles County,0.4399997946194058,0.0,66,0.0,'Substation',' ',33.77888915,-118.2273491
8379,8380,0.0,0.0,Inyo County,0.0,0.0,66,0.0,'Substation',' ',37.30225073,-118.5317627
8380,8381,0.0,0.0,Inyo County,0.0,0.0,115,0.0,'Substation',' ',37.30227706,-118.5317174
8381,8382,-0.8892109313606312,0.39125280979867777,Humboldt County,0.4373258809218622,0.0,66,0.0,'Substation',' ',40.76794332,-123.8736664
8382,8383,-0.8892109313606313,0.3912528097986778,Humboldt County,0.43732588092186225,0.0,115,0.0,'Substation',' ',40.76785126,-123.873659
8383,8384,10.507515129874987,0.625610730978295,Sonoma County,0.364749205283805,12.0736963,66,0.04731470155776225,'Substation',' ',38.26499209,-122.6573229
8384,8385,-1.7459030034876455,0.6974005785945713,Sonoma County,0.40660476908549203,0.0,115,0.0,'Substation',' ',38.26497414,-122.6573428
8385,8386,-0.7665621925002222,0.029129363315008438,Imperial County,0.03727989453956154,0.0,66,0.0,'Substation',' ',33.12658062,-115.5101921
8386,8387,-0.7665621925002222,0.029129363315008438,Imperial County,0.03727989453956154,0.0,115,0.0,'Substation',' ',33.12653677,-115.5101084
8387,8388,-1.9451678379430473,0.5302678256199047,Kern County,0.2942280720760558,0.0,66,0.0,'AddedNode',' ',35.6018606,-119.2769922
8388,8389,-1.9451678379430473,0.5302678256199047,Kern County,0.2942280720760558,0.0,115,0.0,'AddedNode',' ',35.60181713,-119.2770071
8389,8390,-0.8199554958895867,0.35511637700313875,Shasta County,0.4320879357813291,0.0,230,0.0,'Substation',' ',40.51940693,-122.3155182
8390,8391,-0.8199554958895867,0.35511637700313875,Shasta County,0.4320879357813291,0.0,115,0.0,'Substation',' ',40.51940232,-122.315524
8391,8392,-2.677997836206139,0.8548883765392626,San Mateo County,0.27808110215030374,0.0,66,0.0,'AddedNode',' ',37.55550252,-122.2605306
8392,8393,-2.677997836206139,0.8548883765392626,San Mateo County,0.27808110215030374,0.0,115,0.0,'AddedNode',' ',37.55544839,-122.2605361
8393,8394,-2.2447206467104985,0.025773647210145054,Fresno County,0.014360885362858716,0.0,230,0.0,'Substation',' ',36.84476083,-119.922183
8394,8395,-2.2447206544338947,0.025773647298824278,Fresno County,0.014360885412270121,0.0,115,0.0,'Substation',' ',36.84467104,-119.9220922
8395,8396,-1.4014878286609993,0.5891152302397884,Butte County,0.42393635194171597,0.0,230,0.0,'AddedNode',' ',39.81190303,-121.4355935
8396,8397,-1.4014878286609993,0.5891152302397884,Butte County,0.42393635194171597,0.0,115,0.0,'AddedNode',' ',39.81188205,-121.4355504
8397,8398,-1.1872221785916328,0.5125244839474055,Sacramento County,0.43085404604005917,0.0,230,0.0,'Substation',' ',38.71385135,-121.4784815
8398,8399,-1.187218967270589,0.5125230976183001,Sacramento County,0.43085288062158095,0.0,66,0.0,'Substation',' ',38.7138629,-121.4785298
8399,8400,-1.37035148762661,0.5892511396794423,Butte County,0.4300021132299042,0.0,230,0.0,'Substation',' ',39.53264548,-121.4862328
8400,8401,-1.37035148762661,0.5892511396794423,Butte County,0.4300021132299042,0.0,66,0.0,'Substation',' ',39.53267582,-121.4862419
8401,8402,-2.0314774062850605,0.6600502064796346,Riverside County,0.31023420370110155,0.0,230,0.0,'Substation',' ',33.93693288,-116.5773326
8402,8403,-2.235615400186887,0.9613146220803613,Riverside County,0.42999996799137225,0.0,500,0.0,'Substation',' ',33.93689257,-116.5773748
8403,8404,-1.7619998248530617,0.6016164886334213,Riverside County,0.2992762602415172,0.0,115,0.0,'Substation',' ',33.9368735,-116.5772801
8404,8405,-2.2608908100719445,0.0,San Luis Obispo County,0.0,0.0,230,0.0,'Substation',' ',35.55499422,-120.6802926
8405,8406,6.457995862218937,0.0,San Luis Obispo County,0.0,8.64680578,66,0.0,'Substation',' ',35.55502392,-120.6802628
8406,8407,-0.9872117308220526,0.42814994151410046,Shasta County,0.4324005465804932,0.0,230,0.0,'Substation',' ',40.3978799,-122.2642135
8407,8408,-1.024424686616647,0.45074686211132475,Shasta County,0.43929127397240675,0.0,66,0.0,'Substation',' ',40.39792069,-122.2642201
8408,8409,-0.8584564817387681,0.3741331024774696,Shasta County,0.4341990962194059,0.0,115,0.0,'Substation',' ',40.39786299,-122.2642504
8409,8410,-1.5244212448393546,0.5510091766375906,Sacramento County,0.3831429471563418,0.0,230,0.0,'Substation',' ',38.63728455,-121.3836257
8410,8411,0.4347447364128447,0.502663195479533,Sacramento County,0.3573118121713178,1.81726976,66,0.2718322466060957,'Substation',' ',38.63726397,-121.3836048
8411,8412,-2.377865290280866,0.9776405565790982,Ventura County,0.4065441583897383,0.0,230,0.0,'Substation',' ',34.20745048,-119.2491156
8412,8413,-2.377865290280866,0.9776405565790982,Ventura County,0.4065441583897383,0.0,66,0.0,'Substation',' ',34.20744275,-119.2491721
8413,8414,-0.8123163104073711,0.35593249875130345,Shasta County,0.43030600264904895,0.0,230,0.0,'Substation',' ',40.6103267,-122.4440906
8414,8415,-0.7350551591151833,0.3204438046716878,Shasta County,0.42325314360339095,0.0,115,0.0,'Substation',' ',40.61038968,-122.4440358
8415,8416,-2.029476200481619,0.09131041881727517,San Bernardino County,0.04451464988558194,0.0,230,0.0,'Substation',' ',34.8631524,-116.8542005
8416,8417,-1.2831152056045796,0.5517395384099693,San Bernardino County,0.43000020732474503,0.0,66,0.0,'Substation',' ',34.86314396,-116.8541907
8417,8418,-1.4165439899983467,0.46942749618318225,San Bernardino County,0.3610860093916993,0.0,115,0.0,'Substation',' ',34.86312887,-116.8542106
8418,8419,-2.2595472879040077,0.20503214194194472,Merced County,0.09021305163859203,0.0,230,0.0,'Substation',' ',37.05356146,-121.0211092
8419,8420,-2.314815170697591,0.6193582728377346,Merced County,0.261189354190095,0.0,500,0.0,'Substation',' ',37.05350878,-121.0211078
8420,8421,-2.2595472879040077,0.20503214194194475,Merced County,0.09021305163859203,0.0,66,0.0,'Substation',' ',37.0535541,-121.0211108
8421,8422,-2.2595472879040077,0.20503214194194472,Merced County,0.09021305163859203,0.0,115,0.0,'Substation',' ',37.05350336,-121.0210853
8422,8423,-2.273593460562563,0.5854053795202953,Contra Costa County,0.2541523409558525,0.0,230,0.0,'AddedNode',' ',38.01880633,-122.0618053
8423,8424,-1.9863265355453077,0.7308654023821879,Contra Costa County,0.3759039238558027,0.0,115,0.0,'AddedNode',' ',38.0188285,-122.0617646
8424,8425,-2.2748067986714697,0.6179536561107241,Solano County,0.2681805226561061,0.0,66,0.0,'AddedNode',' ',38.24369249,-121.8541436
8425,8426,-1.770510216883563,0.6019483478464391,Solano County,0.35840522689240084,0.0,115,0.0,'AddedNode',' ',38.24364364,-121.8540971
8426,8427,-0.8991273458912028,0.3866247587332172,Shasta County,0.4299914662616329,0.0,230,0.0,'Substation',' ',40.96096373,-121.5486459
8427,8428,-0.8991273458912028,0.3866247587332172,Shasta County,0.4299914662616329,0.0,66,0.0,'Substation',' ',40.96095737,-121.5485503
8428,8429,0.0,0.0,Kern County,0.0,0.0,230,0.0,'AddedNode',' ',35.04392956,-118.2768711
8429,8430,0.0,0.0,Kern County,0.0,0.0,66,0.0,'AddedNode',' ',35.04387751,-118.2769278
8430,8431,-2.1991420528299646,0.6790160925651545,San Joaquin County,0.31031320373212684,0.0,66,0.0,'AddedNode',' ',37.75614622,-121.4172915
8431,8432,-1.918299782863676,0.5959694025907072,San Joaquin County,0.32742274114644554,0.0,115,0.0,'AddedNode',' ',37.75607625,-121.4172507
8432,8433,-1.8512466356307087,0.5817578538927454,Contra Costa County,0.3298133289243326,0.0,66,0.0,'Substation',' ',38.04445436,-122.2570372
8433,8434,-1.8512466356307087,0.5817578538927455,Contra Costa County,0.3298133289243326,0.0,115,0.0,'Substation',' ',38.04452863,-122.2570108
8434,8435,-2.2394461278628293,0.05431047192284265,Merced County,0.028016082063305286,0.0,66,0.0,'Substation',' ',37.12067402,-120.4726946
8435,8436,-2.2394461278628293,0.05431047192284265,Merced County,0.028016082063305286,0.0,115,0.0,'Substation',' ',37.12064102,-120.4726993
8436,8437,-2.051135157025519,0.9024994690912285,San Bernardino County,0.4301178958460794,0.0,66,0.0,'AddedNode',' ',34.06645125,-117.3362317
8437,8438,-2.092205964754868,0.9205706244921419,San Bernardino County,0.4387303411745794,0.0,115,0.0,'AddedNode',' ',34.06642358,-117.3362853
8438,8439,-1.9017353521007632,0.09619671111258303,Kern County,0.048986627439159845,0.0,66,0.0,'Substation',' ',35.01409884,-117.7039948
8439,8440,-1.9017353521007632,0.09619671111258303,Kern County,0.048986627439159845,0.0,115,0.0,'Substation',' ',35.01410239,-117.7039961
8440,8441,-5.916681847576681,2.6033400129337396,Santa Clara County,0.44000000844431647,0.0,66,0.0,'AddedNode',' ',37.3759848,-121.9506807
8441,8442,-5.916681847576681,2.6033400129337396,Santa Clara County,0.44000000844431647,0.0,115,0.0,'AddedNode',' ',37.37603167,-121.9507157
8442,8443,-2.27357772314827,0.585401327447158,Stanislaus County,0.2541505817580221,0.0,230,0.0,'Substation',' ',37.74200457,-120.8024239
8443,8444,-2.27357772314827,0.585401327447158,Stanislaus County,0.254150581758022,0.0,115,0.0,'Substation',' ',37.7419919,-120.8024826
8444,8445,-1.9451678379430473,0.5302678256199047,Kern County,0.2942280720760558,0.0,66,0.0,'Substation',' ',35.60507136,-119.2037009
8445,8446,-1.9451678379430473,0.5302678256199047,Kern County,0.2942280720760558,0.0,115,0.0,'Substation',' ',35.60508518,-119.203664
8446,8447,-2.150878608363187,0.5781264955191358,Contra Costa County,0.2543547732317934,0.0,66,0.0,'AddedNode',' ',37.96684114,-122.0483714
8447,8448,-2.150878608363187,0.5781264955191358,Contra Costa County,0.2543547732317934,0.0,115,0.0,'AddedNode',' ',37.96675969,-122.0483502
8448,8449,-1.5856275418190107,0.46430655767953266,Riverside County,0.24273583364008536,0.0,66,0.0,'AddedNode',' ',33.92464694,-116.6672274
8449,8450,-1.5856275418190107,0.46430655767953266,Riverside County,0.24273583364008536,0.0,115,0.0,'AddedNode',' ',33.92459659,-116.6673025
8450,8451,-1.4615988645293223,0.5491881819219308,Merced County,0.3983743179979516,0.0,66,0.0,'AddedNode',' ',37.44830855,-120.7400146
8451,8452,-1.4615988645293223,0.5491881819219308,Merced County,0.3983743179979516,0.0,115,0.0,'AddedNode',' ',37.44832392,-120.7399568
8452,8453,-1.8210078531040192,0.8012434553657685,Los Angeles County,0.4375888642853509,0.0,230,0.0,'Substation',' ',33.90312312,-118.3978623
8453,8454,-1.7565138325790817,0.7728660863347959,Los Angeles County,0.4370440282382954,0.0,66,0.0,'Substation',' ',33.90320093,-118.3978271
8454,8455,3.561701364027132,0.5748110505181158,Riverside County,0.2701704306512983,5.33083294,66,0.08966085509320044,'Substation',' ',33.92229008,-116.872771
8455,8456,-1.9902488195622274,0.6466545678694895,Riverside County,0.3039380382935474,0.0,115,0.0,'Substation',' ',33.9223429,-116.8727578
8456,8457,-0.8627039202989534,0.37096268572854996,Sierra County,0.4300045588876755,0.0,66,0.0,'AddedNode',' ',39.46789992,-120.1036793
8457,8458,-1.0998819030175697,0.472949218297555,Sierra County,0.4300004886700732,0.0,115,0.0,'AddedNode',' ',39.46786363,-120.1036549
8458,8459,1.9933995158977587,0.44610155668394413,Fresno County,0.23988858798890778,3.94916224,66,0.11880118612858673,'Substation',' ',36.70718981,-119.6108803
8459,8460,-1.9894846340025032,0.45379338776113554,Fresno County,0.2440248266289894,0.0,115,0.0,'Substation',' ',36.70726213,-119.6108905
8460,8461,-2.239442176814787,0.05431037610304102,Fresno County,0.0280160326346163,0.0,230,0.0,'Substation',' ',36.65357586,-120.5817931
8461,8462,-2.239442176814787,0.05431037610304102,Fresno County,0.0280160326346163,0.0,115,0.0,'Substation',' ',36.65353109,-120.5817603
8462,8463,24.028248746013475,0.5329039857029796,San Mateo County,0.1885987409763994,25.9855929,66,0.014206050426479757,'Substation',' ',37.65081497,-122.4542636
8463,8464,-2.6167419604112045,0.8121771711982261,San Mateo County,0.27644454152588116,0.0,115,0.0,'Substation',' ',37.65081013,-122.454267
8464,8465,-1.8719425361908404,0.6925603124628966,San Bernardino County,0.3267465658130551,0.0,230,0.0,'AddedNode',' ',34.08973199,-117.5331024
8465,8466,-2.050677333047968,0.7586866087386629,San Bernardino County,0.3579446287531701,0.0,66,0.0,'AddedNode',' ',34.08977343,-117.5331132
8466,8467,-1.9640574093251335,0.4897234888855845,Kern County,0.2722373755756156,0.0,66,0.0,'Substation',' ',35.45465829,-118.992237
8467,8468,-1.9640574093251335,0.4897234888855845,Kern County,0.2722373755756156,0.0,115,0.0,'Substation',' ',35.45463751,-118.9921864
8468,8469,-5.9104990768508605,2.599802122046208,Santa Clara County,0.43962012235545067,0.0,66,0.0,'Substation',' ',37.37704703,-121.9542021
8469,8470,-2.969676709600311,0.9173993387561152,Santa Clara County,0.2588901646312966,0.0,115,0.0,'Substation',' ',37.37704667,-121.9541796
8470,8471,-0.7724891604056101,0.02935458809541318,Imperial County,0.03756813826018068,0.0,66,0.0,'Substation',' ',32.90609709,-115.5138901
8471,8472,-0.7724891604056101,0.02935458809541318,Imperial County,0.03756813826018068,0.0,115,0.0,'Substation',' ',32.90606633,-115.5138748
8472,8473,-2.2595429801113585,0.2050317510512745,Stanislaus County,0.09021287964877674,0.0,66,0.0,'AddedNode',' ',37.66736209,-120.921187
8473,8474,-2.2595429801113585,0.2050317510512745,Stanislaus County,0.09021287964877674,0.0,115,0.0,'AddedNode',' ',37.66736491,-120.9212164
8474,8475,-1.5652755530598341,0.5556700282713297,Sacramento County,0.3773594030991333,0.0,230,0.0,'Substation',' ',38.58729426,-121.4181505
8475,8476,2.362152103108436,0.5004253857321412,Sacramento County,0.3911427469199771,3.70282768,66,0.1416202894631843,'Substation',' ',38.58734227,-121.4182254
8476,8477,-1.524411905396351,0.55100580085231,Sacramento County,0.3831405998119123,0.0,115,0.0,'Substation',' ',38.58730278,-121.4181639
8477,8478,-1.5856275418190107,0.46430655767953266,Riverside County,0.24273583364008536,0.0,66,0.0,'AddedNode',' ',33.92154764,-116.6498005
8478,8479,-1.5856275418190107,0.46430655767953266,Riverside County,0.24273583364008536,0.0,115,0.0,'AddedNode',' ',33.92155451,-116.649799
8479,8480,-1.7555572123966174,0.7724451734545117,Los Angeles County,0.4400005330748263,0.0,230,0.0,'Substation',' ',34.77653852,-118.7747463
8480,8481,-1.7555572123966174,0.7724451734545117,Los Angeles County,0.4400005330748263,0.0,66,0.0,'Substation',' ',34.77647168,-118.7747613
8481,8482,-1.8833936532939557,0.7659754301156797,Riverside County,0.36128903273290813,0.0,66,0.0,'AddedNode',' ',33.83040848,-117.2348844
8482,8483,-1.8833936532939557,0.7659754301156797,Riverside County,0.36128903273290813,0.0,115,0.0,'AddedNode',' ',33.83036651,-117.2349093
8483,8484,-2.5417304721445166,0.6470549286990055,San Joaquin County,0.2308006633704231,0.0,66,0.0,'AddedNode',' ',37.79783526,-121.2745479
8484,8485,-2.54174406246259,0.6470583884215798,San Joaquin County,0.23080189743298848,0.0,115,0.0,'AddedNode',' ',37.79789445,-121.2746036
8485,8486,-1.859283598919291,0.1684754049702049,Imperial County,0.08482378942558791,0.0,230,0.0,'Substation',' ',33.19231968,-115.4344433
8486,8487,-1.8760884589993319,0.07129136144197462,Imperial County,0.037938915677994414,0.0,115,0.0,'Substation',' ',33.19240512,-115.4344666
8487,8488,-2.2735925815795666,0.5854051531995463,Alameda County,0.2541522426992424,0.0,230,0.0,'Substation',' ',37.71241873,-121.5648323
8488,8489,-2.274794204794559,0.6179502349708338,Alameda County,0.268179037944308,0.0,500,0.0,'Substation',' ',37.71239956,-121.564845
8489,8490,-2.2659906594396717,0.37953202113509993,Alameda County,0.16542177616469744,0.0,66,0.0,'Substation',' ',37.71244148,-121.5648307
8490,8491,-2.2659906594396717,0.37953202113509993,Alameda County,0.16542177616469744,0.0,115,0.0,'Substation',' ',37.7123613,-121.5648526
8491,8492,-2.0822598821464684,0.8953717493229814,San Bernardino County,0.4300001480494966,0.0,230,0.0,'Substation',' ',34.29117261,-114.1712965
8492,8493,-2.0822598821464684,0.8953717493229814,San Bernardino County,0.4300001480494966,0.0,66,0.0,'Substation',' ',34.29119485,-114.1712708
8493,8494,-0.734396101999925,0.02790705187599715,Imperial County,0.035715574679629596,0.0,66,0.0,'Substation',' ',32.95547516,-115.5360384
8494,8495,-0.734396101999925,0.02790705187599715,Imperial County,0.035715574679629596,0.0,115,0.0,'Substation',' ',32.95550966,-115.5360311
8495,8496,-1.8885061160297283,0.09670149254523841,Kern County,0.04944889865346331,0.0,230,0.0,'Substation',' ',35.65249117,-117.7957761
8496,8497,-1.8885061160297283,0.0967014925452384,Kern County,0.04944889865346331,0.0,66,0.0,'Substation',' ',35.65256098,-117.7958443
8497,8498,-1.8885061160297283,0.09670149254523841,Kern County,0.04944889865346331,0.0,115,0.0,'Substation',' ',35.6524786,-117.7958421
8498,8499,-2.7008816202879444,1.1620820629937407,Imperial County,0.43047352777958364,0.0,230,0.0,'AddedNode',' ',32.81815874,-115.5780021
8499,8500,-2.7008816202879444,1.1620820629937407,Imperial County,0.43047352777958364,0.0,115,0.0,'AddedNode',' ',32.81816586,-115.5779821
8500,8501,3.714004655727236,0.5689533700611796,Riverside County,0.2802750350815574,5.32751228,66,0.08488500490090078,'Substation',' ',33.93261159,-116.5051758
8501,8502,-1.8062526136314927,0.6369189065162566,Riverside County,0.3137558862666645,0.0,115,0.0,'Substation',' ',33.93263853,-116.5051906
8502,8503,-1.3703446012306,0.5892481785291581,Butte County,0.42999995235011274,0.0,230,0.0,'Substation',' ',39.55524025,-121.644835
8503,8504,-1.3703446012306,0.5892481785291581,Butte County,0.42999995235011274,0.0,500,0.0,'Substation',' ',39.55531107,-121.6447716
8504,8505,-1.3703446012306,0.5892481785291581,Butte County,0.42999995235011274,0.0,66,0.0,'Substation',' ',39.55523152,-121.644793
8505,8506,-1.3703446012306,0.5892481785291581,Butte County,0.42999995235011274,0.0,115,0.0,'Substation',' ',39.55526209,-121.6447486
8506,8507,-2.2735925815795666,0.5854051531995466,Contra Costa County,0.2541522426992424,0.0,230,0.0,'Substation',' ',37.82120821,-121.6609017
8507,8508,-2.2735925815795666,0.5854051531995466,Contra Costa County,0.2541522426992424,0.0,66,0.0,'Substation',' ',37.82122073,-121.6609024
8508,8509,-0.736908618746709,0.32161621492369774,Shasta County,0.4305593653235657,0.0,66,0.0,'AddedNode',' ',40.65270741,-122.3891712
8509,8510,-0.736908618746709,0.32161621492369774,Shasta County,0.4305593653235657,0.0,115,0.0,'AddedNode',' ',40.65274729,-122.3891468
8510,8511,-1.6671955363123359,0.6046078339901739,Marin County,0.3799469480680655,0.0,230,0.0,'Substation',' ',38.07693736,-122.5405147
8511,8512,6.999322949647873,0.5729666376378859,Marin County,0.3812261017330747,8.49051927,66,0.066955028549926,'Substation',' ',38.07696184,-122.540554
8512,8513,-1.5576381841142681,0.598495785449355,Marin County,0.39821204273106453,0.0,115,0.0,'Substation',' ',38.07689652,-122.5406123
8513,8514,-0.943942209208928,0.035869803949939265,Imperial County,0.03800035717712315,0.0,66,0.0,'AddedNode',' ',32.6935605,-115.4048419
8514,8515,-0.9275571141327912,0.03524717033704606,Imperial County,0.03734074109130776,0.0,115,0.0,'AddedNode',' ',32.6935856,-115.404875
8515,8516,-2.273591861996987,0.5854049679212545,Contra Costa County,0.2541521622611165,0.0,230,0.0,'AddedNode',' ',38.05113021,-122.23433
8516,8517,-2.273591861996987,0.5854049679212545,Contra Costa County,0.2541521622611165,0.0,115,0.0,'AddedNode',' ',38.0512116,-122.234323
8517,8518,-2.031480301026971,0.6600511470143361,San Bernardino County,0.3102346457675251,0.0,66,0.0,'AddedNode',' ',34.06294802,-117.2386393
8518,8519,-2.031480301026971,0.6600511470143361,San Bernardino County,0.3102346457675251,0.0,115,0.0,'AddedNode',' ',34.0629402,-117.2387006
8519,8520,-2.0511351570255196,0.9024994690912287,San Bernardino County,0.43011789584607946,0.0,66,0.0,'AddedNode',' ',34.06580605,-117.3485559
8520,8521,-2.0511351570255196,0.9024994690912287,San Bernardino County,0.43011789584607946,0.0,115,0.0,'AddedNode',' ',34.06581896,-117.3485394
8521,8522,-0.8991452889633619,0.38663247425424563,,0.4300000472128654,0.0,230,0.0,'Substation',' ',42.00660274,-121.3166427
8522,8523,-1.3703446012305998,0.5892481785291579,,0.4299999523501127,0.0,500,0.0,'Substation',' ',42.00665191,-121.3166395
8523,8524,12.668512450459561,2.8439063420380353,Contra Costa County,0.3999342516373245,19.1538971,66,0.13541512950876963,'Substation',' ',37.98526516,-122.3368032
8524,8525,-7.058715987003438,3.0953178950622213,Contra Costa County,0.4352898784473301,0.0,115,0.0,'Substation',' ',37.98526683,-122.3368173
8525,8526,-2.530517022793994,1.1050410215666806,Los Angeles County,0.43727036074287845,0.0,230,0.0,'Substation',' ',33.76401376,-118.2276395
8526,8527,-2.530517022793994,1.1050410215666806,Los Angeles County,0.43727036074287845,0.0,66,0.0,'Substation',' ',33.76397222,-118.2275881
8527,8528,-0.8892097371747676,0.39125228435689774,Trinity County,0.4373252936052129,0.0,230,0.0,'Substation',' ',40.79219236,-122.7673924
8528,8529,-0.8892097371747676,0.39125228435689774,Trinity County,0.4373252936052129,0.0,66,0.0,'Substation',' ',40.79216603,-122.7674276
8529,8530,-0.7665621925002222,0.029129363315008438,Imperial County,0.03727989453956154,0.0,66,0.0,'AddedNode',' ',33.13303757,-115.540738
8530,8531,-1.6719494787662361,0.06353408019311699,Imperial County,0.037949905093861445,0.0,115,0.0,'AddedNode',' ',33.13301468,-115.5406889
8531,8532,-0.7343961019999251,0.027907051875997152,Imperial County,0.0357155746796296,0.0,66,0.0,'Substation',' ',32.97036114,-115.5342611
8532,8533,-0.7343961019999251,0.027907051875997152,Imperial County,0.0357155746796296,0.0,115,0.0,'Substation',' ',32.97039541,-115.534179
8533,8534,-2.274794204794559,0.6179502349708339,Solano County,0.26817903794430803,0.0,230,0.0,'Substation',' ',38.12736919,-121.8308081
8534,8535,-2.274794204794559,0.6179502349708339,Solano County,0.26817903794430803,0.0,500,0.0,'Substation',' ',38.12735372,-121.8307367
8535,8536,-1.595956350220734,0.2420590316198794,Sonoma County,0.14369408994037294,0.0,66,0.0,'AddedNode',' ',38.43700052,-122.7426914
8536,8537,-1.595956350220734,0.2420590316198794,Sonoma County,0.14369408994037294,0.0,115,0.0,'AddedNode',' ',38.43698632,-122.742614
8537,8538,-2.1034629023428333,0.5718945129889064,Contra Costa County,0.24991071019705904,0.0,66,0.0,'AddedNode',' ',37.92668795,-122.0545627
8538,8539,-2.1655383021482026,0.5887717208069017,Contra Costa County,0.25728583777066516,0.0,115,0.0,'AddedNode',' ',37.92673397,-122.054494
8539,8540,30.645732076006546,0.5330071078425463,Napa County,0.31075860654144216,31.9800853,66,0.012966248983778864,'Substation',' ',38.29545728,-122.2788672
8540,8541,-1.655334054417377,0.6612228314012091,Napa County,0.38551209294628586,0.0,115,0.0,'Substation',' ',38.29545198,-122.2788719
8541,8542,-1.4014878286609993,0.5891152302397884,Plumas County,0.4239363519417159,0.0,230,0.0,'Substation',' ',40.0861195,-121.1486435
8542,8543,-1.4014878286609993,0.5891152302397884,Plumas County,0.4239363519417159,0.0,66,0.0,'Substation',' ',40.08611134,-121.1487146
8543,8544,-1.4014878286609993,0.5891152302397884,Plumas County,0.4239363519417159,0.0,115,0.0,'Substation',' ',40.08608078,-121.1486931
8544,8545,-0.8420678336618077,0.031998577679148696,Imperial County,0.03389919227505645,0.0,66,0.0,'Substation',' ',32.67000086,-115.4362865
8545,8546,-0.8940946203207899,0.033975595572190015,Imperial County,0.03599363879575623,0.0,115,0.0,'Substation',' ',32.66999279,-115.436283
8546,8547,-1.888947018706348,0.4729625360615945,Stanislaus County,0.19654695609978579,0.0,66,0.0,'AddedNode',' ',37.63805881,-120.939113
8547,8548,-1.888947018706348,0.4729625360615945,Stanislaus County,0.19654695609978579,0.0,115,0.0,'AddedNode',' ',37.63804144,-120.9391814
8548,8549,-2.031475981779501,0.660049743641512,San Bernardino County,0.3102339861597464,0.0,66,0.0,'AddedNode',' ',34.07003713,-117.1215089
8549,8550,-2.031475981779501,0.660049743641512,San Bernardino County,0.3102339861597464,0.0,115,0.0,'AddedNode',' ',34.07006727,-117.1214496
8550,8551,-2.4961325756663664,1.022778201607768,Los Angeles County,0.39927286037590476,0.0,230,0.0,'Substation',' ',33.89569461,-118.3732787
8551,8552,-2.4961325756663664,1.022778201607768,Los Angeles County,0.39927286037590476,0.0,66,0.0,'Substation',' ',33.89569302,-118.3733574
8552,8553,-0.8991758765408433,0.3866456269125626,Shasta County,0.43001467517113046,0.0,230,0.0,'Substation',' ',40.99101788,-121.4978393
8553,8554,-0.8991273458912028,0.3866247587332172,Shasta County,0.4299914662616329,0.0,66,0.0,'Substation',' ',40.99102695,-121.4977594
8554,8555,-3.0356174042460964,1.305481924550909,San Diego County,0.43005135046312143,0.0,230,0.0,'Substation',' ',32.85966256,-116.8991849
8555,8556,8.429700401309805,1.2545743107616656,San Diego County,0.4132813840260523,11.3469431,66,0.10625259062545046,'Substation',' ',32.85962802,-116.8992008
8556,8557,-2.092205964754868,0.9205706244921419,San Bernardino County,0.4387303411745794,0.0,66,0.0,'AddedNode',' ',34.07781742,-117.3486188
8557,8558,-2.092205964754868,0.9205706244921419,San Bernardino County,0.4387303411745794,0.0,115,0.0,'AddedNode',' ',34.07780108,-117.3486612
8558,8559,-1.5618111991603922,0.4911630837845797,Riverside County,0.250756012718148,0.0,66,0.0,'AddedNode',' ',33.72923633,-117.0065022
8559,8560,-1.5618111991603922,0.4911630837845797,Riverside County,0.250756012718148,0.0,115,0.0,'AddedNode',' ',33.72919306,-117.006537
8560,8561,-1.1715293885179527,0.50244940491865,Sutter County,0.4294137994406608,0.0,66,0.0,'Substation',' ',38.90969662,-121.542537
8561,8562,-1.1715293885179527,0.50244940491865,Sutter County,0.4294137994406608,0.0,115,0.0,'Substation',' ',38.90971428,-121.5424499
8562,8563,-1.1283110382497556,0.4851737464473949,Nevada County,0.4300000007969354,0.0,66,0.0,'AddedNode',' ',39.41705865,-120.1805025
8563,8564,-1.0999982083636155,0.47299922959635465,Nevada County,0.4299998754700598,0.0,115,0.0,'AddedNode',' ',39.41706386,-120.1804881
8564,8565,-2.176872321567604,0.5822362076002567,Placer County,0.26878970909331523,0.0,230,0.0,'Substation',' ',39.02426495,-120.5964417
8565,8566,-2.176872321567604,0.5822362076002567,Placer County,0.26878970909331523,0.0,66,0.0,'Substation',' ',39.0242176,-120.596375
8566,8567,-1.461595870394552,0.549187056891342,Merced County,0.3983735019146705,0.0,66,0.0,'AddedNode',' ',37.42785315,-120.8496109
8567,8568,-1.461595870394552,0.549187056891342,Merced County,0.3983735019146705,0.0,115,0.0,'AddedNode',' ',37.42780548,-120.8496398
8568,8569,-2.215430456362785,0.8133672494116932,Los Angeles County,0.35013398122570594,0.0,230,0.0,'Substation',' ',33.92880827,-118.1057578
8569,8570,15.248263892317043,0.7945480650920592,Los Angeles County,0.34203279946061793,17.4124351,66,0.042510856891915604,'Substation',' ',33.92887029,-118.1057597
8570,8571,23.230030304202362,0.890344505136557,Los Angeles County,0.31020171510178335,25.3608775,66,0.02606346940306987,'Substation',' ',33.84774654,-118.3033435
8571,8572,-3.663725837265796,1.5536873113398268,Los Angeles County,0.37919210439856915,0.0,115,0.0,'Substation',' ',33.84778553,-118.3032851
8572,8573,-1.8969429024588385,0.7499230832144489,Fresno County,0.39312783738247575,0.0,230,0.0,'Substation',' ',36.61081221,-119.6391792
8573,8574,3.1384297975411615,0.7499230832144489,Fresno County,0.39312783738247575,5.0353727,115,0.14810046948097402,'Substation',' ',36.61084886,-119.6392455
8574,8575,-2.273593460562563,0.5854053795202953,Contra Costa County,0.2541523409558525,0.0,230,0.0,'Substation',' ',38.01838518,-122.0612753
8575,8576,-2.273593460562563,0.5854053795202953,Contra Costa County,0.2541523409558525,0.0,66,0.0,'Substation',' ',38.01838543,-122.061269
8576,8577,-1.084993112590224,0.46654703841379624,Placer County,0.4299996631959367,0.0,66,0.0,'Substation',' ',39.25664803,-120.7667715
8577,8578,-1.1127713044542418,0.47849166091532397,Placer County,0.4300002584781571,0.0,115,0.0,'Substation',' ',39.25668413,-120.7667659
8578,8579,-2.447486847633396,0.9880362565936391,Los Angeles County,0.3971671103983033,0.0,230,0.0,'Substation',' ',34.15084119,-118.1843115
8579,8580,7.958743107190221,0.9632014110490128,Los Angeles County,0.3871840922890761,10.344711,66,0.08930252501093881,'Substation',' ',34.15090533,-118.1843309
8580,8581,-1.1283127354327849,0.4851744762360975,Nevada County,0.4300006475943867,0.0,66,0.0,'Substation',' ',39.33739981,-120.2212791
8581,8582,-1.1283127354327849,0.4851744762360975,Nevada County,0.4300006475943867,0.0,115,0.0,'Substation',' ',39.3373937,-120.2212761
8582,8583,-4.03831110621744,1.7200753850317951,Los Angeles County,0.4058878444848672,0.0,230,0.0,'Substation',' ',34.06832037,-118.4883739
8583,8584,4.593282997853988,1.664123124348461,Los Angeles County,0.3926847356674045,8.50023205,115,0.1804891027425508,'Substation',' ',34.06832049,-118.4883642
8584,8585,-1.2279875109100251,0.527097900212409,Sutter County,0.4295802388603012,0.0,66,0.0,'AddedNode',' ',38.91464399,-121.5241642
8585,8586,-1.370348155693277,0.5892497069481092,Sutter County,0.43000106770371094,0.0,115,0.0,'AddedNode',' ',38.91460684,-121.5241837
8586,8587,28.346904977842435,0.4992066776808343,San Mateo County,0.21096742352486647,30.1982427,66,0.012933598593734627,'Substation',' ',37.55159911,-122.2928268
8587,8588,-2.30877722655456,0.622553624322132,San Mateo County,0.2630945057455312,0.0,115,0.0,'Substation',' ',37.55156531,-122.2928937
8588,8589,-3.0208134170966163,1.3020087463343755,San Diego County,0.4280062131717258,0.0,230,0.0,'Substation',' ',33.21143869,-117.3345195
8589,8590,28.902191416907574,1.199101633669432,San Diego County,0.3941531361834465,31.684074,66,0.03460690517955446,'Substation',' ',33.21149374,-117.3345537
8590,8591,22.28423803518831,0.44980272262572324,San Mateo County,0.18628259447641043,24.0281623,66,0.013520082500004115,'Substation',' ',37.49041743,-122.2130487
8591,8592,-1.7439242648116906,0.44980272262572324,San Mateo County,0.18628259447641043,0.0,115,0.0,'Substation',' ',37.49050174,-122.2130761
8592,8593,-2.3892219453781824,0.9630446406093908,Kern County,0.39747201580085756,0.0,230,0.0,'Substation',' ',35.0994889,-118.3781251
8593,8594,-2.3892219453781824,0.9630446406093908,Kern County,0.39747201580085756,0.0,66,0.0,'Substation',' ',35.09949439,-118.3781208
8594,8595,-1.660234305181423,0.5849619576064218,Riverside County,0.30761147654759774,0.0,66,0.0,'AddedNode',' ',33.72111074,-116.3652675
8595,8596,-1.660234305181423,0.5849619576064219,Riverside County,0.3076114765475978,0.0,115,0.0,'AddedNode',' ',33.72112329,-116.3652248
8596,8597,-2.098260720183914,0.9232347168809222,San Bernardino County,0.44000000819583046,0.0,66,0.0,'AddedNode',' ',34.08478489,-117.3272593
8597,8598,-2.098260720183914,0.9232347168809222,San Bernardino County,0.44000000819583046,0.0,115,0.0,'AddedNode',' ',34.08472497,-117.3272426
8598,8599,6.777039348652405,1.4190998638619847,Los Angeles County,0.45043839777585604,9.85607792,66,0.14071694765658588,'Substation',' ',33.79818926,-118.2578819
8599,8600,-3.663725837265796,1.5536873113398268,Los Angeles County,0.37919210439856915,0.0,115,0.0,'Substation',' ',33.7982105,-118.2579099
8600,8601,-1.9902488195622272,0.6466545678694895,Riverside County,0.3039380382935473,0.0,66,0.0,'AddedNode',' ',33.94723346,-116.9209678
8601,8602,-1.9902488195622272,0.6466545678694895,Riverside County,0.3039380382935473,0.0,115,0.0,'AddedNode',' ',33.94718636,-116.9209836
8602,8603,-3.1563236668183916,1.3572191767319084,,0.430000022695738,0.0,500,0.0,'Substation',' ',32.74652429,-114.4904054
8603,8604,-2.1457873215510657,0.9226885482669582,,0.4300000161880522,0.0,115,0.0,'Substation',' ',32.74652769,-114.490333
8604,8605,-1.9894903130603245,0.45379468313122506,Merced County,0.2440255232069255,0.0,66,0.0,'AddedNode',' ',37.26469741,-120.4344023
8605,8606,-1.9894903130603245,0.45379468313122506,Merced County,0.2440255232069255,0.0,115,0.0,'AddedNode',' ',37.26467402,-120.4343566
8606,8607,-2.4941939252388567,1.0219838490092221,Los Angeles County,0.39896276046013646,0.0,230,0.0,'Substation',' ',34.03829757,-118.3707365
8607,8608,73.25692911182605,1.3218439776989281,Los Angeles County,0.3169606033470866,76.3581579,115,0.012873114999765685,'Substation',' ',34.03820636,-118.3707952
8608,8609,-2.080763125060177,0.5911283896663051,Contra Costa County,0.2939071793792156,0.0,230,0.0,'Substation',' ',37.91908243,-121.6767862
8609,8610,-2.080763125060177,0.5911283896663051,Contra Costa County,0.2939071793792156,0.0,66,0.0,'Substation',' ',37.91909304,-121.6767672
8610,8611,-2.646619929672338,0.8113378990831447,San Joaquin County,0.2830518535200185,0.0,66,0.0,'AddedNode',' ',37.75415216,-121.4166076
8611,8612,-2.646619929672338,0.8113378990831447,San Joaquin County,0.2830518535200185,0.0,115,0.0,'AddedNode',' ',37.75412451,-121.4166145
8612,8613,-1.9026542716039556,0.8181413367897009,Riverside County,0.4299998650999694,0.0,66,0.0,'AddedNode',' ',33.82608162,-115.4528065
8613,8614,-1.9026542716039556,0.8181413367897009,Riverside County,0.4299998650999694,0.0,115,0.0,'AddedNode',' ',33.82602919,-115.4528295
8614,8615,-0.7369234665937414,0.32162269511437647,Shasta County,0.4305680405913425,0.0,66,0.0,'Substation',' ',40.65478853,-122.3893884
8615,8616,-0.736908618746709,0.32161621492369774,Shasta County,0.4305593653235657,0.0,115,0.0,'Substation',' ',40.65483902,-122.3894407
8616,8617,-2.2608899737113988,0.0,San Luis Obispo County,0.0,0.0,230,0.0,'Substation',' ',35.00890637,-120.4531634
8617,8618,5.537993892273228,0.0,San Luis Obispo County,0.0,7.78119626,115,0.0,'Substation',' ',35.00881883,-120.4532025
8618,8619,-1.1283110382497556,0.4851737464473949,Nevada County,0.4300000007969354,0.0,66,0.0,'AddedNode',' ',39.40001747,-120.1494273
8619,8620,-1.1283110382497556,0.4851737464473949,Nevada County,0.4300000007969354,0.0,115,0.0,'AddedNode',' ',39.40006564,-120.1494121
8620,8621,1.3977555283460812,0.9213699418289599,Los Angeles County,0.3151392011278093,3.5808972,66,0.19212881128054896,'Substation',' ',33.92646362,-118.3096525
8621,8622,-3.66375844574639,1.5537011397169471,Los Angeles County,0.37919547934498354,0.0,115,0.0,'Substation',' ',33.92648364,-118.3096682
8622,8623,-2.2735925815795666,0.5854051531995464,Amador County,0.25415224269924236,0.0,230,0.0,'Substation',' ',38.44917123,-120.4923149
8623,8624,-2.2735925815795666,0.5854051531995464,Amador County,0.25415224269924236,0.0,66,0.0,'Substation',' ',38.44916405,-120.4922447
8624,8625,-2.2735925815795666,0.5854051531995464,Amador County,0.25415224269924236,0.0,115,0.0,'Substation',' ',38.44916049,-120.4922426
8625,8626,-1.0440089594100739,0.4593639421404325,Sacramento County,0.43999281011835645,0.0,66,0.0,'AddedNode',' ',38.56815381,-121.4843568
8626,8627,-1.0440089594100739,0.4593639421404325,Sacramento County,0.43999281011835645,0.0,115,0.0,'AddedNode',' ',38.56807614,-121.4843472
8627,8628,-2.3778642067488027,0.9776401110934375,Ventura County,0.40654397313802004,0.0,230,0.0,'Substation',' ',34.28094947,-118.9029903
8628,8629,9.816165408599296,0.963805853262996,Ventura County,0.4000668520509542,12.1606145,66,0.07712902730288829,'Substation',' ',34.28089975,-118.9029754
8629,8630,-2.093560886688162,0.8051581045373131,San Bernardino County,0.3762620009002798,0.0,230,0.0,'AddedNode',' ',34.03137017,-117.239727
8630,8631,-2.093560886688162,0.8051581045373131,San Bernardino County,0.3762620009002798,0.0,115,0.0,'AddedNode',' ',34.03133197,-117.2397932
8631,8632,-1.3703435422234969,0.5892477231561037,Butte County,0.42999962004464487,0.0,230,0.0,'Substation',' ',39.45432184,-121.5176791
8632,8633,-1.3703481556932768,0.5892497069481091,Butte County,0.4300010677037109,0.0,115,0.0,'Substation',' ',39.4543164,-121.517684
8633,8634,-2.646594003930287,0.8113299513847042,San Joaquin County,0.2830490808025387,0.0,66,0.0,'AddedNode',' ',37.74211042,-121.4120701
8634,8635,-2.646594003930287,0.8113299513847042,San Joaquin County,0.2830490808025387,0.0,115,0.0,'AddedNode',' ',37.74220826,-121.4120712
8635,8636,-1.932124028699597,0.5488811899801618,Contra Costa County,0.26337734442659017,0.0,66,0.0,'AddedNode',' ',38.02679482,-121.8506526
8636,8637,-2.1611203555888974,0.7183683913566775,Contra Costa County,0.3036722788164621,0.0,115,0.0,'AddedNode',' ',38.02681968,-121.850652
8637,8638,6.340814865495615,0.6026978752599935,Contra Costa County,0.28197356827148395,8.44594461,66,0.0702811790915047,'Substation',' ',37.9162045,-122.3022292
8638,8639,-2.150912143324607,0.6158053592833829,Contra Costa County,0.2881059344085675,0.0,115,0.0,'Substation',' ',37.91622278,-122.3022692
8639,8640,-3.03560740216976,1.3054776231096779,San Diego County,0.43004993348401527,0.0,230,0.0,'Substation',' ',32.81590355,-117.0885222
8640,8641,11.702063091526458,1.215514972148779,San Diego County,0.4004144718131952,14.5284817,66,0.07789794815482472,'Substation',' ',32.81597238,-117.0885274
8641,8642,-1.918299782863676,0.5959694025907072,San Joaquin County,0.32742274114644554,0.0,66,0.0,'AddedNode',' ',37.78021507,-121.5178652
8642,8643,-1.918299782863676,0.5959694025907072,San Joaquin County,0.32742274114644554,0.0,115,0.0,'AddedNode',' ',37.78029679,-121.5178569
8643,8644,-2.390435788629262,0.963533915052794,Los Angeles County,0.3976739512990669,0.0,230,0.0,'AddedNode',' ',34.43134772,-118.1349461
8644,8645,-2.390435788629262,0.963533915052794,Los Angeles County,0.3976739512990669,0.0,500,0.0,'AddedNode',' ',34.43136586,-118.1349516
8645,8646,-2.78491182822791,0.8890181759861162,San Mateo County,0.2891829635240313,0.0,230,0.0,'Substation',' ',37.58304641,-122.3187042
8646,8647,1.7411152837938602,0.8548883765392626,San Mateo County,0.27808110215030374,4.41911312,66,0.16851810977138598,'Substation',' ',37.58310442,-122.3186317
8647,8648,-2.7849143277314297,0.8890189738943435,San Mateo County,0.28918322307042976,0.0,115,0.0,'Substation',' ',37.58302613,-122.3187099
8648,8649,-1.8513377221575655,0.4992066776808343,San Mateo County,0.21096742352486647,0.0,66,0.0,'AddedNode',' ',37.53066006,-122.2667149
8649,8650,-1.8513377221575655,0.4992066776808343,San Mateo County,0.21096742352486647,0.0,115,0.0,'AddedNode',' ',37.53065826,-122.2667759
8650,8651,-2.2039583877933517,0.5820014763507227,Sacramento County,0.26337658118178153,0.0,230,0.0,'Substation',' ',38.65715308,-121.1324092
8651,8652,-2.2039583877933517,0.5820014763507227,Sacramento County,0.26337658118178153,0.0,115,0.0,'Substation',' ',38.65711911,-121.1323839
8652,8653,3.8852260151223237,0.6445712892924819,Alameda County,0.2520668704440545,6.01730521,66,0.08931349024785387,'Substation',' ',37.45755591,-121.9212843
8653,8654,-2.405121926223937,0.7271177096124352,Alameda County,0.2843475788498684,0.0,115,0.0,'Substation',' ',37.45752676,-121.9213194
8654,8655,-2.0732088191239275,0.8614387173163979,San Bernardino County,0.4075021874792221,0.0,66,0.0,'AddedNode',' ',34.04431612,-117.3582462
8655,8656,-2.0732088191239275,0.8614387173163979,San Bernardino County,0.4075021874792221,0.0,115,0.0,'AddedNode',' ',34.04436252,-117.3582784
8656,8657,-4.508471406338973,1.9348712767489817,Los Angeles County,0.42642623353256,0.0,230,0.0,'Substation',' ',34.15782472,-118.2801985
8657,8658,-4.508471406338973,1.9348712767489817,Los Angeles County,0.42642623353256,0.0,66,0.0,'Substation',' ',34.15776976,-118.280179
8658,8659,-1.7459030034876455,0.6974005785945712,Napa County,0.40660476908549203,0.0,230,0.0,'Substation',' ',38.24787405,-122.2679095
8659,8660,2.2184047525135955,0.6869382633358087,Napa County,0.4005049357752564,3.93811594,66,0.17489399225159238,'Substation',' ',38.24781104,-122.2679742
8660,8661,1.6215120707588202,0.4190260462194087,Yolo County,0.3424938630153383,2.65211713,66,0.13309212628277217,'Substation',' ',38.58951476,-121.5448685
8661,8662,-1.2090461887796926,0.4754309810665423,Yolo County,0.4044258470684752,0.0,115,0.0,'Substation',' ',38.58953223,-121.5449386
8662,8663,-2.082259882146468,0.8953717493229812,San Bernardino County,0.43000014804949654,0.0,230,0.0,'Substation',' ',34.29373966,-114.1724425
8663,8664,-2.082259882146468,0.8953717493229812,San Bernardino County,0.43000014804949654,0.0,66,0.0,'Substation',' ',34.29381921,-114.1724881
8664,8665,-2.031475981779501,0.660049743641512,San Bernardino County,0.3102339861597464,0.0,66,0.0,'AddedNode',' ',34.07383821,-117.1736043
8665,8666,-2.031475981779501,0.660049743641512,San Bernardino County,0.3102339861597464,0.0,115,0.0,'AddedNode',' ',34.07381755,-117.1736339
8666,8667,1.4794750629943332,0.03328158928621535,Imperial County,0.035900332596765575,2.35530636,66,0.013349700656843645,'Substation',' ',32.7810311,-115.5778831
8667,8668,-0.8758312970056669,0.03328158928621535,Imperial County,0.035900332596765575,0.0,115,0.0,'Substation',' ',32.78108706,-115.5777981
8668,8669,-1.9640574093251335,0.4897234888855845,Kern County,0.2722373755756156,0.0,66,0.0,'Substation',' ',35.59266833,-118.9590675
8669,8670,-1.9640574093251335,0.4897234888855845,Kern County,0.2722373755756156,0.0,115,0.0,'Substation',' ',35.5926818,-118.9590414
8670,8671,-1.2224143120427011,0.5256381541783615,Yuba County,0.43000091411191704,0.0,230,0.0,'Substation',' ',39.33097077,-121.1914929
8671,8672,-1.2224143120427011,0.5256381541783615,Yuba County,0.43000091411191704,0.0,66,0.0,'Substation',' ',39.330918,-121.1914985
8672,8673,-2.2735925815795657,0.5854051531995462,San Joaquin County,0.2541522426992423,0.0,230,0.0,'Substation',' ',38.1176994,-121.1605966
8673,8674,-2.2735925815795666,0.5854051531995463,San Joaquin County,0.25415224269924236,0.0,66,0.0,'Substation',' ',38.11776038,-121.160554
8674,8675,-2.2735925815795657,0.5854051531995462,San Joaquin County,0.2541522426992423,0.0,115,0.0,'Substation',' ',38.11769914,-121.1605893
8675,8676,-2.9172798633847448,1.2545902936180355,San Diego County,0.4132866490924135,0.0,66,0.0,'AddedNode',' ',33.01838893,-116.8578192
8676,8677,-2.995794595359152,1.288355933273473,San Diego County,0.42440971304296743,0.0,115,0.0,'AddedNode',' ',33.01835669,-116.8578155
8677,8678,-1.998928979656166,0.8628547248344428,San Bernardino County,0.41091456727473774,0.0,66,0.0,'AddedNode',' ',34.06285796,-117.2872865
8678,8679,-1.9989289796561656,0.8628547248344426,San Bernardino County,0.41091456727473774,0.0,115,0.0,'AddedNode',' ',34.06291999,-117.2873557
8679,8680,0.0,0.0,Kern County,0.0,0.0,230,0.0,'Substation',' ',35.04377294,-118.2764293
8680,8681,0.0,0.0,Kern County,0.0,0.0,66,0.0,'Substation',' ',35.04376668,-118.2764183
8681,8682,-2.259544475444671,0.20503188673836267,Stanislaus County,0.09021293935037365,0.0,66,0.0,'AddedNode',' ',37.52888534,-121.2615306
8682,8683,-2.259544475444671,0.20503188673836267,Stanislaus County,0.09021293935037365,0.0,115,0.0,'AddedNode',' ',37.52880854,-121.2615395
8683,8684,-1.139299259611719,0.4920991608936631,Sacramento County,0.43144894740845674,0.0,230,0.0,'Substation',' ',38.70751704,-121.161118
8684,8685,-1.139258212657561,0.49208143142396665,Sacramento County,0.43143340305958056,0.0,115,0.0,'Substation',' ',38.70745141,-121.1610947
8685,8686,-2.5036979277301836,0.7603425387034864,Santa Clara County,0.27990221727591824,0.0,66,0.0,'AddedNode',' ',37.37898832,-122.0156189
8686,8687,-2.5036979277301836,0.7603425387034864,Santa Clara County,0.27990221727591824,0.0,115,0.0,'AddedNode',' ',37.37896956,-122.0155532
8687,8688,-4.508476823305778,1.9348736015133048,Los Angeles County,0.42642674588731255,0.0,230,0.0,'Substation',' ',34.06713747,-118.2261373
8688,8689,20.501201862021315,1.7329673830115893,Los Angeles County,0.38192863931189586,24.5392141,66,0.06284767365781214,'Substation',' ',34.06705972,-118.2261318
8689,8690,-1.8349772373475624,0.7202308081078214,Kern County,0.4009771571467083,0.0,66,0.0,'Substation',' ',35.57824487,-119.5442403
8690,8691,-1.8349772373475624,0.7202308081078214,Kern County,0.4009771571467083,0.0,115,0.0,'Substation',' ',35.57817465,-119.5442801
8691,8692,4.163697450236972,0.37558117411043107,Santa Cruz County,0.16318270166156962,6.32093305,66,0.05569170413691494,'Substation',' ',36.95191401,-121.7602529
8692,8693,-2.2695534192868623,0.39513604263518515,Santa Cruz County,0.1716789109938508,0.0,115,0.0,'Substation',' ',36.95196933,-121.7603222
8693,8694,-1.0440248106820937,0.45937091670012126,Sacramento County,0.43999949056458926,0.0,230,0.0,'Substation',' ',38.50839452,-121.4376099
8694,8695,0.7103104747065427,0.4556855623291212,Sacramento County,0.4364695456184913,1.74595948,66,0.2589001955306991,'Substation',' ',38.50837589,-121.4376332
8695,8696,-1.5856275418190107,0.46430655767953266,Riverside County,0.24273583364008536,0.0,66,0.0,'AddedNode',' ',33.9222966,-116.6496628
8696,8697,-1.5856275418190107,0.46430655767953266,Riverside County,0.24273583364008536,0.0,115,0.0,'AddedNode',' ',33.92231544,-116.6495975
8697,8698,-3.1503726682382154,0.9797051214440738,Santa Clara County,0.19719524113072445,0.0,66,0.0,'AddedNode',' ',37.30306088,-121.8413514
8698,8699,-3.1503726682382154,0.9797051214440738,Santa Clara County,0.19719524113072445,0.0,115,0.0,'AddedNode',' ',37.30301927,-121.8412998
8699,8700,-2.2595554429891234,0.2050328819373314,Stanislaus County,0.09021337723262522,0.0,66,0.0,'AddedNode',' ',37.38598682,-121.1421332
8700,8701,-2.2595554429891234,0.2050328819373314,Stanislaus County,0.09021337723262522,0.0,115,0.0,'AddedNode',' ',37.38595919,-121.1421796
8701,8702,-1.3703467684377746,0.589249110428243,Shasta County,0.43000063239729275,0.0,230,0.0,'Substation',' ',40.80747176,-121.9358253
8702,8703,-1.3703446012306,0.5892481785291581,Shasta County,0.42999995235011274,0.0,500,0.0,'Substation',' ',40.80750267,-121.9358596
8703,8704,-1.642238635260627,0.575185944431194,Solano County,0.37149433908983726,0.0,230,0.0,'Substation',' ',38.4011652,-121.9207885
8704,8705,-1.386144805285697,0.5897494015895717,Solano County,0.42717280698808385,0.0,66,0.0,'Substation',' ',38.40115074,-121.9207975
8705,8706,-1.3861448052856968,0.5897494015895716,Solano County,0.4271728069880838,0.0,115,0.0,'Substation',' ',38.40111887,-121.92076
8706,8707,-2.0899496846277095,0.906882647079908,San Bernardino County,0.4314450478402032,0.0,66,0.0,'AddedNode',' ',34.04283481,-117.3615151
8707,8708,-2.0732088191239275,0.8614387173163979,San Bernardino County,0.4075021874792221,0.0,115,0.0,'AddedNode',' ',34.04281488,-117.3615939
8708,8709,-0.7733686606171282,0.029388009103450873,Imperial County,0.03761091062158031,0.0,66,0.0,'AddedNode',' ',33.00100172,-115.5185042
8709,8710,-0.7733686606171282,0.029388009103450873,Imperial County,0.03761091062158031,0.0,115,0.0,'AddedNode',' ',33.00099203,-115.5185002
8710,8711,2.9417281756401983,0.5375687963183128,Monterey County,0.4269730327739412,4.16347544,66,0.12529271332677072,'Substation',' ',36.42965585,-121.3324869
8711,8712,-1.2217472643598017,0.5375687963183128,Monterey County,0.4269730327739412,0.0,115,0.0,'Substation',' ',36.42967611,-121.3325053
8712,8713,-3.0356174042460964,1.3054819245509093,San Diego County,0.43005135046312143,0.0,230,0.0,'AddedNode',' ',32.87500462,-117.0189677
8713,8714,-2.817521702922215,1.2116888149507576,San Diego County,0.3991540605894555,0.0,66,0.0,'AddedNode',' ',32.87494324,-117.0189231
8714,8715,0.40311531910556475,0.6392304036144969,Contra Costa County,0.4200684256295895,1.88696754,66,0.3303286638932301,'Substation',' ',38.00283792,-122.2083731
8715,8716,-1.5005748497880211,0.6464343641347021,Contra Costa County,0.42480248761554806,0.0,115,0.0,'Substation',' ',38.0028542,-122.208412
8716,8717,-2.6029510798195576,0.807896795617939,San Francisco County,0.27498761007445266,0.0,66,0.0,'AddedNode',' ',37.73983241,-122.3914091
8717,8718,-2.6029510798195576,0.807896795617939,San Francisco County,0.27498761007445266,0.0,115,0.0,'AddedNode',' ',37.73985696,-122.3914009
8718,8719,-1.8885061160297287,0.09670149254523842,San Bernardino County,0.049448898653463316,0.0,66,0.0,'Substation',' ',35.70007801,-117.3987748
8719,8720,-1.8885061160297283,0.09670149254523841,San Bernardino County,0.04944889865346331,0.0,115,0.0,'Substation',' ',35.70010308,-117.3987834
8720,8721,-2.378557819690011,0.5114674166739811,Santa Clara County,0.1960108050186775,0.0,230,0.0,'Substation',' ',37.32640152,-122.0753827
8721,8722,-0.2571798679857906,0.498495722343385,Santa Clara County,0.19103963351232714,2.06105363,66,0.21487770691886635,'Substation',' ',37.32638893,-122.0754593
8722,8723,-2.378557819690011,0.5114674166739811,Santa Clara County,0.1960108050186775,0.0,115,0.0,'Substation',' ',37.32641515,-122.0753798
8723,8724,-2.0822586821861844,0.8953712333400592,San Bernardino County,0.42999990024992835,0.0,230,0.0,'Substation',' ',34.29329752,-114.1422911
8724,8725,-2.082259882146468,0.8953717493229814,San Bernardino County,0.4300001480494966,0.0,66,0.0,'Substation',' ',34.29328846,-114.1422158
8725,8726,-2.082259882146468,0.8953717493229814,San Bernardino County,0.4300001480494966,0.0,115,0.0,'Substation',' ',34.29328317,-114.1423012
8726,8727,-2.973750955056932,1.2788759593065306,San Diego County,0.4212868236868078,0.0,230,0.0,'Substation',' ',32.61511768,-117.0949415
8727,8728,10.581657072733192,1.530509409000138,San Diego County,0.38363015455966243,14.1398373,66,0.09653754859948073,'Substation',' ',32.61518937,-117.0948944
8728,8729,-3.0130349881147476,1.295770247436749,San Diego County,0.4268521335458569,0.0,115,0.0,'Substation',' ',32.61517797,-117.0949084
8729,8730,-4.03831110621744,1.7200753850317951,Los Angeles County,0.4058878444848672,0.0,230,0.0,'Substation',' ',33.93170701,-118.4258922
8730,8731,-2.9866921290891364,1.2831539733728594,Los Angeles County,0.42001699361996064,0.0,66,0.0,'Substation',' ',33.9317079,-118.4259472
8731,8732,-2.9866921290891364,1.2831539733728594,Los Angeles County,0.42001699361996064,0.0,115,0.0,'Substation',' ',33.93164154,-118.4258892
8732,8733,-1.8833936532939557,0.7659754301156797,Riverside County,0.36128903273290813,0.0,66,0.0,'AddedNode',' ',33.85814121,-117.4411663
8733,8734,-1.8833936532939557,0.7659754301156797,Riverside County,0.36128903273290813,0.0,115,0.0,'AddedNode',' ',33.85811443,-117.4412144
8734,8735,-2.0466582691772897,0.7094411756064352,San Bernardino County,0.33330401998626746,0.0,230,0.0,'AddedNode',' ',33.99909952,-117.6759968
8735,8736,-2.0456565380105207,0.7090939416068482,San Bernardino County,0.33314088526570473,0.0,66,0.0,'AddedNode',' ',33.99905138,-117.6759708
8736,8737,-2.047529385692575,0.7101569103886234,Los Angeles County,0.33350012092485437,0.0,230,0.0,'AddedNode',' ',34.0346367,-118.077301
8737,8738,-2.0475293856925743,0.7101569103886232,Los Angeles County,0.3335001209248543,0.0,500,0.0,'AddedNode',' ',34.03461378,-118.0773077
8738,8739,-2.2695534192868623,0.39513604263518515,Santa Clara County,0.1716789109938508,0.0,230,0.0,'Substation',' ',37.22439742,-121.7419328
8739,8740,-3.6091949073675607,1.1230867645215636,Santa Clara County,0.22143889131816563,0.0,115,0.0,'Substation',' ',37.22442234,-121.7419435
8740,8741,-1.4014878286609995,0.5891152302397885,Sutter County,0.42393635194171597,0.0,230,0.0,'Substation',' ',38.935181,-121.4668864
8741,8742,-1.1538713737889836,0.49474027892348427,Sutter County,0.4293611459479999,0.0,66,0.0,'Substation',' ',38.93519013,-121.4668926
8742,8743,-1.1538713737889836,0.49474027892348427,Sutter County,0.4293611459479999,0.0,115,0.0,'Substation',' ',38.93513981,-121.4668323
8743,8744,9.022012435302884,0.36257812529500505,Monterey County,0.15821983160548725,11.0979372,66,0.02959581233673214,'Substation',' ',36.59820852,-121.8530391
8744,8745,-2.2654977830952427,0.3956886843991719,Monterey County,0.17266843376967575,0.0,115,0.0,'Substation',' ',36.59819644,-121.8530802
8745,8746,-2.3904345689239537,0.9635334234154799,Los Angeles County,0.39767374838835434,0.0,230,0.0,'AddedNode',' ',34.43220188,-118.1345316
8746,8747,-2.3904345689239537,0.9635334234154799,Los Angeles County,0.39767374838835434,0.0,500,0.0,'AddedNode',' ',34.4321889,-118.1345028
8747,8748,-1.9622915468467093,0.7980631712225887,Riverside County,0.37642391629614225,0.0,66,0.0,'AddedNode',' ',33.92471912,-117.2174957
8748,8749,-1.9622915468467093,0.7980631712225887,Riverside County,0.37642391629614225,0.0,115,0.0,'AddedNode',' ',33.92464882,-117.2175629
8749,8750,-2.093560886688162,0.8051581045373131,San Bernardino County,0.3762620009002798,0.0,230,0.0,'AddedNode',' ',34.03202691,-117.2410764
8750,8751,-2.093560886688162,0.8051581045373131,San Bernardino County,0.3762620009002798,0.0,115,0.0,'AddedNode',' ',34.03208436,-117.2410922
8751,8752,-3.095796646596289,1.362150524502367,San Diego County,0.4400000041873548,0.0,230,0.0,'Substation',' ',33.12096162,-117.1172519
8752,8753,2.171235118651521,1.309654333393331,San Diego County,0.42304275615029613,5.14772224,66,0.24460941300926164,'Substation',' ',33.12091339,-117.1173133
8753,8754,-1.386145275231881,0.5897496015329541,Solano County,0.4271729518129462,0.0,500,0.0,'Substation',' ',38.40522235,-121.9181383
8754,8755,-1.3861448052856968,0.5897494015895716,Solano County,0.42717280698808374,0.0,66,0.0,'Substation',' ',38.40519523,-121.9181347
8755,8756,-1.3861448052856968,0.5897494015895716,Solano County,0.4271728069880838,0.0,115,0.0,'Substation',' ',38.40516442,-121.9180629
8756,8757,-3.0356070668126223,1.3054774788877208,San Diego County,0.43004988597447413,0.0,230,0.0,'Substation',' ',32.6782604,-116.9829554
8757,8758,-2.993092782398979,1.2870298964315607,San Diego County,0.43000000677637545,0.0,500,0.0,'Substation',' ',32.67831021,-116.9829426
8758,8759,1.2206396750918178,1.2916033674069598,San Diego County,0.42547948153871,4.22398548,66,0.3025251914345579,'Substation',' ',32.67830054,-116.9829894
8759,8760,-3.0356117773575804,1.305479504680329,San Diego County,0.4300505533102912,0.0,115,0.0,'Substation',' ',32.67825697,-116.982985
8760,8761,-2.2118037822091434,0.9630388442685562,Los Angeles County,0.3974696235095986,0.177403783,230,5.3529717087823485,'Substation',' ',34.48592872,-118.1185145
8761,8762,-2.390435788629262,0.963533915052794,Los Angeles County,0.3976739512990669,0.0,500,0.0,'Substation',' ',34.48598213,-118.118475
8762,8763,-0.8321661558180096,0.3614872594548694,Shasta County,0.4330137667179104,0.0,66,0.0,'Substation',' ',40.65224465,-122.3341835
8763,8764,-0.7923328009399362,0.34070310440417256,Shasta County,0.42999963674543273,0.0,115,0.0,'Substation',' ',40.65224065,-122.3342342
8764,8765,-2.2394461278628297,0.05431047192284265,Fresno County,0.028016082063305286,0.0,66,0.0,'Substation',' ',36.88672556,-120.6549209
8765,8766,-2.2394461278628293,0.05431047192284265,Fresno County,0.028016082063305286,0.0,115,0.0,'Substation',' ',36.88678244,-120.6549626
8766,8767,-1.902654919237561,0.8181416152721512,Riverside County,0.4300000114651641,0.0,66,0.0,'Substation',' ',33.61126719,-114.6805
8767,8768,-1.9026542716039558,0.818141336789701,Riverside County,0.42999986509996946,0.0,115,0.0,'Substation',' ',33.61123182,-114.6804928
8768,8769,-2.1782269702088612,0.9366375971898103,Inyo County,0.43000058194882407,0.0,66,0.0,'Substation',' ',37.33627258,-118.4808665
8769,8770,-2.1782269702088612,0.9366375971898103,Inyo County,0.43000058194882407,0.0,115,0.0,'Substation',' ',37.33631044,-118.4808509
8770,8771,-0.7923338938142725,0.3407035743401372,Shasta County,0.43000022984919806,0.0,66,0.0,'Substation',' ',40.94012133,-122.4309918
8771,8772,-0.7923338938142725,0.3407035743401372,Shasta County,0.43000022984919806,0.0,115,0.0,'Substation',' ',40.94011893,-122.4310412
8772,8773,-2.530511463466287,1.1050385938868375,Los Angeles County,0.4372694000975992,0.0,66,0.0,'Substation',' ',33.77298576,-118.2399988
8773,8774,-2.989704785532058,1.2868369365226102,Los Angeles County,0.41373571841721474,0.0,115,0.0,'Substation',' ',33.77298297,-118.2400074
8774,8775,-1.1872221785916328,0.5125244839474056,Sacramento County,0.4308540460400593,0.0,230,0.0,'Substation',' ',38.58812471,-121.4742515
8775,8776,7.9288652859997475,0.40696769476277556,Sacramento County,0.36594232181561515,8.86852526,66,0.038773228075899176,'Substation',' ',38.58809802,-121.4742531
8776,8777,-1.1872221785916328,0.5125244839474056,Sacramento County,0.4308540460400593,0.0,115,0.0,'Substation',' ',38.58810274,-121.4743057
8777,8778,-2.2986603794259075,0.6115765720988493,San Mateo County,0.26086316621168537,0.0,230,0.0,'Substation',' ',37.49291926,-122.1379289
8778,8779,-2.3087726663276964,0.6225523946730654,San Mateo County,0.2630939860892305,0.0,115,0.0,'Substation',' ',37.49299496,-122.1379112
8779,8780,-1.9182438065114684,0.5959520120902846,Alameda County,0.3274131868886372,0.0,230,0.0,'Substation',' ',37.69333978,-121.6950855
8780,8781,-1.9182467867058035,0.5959529379646726,Alameda County,0.3274136955596004,0.0,115,0.0,'Substation',' ',37.69328365,-121.6950968
8781,8782,-4.508473908407019,1.934872350545211,Los Angeles County,0.4264264701864848,0.0,230,0.0,'Substation',' ',34.10944715,-118.2544033
8782,8783,15.021883070961676,1.6616967151016546,Los Angeles County,0.3662212985479934,18.8938265,66,0.07505034252785084,'Substation',' ',34.10942599,-118.2544145
8783,8784,-2.0314803010269715,0.6600511470143361,San Bernardino County,0.3102346457675251,0.0,66,0.0,'AddedNode',' ',34.02654529,-117.103149
8784,8785,-2.0314803010269715,0.6600511470143361,San Bernardino County,0.3102346457675251,0.0,115,0.0,'AddedNode',' ',34.02656243,-117.1031391
8785,8786,-1.4014878286609993,0.5891152302397884,Plumas County,0.42393635194171597,0.0,230,0.0,'AddedNode',' ',39.90869477,-121.3453991
8786,8787,-1.4014878286609993,0.5891152302397884,Plumas County,0.42393635194171597,0.0,115,0.0,'AddedNode',' ',39.9086994,-121.3454178
8787,8788,-2.2595467511676652,0.20503209323829402,Stanislaus County,0.09021303020924482,0.0,230,0.0,'Substation',' ',37.51696477,-121.2311782
8788,8789,-2.2595467511676652,0.20503209323829402,Stanislaus County,0.09021303020924482,0.0,115,0.0,'Substation',' ',37.51692296,-121.2311406
8789,8790,-3.049857805133012,1.3195008116593638,San Diego County,0.43212253562530817,0.0,230,0.0,'Substation',' ',33.1414468,-117.2388142
8790,8791,31.841277356339564,1.184565542623098,San Diego County,0.38793266466349563,34.5792495,66,0.030716364433086306,'Substation',' ',33.14148562,-117.2388064
8791,8792,-2.3904351667904096,0.9635336644027548,Los Angeles County,0.3976738478496814,0.0,230,0.0,'Substation',' ',34.1513409,-118.0878857
8792,8793,4.899242768307452,0.9198236595600511,Los Angeles County,0.37963366258422865,7.18123758,66,0.12063687333974112,'Substation',' ',34.15138288,-118.0878953
8793,8794,-0.8892109313606312,0.39125280979867777,Humboldt County,0.4373258809218622,0.0,66,0.0,'AddedNode',' ',40.76101187,-124.0394545
8794,8795,-0.8892109313606313,0.3912528097986778,Humboldt County,0.43732588092186225,0.0,115,0.0,'AddedNode',' ',40.76099379,-124.0394013
8795,8796,-2.2595493577404886,0.20503232975965918,Stanislaus County,0.09021313427738717,0.0,230,0.0,'Substation',' ',37.66795895,-120.9171077
8796,8797,-0.4822310903105431,0.15950865826416022,Stanislaus County,0.07018296101526221,1.27562674,66,0.09671455113512144,'Substation',' ',37.66792123,-120.9170827
8797,8798,-2.259542980111358,0.20503175105127447,Stanislaus County,0.09021287964877674,0.0,115,0.0,'Substation',' ',37.66790077,-120.917063
8798,8799,-2.098260382611659,0.92323456834913,San Bernardino County,0.4399999374077756,0.0,66,0.0,'AddedNode',' ',34.0776813,-117.2940314
8799,8800,-2.098260712302915,0.9232347134132827,San Bernardino County,0.44000000654320465,0.0,115,0.0,'AddedNode',' ',34.07771942,-117.2940707
8800,8801,-2.1689094574783456,0.49399090683596525,Santa Clara County,0.19006176535605482,0.0,66,0.0,'AddedNode',' ',37.42862552,-122.0929757
8801,8802,-2.1689094574783456,0.49399090683596525,Santa Clara County,0.19006176535605482,0.0,115,0.0,'AddedNode',' ',37.42862509,-122.0930157
8802,8803,-2.03148341587765,0.6600521590648895,San Bernardino County,0.3102351214475483,0.0,66,0.0,'AddedNode',' ',34.05205405,-117.2786035
8803,8804,-2.0646677627234187,0.8210074210202505,San Bernardino County,0.3896582447906472,0.0,115,0.0,'AddedNode',' ',34.05212353,-117.2785844
8804,8805,-2.380285043346561,0.9561456542093013,Los Angeles County,0.3957812183028118,0.0,230,0.0,'Substation',' ',34.10514835,-117.9808049
8805,8806,-2.37692407408094,0.9535491013189799,Los Angeles County,0.39514522344672487,0.0,500,0.0,'Substation',' ',34.10512387,-117.9808133
8806,8807,-2.358078096980468,0.9406407821391384,Los Angeles County,0.39169264849108626,0.0,66,0.0,'Substation',' ',34.10508699,-117.9808239
8807,8808,-3.0301848057238807,1.3031456093208758,San Diego County,0.4292817224040205,0.0,230,0.0,'Substation',' ',32.76607333,-117.1923717
8808,8809,8.698051128998115,1.2330343706445515,San Diego County,0.39602437136016355,11.5618893,66,0.09809380473382169,'Substation',' ',32.76608849,-117.1924158
8809,8810,-3.0301848057238807,1.3031456093208758,San Diego County,0.4292817224040205,0.0,115,0.0,'Substation',' ',32.76609084,-117.1923431
8810,8811,-3.0302135630176883,1.3031579765339547,San Diego County,0.42928579640656783,0.0,230,0.0,'AddedNode',' ',32.93734009,-117.1727537
8811,8812,-3.0302135630176883,1.3031579765339547,San Diego County,0.42928579640656783,0.0,115,0.0,'AddedNode',' ',32.93732908,-117.1727378
8812,8813,-4.796948940675357,2.110657533897157,Santa Clara County,0.35672994235249983,0.0,66,0.0,'Substation',' ',37.4019383,-121.9665303
8813,8814,-2.9696767096003107,0.9173993387561152,Santa Clara County,0.2588901646312966,0.0,115,0.0,'Substation',' ',37.40201017,-121.9664657
8814,8815,-1.6552934801274712,0.6612066240098475,Napa County,0.38550264356694164,0.0,66,0.0,'AddedNode',' ',38.29608333,-122.2754721
8815,8816,-1.6552846694699017,0.6612031045945796,Napa County,0.3855005916457415,0.0,115,0.0,'AddedNode',' ',38.29611167,-122.2755078
8816,8817,-2.0314803010269715,0.6600511470143361,San Bernardino County,0.3102346457675251,0.0,66,0.0,'AddedNode',' ',34.02700309,-117.1116767
8817,8818,-2.0314803010269715,0.6600511470143361,San Bernardino County,0.3102346457675251,0.0,115,0.0,'AddedNode',' ',34.02698255,-117.1117001
8818,8819,-2.1614265145763656,0.9402767287351316,Los Angeles County,0.4311049458128325,0.0,66,0.0,'AddedNode',' ',33.93133256,-118.426318
8819,8820,-2.1614265145763656,0.9402767287351316,Los Angeles County,0.4311049458128325,0.0,115,0.0,'AddedNode',' ',33.93131752,-118.4262449
8820,8821,-2.1626171922127977,0.7320575303004118,Stanislaus County,0.30157176540752867,0.0,66,0.0,'AddedNode',' ',37.66749552,-120.9585636
8821,8822,-2.1626171922127977,0.7320575303004117,Stanislaus County,0.30157176540752867,0.0,115,0.0,'AddedNode',' ',37.66758354,-120.9586188
8822,8823,8.167865789185573,0.9801763687896596,Orange County,0.3219490538032626,10.4398277,66,0.07006399037253819,'Substation',' ',33.40941449,-117.5906247
8823,8824,-3.0271109194832695,1.3070597823337275,Orange County,0.42901351744562716,0.0,115,0.0,'Substation',' ',33.40950895,-117.5906592
8824,8825,-1.5217851900409851,0.5507066672434515,Sacramento County,0.38351329987187666,0.0,230,0.0,'AddedNode',' ',38.54753093,-121.3886384
8825,8826,-1.5217851900409851,0.5507066672434515,Sacramento County,0.38351329987187666,0.0,115,0.0,'AddedNode',' ',38.54750378,-121.3886124
8826,8827,-2.07955565517751,0.8932187151297538,San Bernardino County,0.42529079540843645,0.0,66,0.0,'AddedNode',' ',34.06294773,-117.2784771
8827,8828,-2.07955565517751,0.8932187151297538,San Bernardino County,0.42529079540843645,0.0,115,0.0,'AddedNode',' ',34.06292437,-117.2785037
8828,8829,-2.259535777686432,0.20503109750061954,San Joaquin County,0.0902125920899656,0.0,66,0.0,'Substation',' ',37.9198224,-121.2403159
8829,8830,-2.2595405623144096,0.2050315316595008,San Joaquin County,0.09021278311756352,0.0,115,0.0,'Substation',' ',37.91982164,-121.2402435
8830,8831,-0.10243049680095817,1.1513658232109008,Los Angeles County,0.3937881542323806,2.72535148,230,0.4085884163520963,'Substation',' ',34.31207749,-118.4901154
8831,8832,-2.832033958627498,1.1530970693239873,Los Angeles County,0.39438027204381,0.0,500,0.0,'Substation',' ',34.31208957,-118.4901225
8832,8833,-4.181405476769655,1.7810249003240992,Los Angeles County,0.4202701602831561,0.0,230,0.0,'Substation',' ',34.28062227,-118.4783448
8833,8834,-4.664250318114289,2.005627636789144,Los Angeles County,0.42971658017171893,0.0,500,0.0,'Substation',' ',34.28066368,-118.4783664
8834,8835,12.598945428631009,1.5099159850351376,Los Angeles County,0.35629632855180277,16.1438543,66,0.07823646029309661,'Substation',' ',34.28061616,-118.4782958
8835,8836,-3.03021817596567,1.3031599603545116,San Diego County,0.4292864499159681,0.0,66,0.0,'Substation',' ',32.9170824,-117.2190472
8836,8837,-3.0301848057238807,1.3031456093208758,San Diego County,0.4292817224040205,0.0,115,0.0,'Substation',' ',32.9170598,-117.2190911
8837,8838,-3.0957966465962885,1.3621505245023668,San Diego County,0.4400000041873547,0.0,230,0.0,'Substation',' ',33.12586972,-117.1167459
8838,8839,15.631953415255511,1.221079193287575,San Diego County,0.3944313352269983,18.4071334,66,0.05946705133771722,'Substation',' ',33.12591326,-117.1167512
8839,8840,0.0,0.0,Tulare County,0.0,0.0,66,0.0,'AddedNode',' ',36.05079351,-119.4963699
8840,8841,-1.8089108668284326,0.7651901115683429,Tulare County,0.42624187119134166,0.0,115,0.0,'AddedNode',' ',36.05077751,-119.4963473
8841,8842,18.848829767540177,0.0,San Luis Obispo County,0.0,20.8432927,66,0.0,'Substation',' ',35.26170308,-120.6348653
8842,8843,-2.210129827729353,0.0,San Luis Obispo County,0.0,0.0,115,0.0,'Substation',' ',35.26169829,-120.6349069
8843,8844,-1.595956350220734,0.2420590316198794,Sonoma County,0.14369408994037294,0.0,66,0.0,'AddedNode',' ',38.49656642,-122.7504215
8844,8845,-1.595956350220734,0.2420590316198794,Sonoma County,0.14369408994037294,0.0,115,0.0,'AddedNode',' ',38.49649714,-122.7505086
8845,8846,-1.3703467684377746,0.589249110428243,Shasta County,0.43000063239729275,0.0,230,0.0,'Substation',' ',40.79119302,-121.9377536
8846,8847,-1.3703467684377746,0.589249110428243,Shasta County,0.43000063239729275,0.0,66,0.0,'Substation',' ',40.79119112,-121.9377684
8847,8848,-2.4548879535441004,0.7746827793692211,Contra Costa County,0.30268712328930697,0.0,230,0.0,'Substation',' ',37.84780829,-122.1608615
8848,8849,8.15100762343912,0.7306045097596114,Contra Costa County,0.29634023076550997,10.511895,115,0.06655564101253206,'Substation',' ',37.84775964,-122.1608387
8849,8850,-0.7733697075802983,0.029388048888051337,Imperial County,0.037610961538096885,0.0,66,0.0,'Substation',' ',32.81236596,-115.3880192
8850,8851,-0.7733697075802983,0.029388048888051337,Imperial County,0.037610961538096885,0.0,115,0.0,'Substation',' ',32.81244195,-115.388001
8851,8852,-2.203958387793352,0.5820014763507227,El Dorado County,0.26337658118178153,0.0,230,0.0,'Substation',' ',38.79556257,-120.6219014
8852,8853,-2.203958387793352,0.5820014763507227,El Dorado County,0.26337658118178153,0.0,115,0.0,'Substation',' ',38.79562108,-120.621932
8853,8854,-2.2608899737113988,0.0,San Luis Obispo County,0.0,0.0,230,0.0,'AddedNode',' ',35.06663126,-120.4810547
8854,8855,-2.2608899737113988,0.0,San Luis Obispo County,0.0,0.0,115,0.0,'AddedNode',' ',35.06663458,-120.4809847
8855,8856,6.071941861175431,0.7638103126828103,San Bernardino County,0.3640206955993868,7.80787439,66,0.08093308563796224,'Substation',' ',34.07460077,-117.2917341
8856,8857,-2.0982607210143907,0.9232347172463319,San Bernardino County,0.44000000836997927,0.0,115,0.0,'Substation',' ',34.0745972,-117.2917426
8857,8858,-1.7705102168835622,0.6019483478464389,Sacramento County,0.35840522689240073,0.0,66,0.0,'AddedNode',' ',38.47469713,-121.468902
8858,8859,-1.7705102168835622,0.601948347846439,Sacramento County,0.35840522689240073,0.0,115,0.0,'AddedNode',' ',38.47471536,-121.4688531
8859,8860,-2.973750955056932,1.2788759593065306,San Diego County,0.4212868236868078,0.0,230,0.0,'Substation',' ',32.69645166,-117.1434555
8860,8861,-0.9463334066489337,1.274463326508195,San Diego County,0.41983321589773415,2.01715692,66,0.6167946884959492,'Substation',' ',32.69651586,-117.1435039
8861,8862,-2.973750955056932,1.2788759593065306,San Diego County,0.4212868236868078,0.0,115,0.0,'Substation',' ',32.69651413,-117.143455
8862,8863,5.338153155901681,0.7258456547914409,San Bernardino County,0.309172828478486,7.58555675,230,0.09159988499461065,'Substation',' ',34.36666329,-117.3686289
8863,8864,-2.390435685414475,0.9635338734491048,San Bernardino County,0.39767393412820945,0.0,500,0.0,'Substation',' ',34.36659965,-117.3686115
8864,8865,-1.8551575037092902,0.8024231218863631,Tulare County,0.43335980996946205,0.0,230,0.0,'Substation',' ',35.84170572,-119.0850329
8865,8866,-1.8551575037092902,0.8024231218863631,Tulare County,0.43335980996946205,0.0,66,0.0,'Substation',' ',35.84173559,-119.085093
8866,8867,-1.3226838172478528,0.4932484019471406,Placer County,0.37497860693065177,0.0,66,0.0,'Substation',' ',38.90126467,-121.0878419
8867,8868,-1.5669823676273917,0.5434594222651975,Placer County,0.3586982034665441,0.0,115,0.0,'Substation',' ',38.90129874,-121.0878804
8868,8869,-1.9182330593929677,0.5959486732201822,Contra Costa County,0.3274113525293622,0.0,66,0.0,'AddedNode',' ',37.8170139,-121.5610865
8869,8870,-1.9182330593929677,0.5959486732201822,Contra Costa County,0.3274113525293622,0.0,115,0.0,'AddedNode',' ',37.81704783,-121.5610753
